2880,855
2880,855
2880,855
2880,855
2880,856
2879,856
2879,857
2879,857
2879,858
2879,859
2879,859
2879,860
2879,861
2879,862
2879,863
2879,864
2879,866
2878,867
2878,869
2878,870
2878,872
2878,874
2878,875
2878,877
2878,880
2878,882
2878,884
2878,887
2877,889
2877,892
2877,895
2877,898
2876,901
2876,904
2875,907
2875,910
2875,913
2874,916
2874,919
2874,922
2874,924
2874,927
2874,929
2875,932
2875,934
2875,937
2876,939
2877,941
2877,943
2878,945
2878,947
2879,949
2880,951
2881,952
2881,954
2882,956
2883,958
2884,959
2885,961
2886,963
2888,964
2889,966
2890,967
2892,969
2893,971
2895,972
2897,974
2899,975
2901,976
2903,978
2905,979
2907,980
2909,981
2911,982
2914,983
2916,984
2919,985
2921,985
2924,985
2926,986
2929,986
2931,986
2933,985
2936,985
2938,985
2940,984
2942,984
2944,983
2946,982
2947,982
2949,981
2950,981
2951,980
2952,979
2953,979
2954,978
2955,978
2955,977
2956,976
2956,976
2957,975
2957,975
2957,975
2957,974
2957,974
2957,973
2957,973
2957,973
2957,972
2957,972
2957,972
2956,972
2956,971
2956,971
2955,971
2955,970
2955,970
2955,969
2954,969
2954,968
2954,968
2954,967
2953,966
2953,965
2953,965
2953,964
2954,963
2954,962
2954,960
2954,959
2954,958
2955,957
2955,956
2955,955
2955,954
2955,953
2955,952
2955,951
2955,950
2955,950
2955,949
2955,949
2954,949
2954,949
2953,949
2953,949
2952,950
2952,950
2951,951
2950,952
2950,952
2949,953
2948,954
2947,955
2946,956
2945,957
2944,959
2944,960
2943,961
2942,962
2941,963
2940,964
2939,965
2939,966
2938,966
2937,967
2937,967
2936,967
2936,967
2936,967
2935,967
2935,967
2935,967
2935,966
2935,966
2934,966
2934,965
2934,965
2934,965
2934,964
2933,964
2933,964
2933,963
2933,963
2933,963
2933,963
2933,962
2933,962
2933,962
2933,962
2933,962
2933,962
2933,962
2933,961
2934,961
2934,961
2934,961
2935,961
2935,961
2936,961
2937,961
2938,961
2939,960
2940,960
2941,960
2942,959
2943,959
2945,959
2946,958
2948,958
2949,957
2951,957
2953,957
2954,956
2956,956
2958,956
2959,956
2961,955
2963,956
2964,956
2966,956
2967,956
2969,957
2970,957
2971,958
2972,959
2973,960
2974,961
2974,963
2975,964
2975,966
2976,968
2976,970
2976,972
2976,974
2977,976
2977,978
2977,981
2977,983
2977,985
2977,988
2977,990
2977,992
2977,994
2977,996
2978,998
2978,1000
2978,1002
2979,1004
2979,1006
2979,1008
2980,1009
2980,1011
2980,1012
2981,1013
2981,1014
2981,1016
2982,1017
2982,1017
2983,1018
2983,1019
2984,1019
2985,1019
2986,1020
2987,1020
2988,1020
2990,1020
2991,1020
2993,1020
2995,1019
2997,1019
3000,1018
3002,1017
3005,1017
3008,1016
3012,1015
3015,1014
3019,1012
3022,1011
3026,1010
3030,1009
3034,1008
3038,1007
3042,1006
3046,1004
3049,1003
3053,1002
3057,1001
3060,1001
3063,1000
3066,999
3069,999
3071,998
3074,998
3076,997
3078,997
3080,997
3082,996
3083,996
3085,995
3087,995
3089,994
3090,993
3092,992
3094,991
3096,990
3098,989
3101,987
3103,986
3105,985
3107,983
3110,981
3112,980
3115,978
3117,976
3120,974
3123,972
3125,970
3128,968
3131,966
3133,964
3136,962
3138,960
3141,958
3143,955
3145,953
3147,950
3150,948
3152,945
3154,942
3156,940
3158,937
3160,934
3162,931
3164,928
3166,925
3168,922
3169,919
3171,916
3173,914
3174,911
3176,909
3177,907
3179,905
3181,903
3182,901
3183,899
3185,898
3186,897
3187,896
3188,896
3188,896
3189,895
3190,895
3190,896
3191,896
3191,896
3192,897
3192,897
3192,898
3193,898
3193,899
3193,899
3193,900
3193,901
3193,901
3193,902
3193,902
3193,902
3193,902
3193,902
3194,901
3194,901
3195,900
3195,899
3196,897
3197,896
3198,894
3198,893
3199,891
3200,889
3201,887
3201,885
3202,883
3202,881
3202,879
3201,878
3201,877
3199,876
3198,876
3195,876
3192,877
3189,878
3184,880
3179,882
3174,885
3168,889
3161,893
3154,897
3146,903
3138,908
3130,914
3121,921
3112,927
3103,934
3093,942
3084,949
3075,956
3066,963
3057,970
3049,976
3042,982
3035,988
3029,992
3024,996
3020,1000
3017,1002
3015,1003
3014,1004
3014,1004
3014,1003
3016,1001
3019,998
3022,995
3026,991
3031,987
3036,983
3041,978
3047,973
3052,968
3058,964
3063,959
3069,954
3074,950
3079,946
3084,942
3088,938
3093,934
3097,931
3101,927
3105,924
3109,921
3112,919
3116,916
3119,914
3122,911
3126,909
3129,907
3132,905
3134,904
3137,902
3140,900
3143,899
3146,897
3149,896
3152,894
3155,893
3158,891
3161,890
3164,888
3168,887
3171,885
3174,883
3177,882
3181,880
3184,879
3187,877
3189,876
3192,874
3194,873
3196,872
3198,871
3200,870
3201,869
3203,868
3204,868
3205,867
3206,867
3208,866
3209,865
3210,865
3211,864
3212,864
3212,864
3213,864
3213,864
3213,865
3213,866
3213,867
3213,869
3212,870
3211,872
3210,875
3208,877
3207,879
3205,882
3203,885
3201,888
3199,891
3197,894
3195,897
3193,900
3191,903
3189,906
3186,908
3184,911
3182,913
3180,915
3178,918
3177,920
3175,921
3173,923
3171,925
3169,926
3167,928
3165,929
3164,930
3162,932
3160,933
3158,934
3157,935
3155,936
3153,937
3151,938
3150,939
3148,940
3146,941
3144,942
3142,943
3140,944
3138,945
3136,947
3134,948
3131,949
3129,951
3126,952
3124,953
3121,955
3118,956
3115,958
3112,959
3108,961
3105,963
3101,965
3097,968
3092,970
3087,973
3082,977
3077,980
3071,984
3065,988
3059,992
3052,996
3046,1000
3039,1005
3032,1010
3025,1014
3018,1019
3012,1023
3006,1028
3000,1032
2994,1035
2989,1039
2984,1042
2980,1045
2976,1047
2972,1049
2970,1051
2967,1052
2965,1053
2963,1054
2962,1054
2961,1054
2961,1054
2961,1053
2962,1052
2962,1051
2963,1050
2964,1048
2966,1047
2967,1045
2969,1043
2970,1041
2972,1040
2974,1038
2975,1036
2976,1035
2977,1034
2978,1033
2979,1032
2979,1032
2979,1031
2980,1031
2980,1031
2979,1031
2979,1031
2979,1030
2979,1030
2978,1030
2978,1030
2977,1030
2977,1030
2976,1030
2976,1030
2976,1029
2975,1029
2975,1028
2974,1028
2974,1027
2974,1026
2973,1026
2972,1025
2972,1024
2971,1023
2970,1022
2969,1021
2969,1020
2968,1019
2967,1018
2966,1017
2965,1016
2964,1015
2963,1014
2962,1012
2961,1012
2960,1011
2958,1010
2957,1009
2956,1008
2955,1008
2953,1007
2952,1007
2951,1006
2949,1006
2948,1005
2947,1005
2945,1005
2944,1004
2943,1004
2941,1003
2940,1003
2939,1003
2937,1002
2936,1002
2935,1002
2933,1001
2932,1001
2930,1001
2929,1000
2928,1000
2926,999
2925,999
2923,998
2922,997
2920,997
2919,996
2917,995
2916,994
2914,993
2913,993
2911,992
2909,991
2908,990
2906,990
2905,989
2903,988
2902,988
2900,987
2899,987
2897,986
2896,985
2894,985
2893,984
2891,984
2890,983
2889,982
2887,981
2886,980
2885,980
2884,979
2883,978
2882,977
2881,976
2880,975
2879,973
2878,972
2877,971
2876,970
2875,969
2874,968
2872,967
2871,966
2870,965
2869,964
2868,963
2866,962
2865,961
2864,960
2862,960
2861,959
2859,958
2857,958
2856,957
2854,957
2852,956
2850,956
2848,956
2847,956
2845,955
2843,955
2842,955
2840,954
2838,954
2837,954
2835,953
2833,953
2832,953
2830,952
2828,952
2827,951
2825,951
2824,950
2822,949
2821,948
2820,947
2818,946
2817,945
2816,943
2815,942
2814,940
2814,938
2813,936
2813,933
2812,931
2812,928
2812,926
2811,923
2811,920
2811,917
2811,914
2811,911
2811,908
2811,905
2811,902
2811,900
2810,897
2810,894
2810,892
2810,890
2809,887
2809,885
2808,884
2807,882
2806,881
2805,880
2803,879
2802,878
2800,878
2797,878
2795,879
2793,879
2790,880
2787,881
2784,882
2781,884
2777,885
2774,887
2771,888
2767,890
2764,892
2760,894
2756,896
2753,897
2749,899
2746,901
2743,902
2739,904
2736,905
2733,906
2731,907
2728,907
2726,907
2724,907
2722,907
2720,906
2719,905
2718,903
2717,901
2717,899
2717,897
2717,894
2717,890
2718,887
2719,883
2719,879
2721,875
2722,870
2723,865
2725,861
2727,856
2729,851
2731,845
2733,840
2735,835
2737,829
2739,824
2741,819
2743,814
2745,809
2747,804
2749,799
2751,794
2753,790
2754,786
2755,782
2756,778
2757,775
2758,772
2758,769
2758,767
2757,765
2757,764
2756,763
2754,762
2753,762
2751,762
2749,762
2747,763
2744,763
2742,765
2739,766
2736,767
2733,769
2730,771
2726,773
2723,774
2720,776
2717,778
2714,780
2711,781
2709,783
2706,785
2704,786
2701,787
2699,788
2698,789
2696,790
2694,790
2693,791
2692,792
2691,792
2690,792
2689,793
2688,793
2688,793
2688,793
2687,794
2687,794
2687,794
2687,794
2687,795
2687,795
2687,795
2687,796
2687,796
2687,797
2688,797
2688,798
2688,798
2688,799
2688,799
2689,800
2689,801
2689,802
2689,803
2689,804
2689,805
2689,806
2688,807
2688,809
2688,810
2687,812
2687,813
2686,815
2686,817
2685,819
2684,821
2683,823
2683,826
2682,828
2681,830
2680,832
2679,835
2679,837
2678,839
2678,841
2677,843
2677,845
2677,847
2677,849
2677,851
2677,852
2677,854
2677,855
2678,857
2678,858
2679,859
2679,861
2680,862
2680,863
2681,865
2681,866
2682,867
2682,868
2683,870
2683,871
2683,873
2683,874
2684,876
2684,877
2684,879
2684,880
2684,882
2684,884
2684,885
2684,887
2684,889
2684,890
2684,892
2684,894
2683,895
2683,897
2683,899
2683,900
2683,902
2683,903
2683,905
2683,906
2683,908
2683,909
2683,911
2683,912
2683,914
2683,915
2683,917
2683,918
2683,920
2683,921
2682,923
2682,924
2682,926
2682,927
2682,929
2682,931
2682,933
2681,934
2681,936
2681,938
2681,940
2680,942
2680,944
2680,945
2680,947
2680,949
2679,951
2679,953
2679,954
2679,956
2679,958
2679,960
2678,961
2678,963
2678,965
2678,966
2677,968
2677,969
2677,971
2676,973
2676,974
2675,976
2675,978
2674,979
2673,981
2673,983
2672,984
2671,986
2670,988
2669,990
2668,991
2667,993
2666,994
2665,996
2664,998
2662,999
2661,1001
2660,1002
2659,1004
2658,1005
2657,1007
2656,1008
2655,1009
2654,1011
2653,1012
2652,1013
2651,1014
2651,1015
2650,1016
2649,1017
2648,1018
2648,1019
2647,1019
2647,1020
2646,1021
2646,1021
2645,1022
2644,1023
2644,1023
2643,1024
2643,1024
2642,1025
2641,1025
2640,1026
2639,1027
2639,1027
2638,1027
2637,1028
2636,1028
2635,1029
2634,1029
2633,1029
2632,1029
2631,1030
2629,1030
2628,1030
2627,1030
2626,1030
2624,1031
2623,1031
2622,1031
2620,1031
2619,1031
2618,1031
2616,1031
2615,1031
2614,1031
2613,1031
2611,1031
2610,1031
2609,1030
2608,1030
2608,1029
2607,1028
2606,1028
2606,1027
2605,1026
2605,1025
2604,1024
2604,1022
2604,1021
2604,1020
2604,1018
2604,1017
2604,1016
2604,1014
2604,1013
2603,1011
2603,1010
2603,1009
2603,1007
2603,1006
2602,1005
2602,1004
2601,1003
2601,1002
2600,1000
2600,999
2599,998
2598,997
2597,996
2597,995
2596,994
2595,993
2595,992
2594,991
2594,990
2593,989
2593,987
2593,986
2593,984
2593,983
2592,981
2592,980
2592,978
2592,977
2592,975
2592,974
2592,972
2592,971
2592,970
2592,969
2591,968
2591,966
2590,966
2589,965
2589,964
2588,963
2586,963
2585,962
2584,962
2583,961
2582,961
2580,960
2579,960
2578,959
2576,958
2575,958
2574,957
2573,956
2572,955
2571,954
2570,953
2570,952
2569,950
2569,949
2569,947
2568,946
2568,944
2568,942
2568,940
2568,938
2569,936
2569,934
2569,932
2569,930
2569,928
2570,926
2570,924
2570,922
2570,920
2570,918
2570,916
2570,914
2570,912
2570,910
2570,908
2570,907
2570,905
2570,904
2570,902
2570,901
2569,900
2569,899
2569,897
2568,897
2568,896
2567,895
2567,894
2566,893
2566,893
2565,892
2565,892
2564,892
2563,891
2563,891
2562,891
2562,890
2561,890
2560,890
2560,889
2560,889
2559,888
2559,887
2559,887
2558,886
2558,885
2558,884
2558,883
2558,882
2558,881
2558,880
2558,879
2559,877
2559,876
2560,874
2560,872
2561,870
2561,868
2562,866
2562,864
2563,862
2563,860
2564,858
2565,855
2565,853
2565,851
2566,849
2566,847
2566,846
2567,844
2567,842
2567,840
2567,839
2567,837
2568,835
2568,834
2568,832
2568,831
2568,830
2568,828
2568,827
2567,826
2567,825
2567,824
2567,822
2567,821
2567,820
2567,819
2566,818
2566,817
2566,816
2565,815
2565,814
2564,813
2564,812
2563,811
2563,810
2562,809
2562,808
2561,808
2560,807
2560,806
2559,806
2558,805
2557,805
2557,804
2556,804
2555,804
2554,803
2554,803
2553,803
2552,803
2551,802
2551,802
2550,802
2549,801
2549,800
2548,800
2548,799
2547,798
2547,797
2547,797
2546,796
2546,794
2546,793
2546,792
2546,791
2546,789
2546,788
2546,787
2546,785
2545,784
2545,783
2545,782
2545,781
2545,780
2545,779
2545,778
2545,777
2545,776
2544,776
2544,775
2544,774
2543,774
2543,773
2542,773
2542,772
2541,772
2541,772
2540,771
2540,771
2539,770
2538,770
2537,770
2537,769
2536,769
2535,769
2535,768
2534,767
2533,767
2533,766
2533,765
2532,764
2532,763
2532,762
2532,761
2532,759
2532,758
2532,757
2532,755
2532,754
2532,753
2532,752
2532,751
2532,750
2532,749
2532,748
2532,748
2531,747
2531,747
2531,746
2530,746
2529,746
2529,746
2528,746
2527,746
2526,746
2525,746
2525,746
2524,746
2523,746
2522,746
2522,745
2521,745
2521,745
2520,745
2520,744
2520,744
2520,743
2520,742
2520,741
2521,740
2521,739
2522,738
2522,737
2523,736
2524,734
2525,733
2526,732
2526,731
2527,730
2528,730
2529,729
2529,728
2530,728
2530,728
2531,728
2531,727
2532,727
2532,727
2532,727
2533,728
2533,728
2533,728
2533,728
2534,728
2534,728
2534,728
2534,728
2535,728
2535,728
2536,728
2536,728
2536,727
2537,727
2537,726
2538,726
2539,725
2539,724
2540,724
2540,723
2541,722
2541,721
2542,721
2542,720
2543,719
2543,718
2544,717
2544,717
2544,716
2544,715
2544,715
2544,714
2544,713
2543,713
2543,712
2542,712
2542,711
2541,711
2540,710
2539,710
2538,710
2537,709
2536,709
2534,709
2533,709
2531,709
2530,709
2528,709
2527,709
2525,709
2523,709
2521,709
2520,709
2518,709
2517,708
2515,708
2514,707
2513,707
2511,706
2510,705
2509,704
2508,702
2508,701
2507,699
2506,697
2506,696
2506,694
2505,691
2505,689
2505,687
2505,685
2504,683
2504,681
2504,679
2504,677
2504,675
2504,674
2503,672
2503,671
2503,670
2502,669
2502,668
2501,668
2501,667
2500,667
2499,668
2498,668
2497,669
2496,670
2495,671
2494,672
2493,674
2492,675
2491,677
2489,679
2488,681
2486,683
2485,685
2483,688
2482,690
2481,692
2479,694
2478,697
2476,699
2475,701
2473,704
2472,707
2470,710
2468,713
2466,716
2464,719
2462,723
2459,727
2456,732
2454,736
2451,742
2447,747
2444,753
2440,759
2437,765
2433,771
2429,778
2424,785
2420,792
2416,799
2411,806
2407,814
2402,821
2398,829
2393,836
2389,843
2384,850
2380,857
2376,863
2373,869
2369,875
2366,881
2363,886
2360,890
2357,894
2355,898
2353,901
2351,904
2350,906
2348,908
2348,909
2347,910
2347,910
2348,910
2348,909
2349,908
2351,907
2353,905
2355,902
2358,899
2361,896
2365,892
2369,888
2374,883
2379,878
2384,873
2390,867
2396,862
2402,856
2408,850
2414,844
2421,838
2428,832
2434,826
2441,820
2448,814
2454,809
2461,803
2467,798
2473,793
2479,788
2485,783
2490,779
2495,775
2500,771
2504,768
2508,765
2511,763
2514,762
2517,760
2519,760
2520,760
2521,760
2522,761
2522,763
2523,764
2522,767
2522,770
2521,773
2520,776
2518,780
2517,784
2515,789
2513,794
2510,799
2508,804
2506,810
2503,815
2500,821
2497,827
2495,832
2492,838
2489,844
2486,850
2483,855
2481,861
2478,866
2476,871
2473,876
2471,880
2469,884
2468,888
2466,892
2464,895
2463,898
2462,901
2461,904
2460,906
2459,908
2458,911
2457,913
2457,915
2456,917
2455,919
2455,920
2454,922
2454,924
2454,925
2453,927
2453,928
2453,930
2453,931
2453,933
2453,934
2453,935
2453,936
2454,937
2454,938
2454,939
2455,940
2455,941
2456,941
2457,942
2458,942
2458,942
2459,942
2460,943
2461,943
2462,942
2463,942
2464,942
2465,942
2466,941
2467,941
2468,940
2469,939
2470,938
2472,937
2473,936
2474,935
2475,934
2477,933
2478,931
2480,930
2481,929
2482,928
2484,927
2485,925
2486,924
2488,924
2489,923
2490,922
2491,921
2493,920
2494,920
2495,919
2496,919
2497,918
2498,918
2499,918
2500,917
2501,917
2502,917
2503,917
2504,917
2505,918
2506,918
2507,918
2508,918
2509,919
2510,919
2510,919
2511,919
2512,920
2513,920
2514,920
2515,920
2516,921
2517,921
2518,921
2519,921
2520,921
2521,921
2523,921
2524,921
2525,921
2526,921
2527,920
2528,920
2530,920
2531,920
2532,920
2533,920
2535,920
2536,919
2537,919
2539,919
2540,919
2541,918
2543,918
2544,918
2546,917
2547,917
2549,917
2550,917
2552,916
2554,916
2555,916
2557,915
2559,915
2561,914
2563,913
2565,913
2567,912
2569,911
2571,911
2573,910
2575,909
2578,908
2580,907
2582,906
2584,905
2587,904
2589,904
2591,903
2593,902
2596,901
2598,899
2601,898
2603,897
2606,895
2609,893
2613,891
2616,888
2620,886
2623,883
2627,879
2631,876
2636,872
2640,868
2644,864
2649,860
2654,856
2658,851
2663,847
2667,843
2672,838
2676,834
2681,829
2685,825
2690,821
2694,817
2698,813
2702,809
2706,806
2709,803
2712,800
2715,797
2718,795
2720,793
2722,792
2724,791
2726,791
2726,791
2727,791
2727,792
2727,794
2727,796
2726,798
2725,801
2724,804
2722,807
2721,811
2719,814
2717,818
2715,822
2713,825
2710,829
2708,833
2706,837
2703,841
2701,844
2698,848
2696,851
2694,854
2692,857
2690,860
2688,863
2686,865
2684,867
2683,869
2681,871
2680,872
2679,873
2678,873
2677,874
2677,874
2676,874
2676,874
2676,873
2676,873
2676,872
2676,871
2676,871
2676,870
2677,869
2677,868
2677,868
2678,867
2678,866
2679,865
2680,864
2680,863
2681,862
2682,861
2683,860
2684,859
2685,858
2686,857
2687,856
2689,855
2690,855
2691,854
2692,853
2694,852
2695,852
2696,851
2697,851
2698,851
2699,851
2700,850
2701,850
2702,850
2703,850
2703,851
2704,851
2705,851
2706,851
2707,851
2708,851
2709,851
2711,851
2712,851
2713,850
2714,850
2715,850
2717,850
2718,849
2720,849
2721,848
2723,848
2725,847
2726,846
2728,845
2730,844
2732,843
2734,842
2736,840
2739,839
2741,837
2743,836
2746,834
2748,832
2751,830
2754,828
2756,825
2759,823
2762,821
2765,818
2768,815
2771,813
2774,810
2777,808
2780,805
2783,802
2786,800
2789,797
2792,795
2795,792
2798,790
2801,788
2804,786
2806,784
2809,782
2811,780
2813,779
2815,778
2817,777
2819,777
2820,776
2822,776
2823,776
2824,776
2825,776
2825,777
2826,778
2826,779
2827,780
2827,781
2827,782
2827,784
2826,785
2826,787
2826,789
2825,790
2825,792
2824,794
2824,796
2823,798
2822,800
2822,803
2821,805
2820,807
2819,809
2819,812
2818,814
2817,816
2817,818
2816,820
2816,822
2815,824
2815,826
2814,828
2814,830
2814,831
2814,833
2814,834
2814,835
2814,837
2815,837
2815,838
2816,839
2817,839
2817,840
2818,840
2819,840
2821,840
2822,840
2823,840
2824,840
2826,839
2827,839
2829,839
2830,838
2832,838
2833,837
2835,837
2836,836
2838,836
2839,836
2841,835
2842,835
2843,835
2844,835
2845,835
2847,835
2848,835
2849,835
2850,835
2851,835
2852,834
2852,834
2853,834
2854,834
2855,834
2856,834
2858,834
2859,833
2860,833
2861,833
2862,832
2863,832
2865,831
2866,830
2868,830
2869,829
2870,829
2872,828
2873,827
2874,827
2876,826
2877,826
2878,825
2879,825
2880,825
2881,824
2882,824
2883,824
2884,824
2885,824
2886,824
2886,825
2887,825
2887,825
2888,826
2888,826
2889,827
2889,827
2890,828
2890,828
2891,828
2891,829
2892,829
2893,829
2893,829
2894,830
2894,830
2895,830
2896,830
2896,830
2897,830
2898,831
2899,831
2899,831
2900,831
2901,832
2901,832
2902,832
2902,833
2903,833
2903,834
2903,835
2904,835
2904,836
2904,837
2905,838
2905,839
2905,840
2905,841
2905,842
2905,843
2905,844
2905,845
2905,846
2905,847
2905,848
2905,849
2904,850
2904,851
2904,852
2904,853
2904,853
2905,854
2905,854
2905,855
2905,855
2905,856
2905,856
2905,856
2905,857
2905,857
2905,857
2905,857
2905,857
2905,858
2905,858
2905,858
2906,858
2906,858
2906,858
2906,858
2906,858
2906,858
2906,858
2907,858
2907,858
2907,858
2907,858
2907,858
2908,858
2908,858
2908,858
2908,858
2908,857
2909,857
2909,857
2909,857
2910,856
2910,856
2911,855
2911,855
2911,854
2912,853
2912,853
2913,852
2913,851
2913,851
2913,850
2913,850
2914,849
2914,849
2914,848
2914,847
2914,847
2914,847
2913,846
2913,846
2913,845
2913,845
2913,845
2913,845
2912,845
2912,845
2912,844
2912,844
2911,845
2911,845
2911,845
2910,845
2910,845
2910,846
2909,846
2909,846
2909,847
2908,847
2908,847
2907,848
2907,848
2907,849
2906,849
2906,849
2906,850
2905,850
2905,851
2904,851
2904,852
2903,852
2903,853
2902,853
2902,854
2902,854
2901,854
2901,855
2900,855
2900,855
2900,856
2899,856
2899,856
2899,856
2899,857
2899,857
2898,857
2898,857
2898,857
2898,857
2898,857
2898,857
2898,857
2898,857
2898,857
2898,857
2898,857
2899,857
2899,857
2899,857
2899,856
2899,856
2899,856
2899,856
2900,856
2900,856
2900,856
2900,856
2900,856
2900,856
2900,856
2900,856
2900,856
2900,856
2900,856
2900,856
2900,856
2899,856
2899,856
2899,856
2899,856
2899,856
2899,856
2899,856
2900,855
2900,855
2900,855
2900,855
2900,855
2901,855
2901,854
2901,854
2902,854
2902,853
2903,853
2903,852
2904,852
2905,851
2905,851
2906,850
2906,850
2907,849
2907,849
2908,848
2908,848
2908,848
2909,848
2909,848
2909,848
2909,848
2909,848
2909,848
2909,848
2909,849
2908,849
2908,849
2908,850
2908,850
2907,850
2907,851
2907,851
2907,851
2906,852
2906,852
2906,852
2906,852
2906,852
2906,852
2906,852
2906,852
2906,852
2906,852
2906,851
2906,851
2907,851
2907,850
2907,850
2907,850
2908,849
2908,849
2908,848
2909,848
2909,847
2909,847
2910,846
2910,846
2910,846
2910,845
2911,845
2911,845
2911,845
2911,844
2911,844
2911,844
2911,844
2911,844
2911,844
2911,844
2911,844
2912,844
2912,844
2912,844
2912,844
2912,844
2912,844
2912,844
2912,844
2912,844
2913,844
2913,844
2913,843
2913,843
2914,843
2914,843
2914,842
2914,842
2915,842
2915,841
2915,841
2915,841
2916,840
2916,840
2916,840
2916,840
2916,840
2916,839
2916,839
2916,839
2916,839
2916,839
2916,840
2916,840
2915,840
2915,840
2915,840
2914,841
2914,841
2913,842
2913,842
2912,843
2912,843
2911,844
2910,844
2909,845
2908,846
2908,846
2907,847
2906,848
2905,849
2904,849
2903,850
2902,850
2902,851
2901,851
2901,851
2901,850
2901,850
2902,850
2902,849
2903,848
2904,847
2905,846
2907,845
2908,843
2910,842
2911,840
2913,839
2914,837
2916,836
2917,834
2918,833
2919,831
2920,830
2921,829
2921,828
2921,827
2920,826
2920,825
2919,824
2918,824
2916,824
2914,823
2912,823
2910,823
2908,824
2905,824
2902,825
2899,825
2896,826
2893,826
2890,827
2887,827
2885,828
2882,829
2880,829
2878,829
2876,829
2874,830
2873,830
2872,829
2871,829
2870,829
2870,829
2870,829
2869,829
2869,829
2869,829
2869,828
2869,828
2869,828
2870,828
2870,828
2870,829
2870,829
2870,829
2870,829
2870,829
2870,829
2870,830
2870,830
2870,830
2869,830
2869,831
2869,831
2869,831
2869,831
2869,832
2868,832
2868,832
2868,832
2868,832
2868,832
2868,832
2868,832
2867,832
2867,832
2867,832
2867,832
2867,832
2867,832
2867,832
2867,832
2867,832
2867,832
2867,832
2867,832
2867,832
2867,832
2867,832
2867,832
2867,832
2867,832
2867,832
2867,833
2867,833
2867,833
2867,833
2868,832
2868,832
2868,832
2869,832
2869,832
2870,831
2870,831
2871,830
2872,830
2873,829
2874,829
2875,828
2876,827
2877,826
2878,826
2879,825
2880,824
2880,824
2881,824
2882,823
2882,823
2882,823
2883,823
2882,823
2882,824
2882,825
2881,825
2880,826
2879,828
2878,829
2877,830
2875,832
2874,833
2872,835
2871,837
2869,839
2867,840
2865,842
2863,844
2862,846
2860,847
2858,849
2857,850
2855,852
2854,853
2852,854
2851,855
2850,856
2849,857
2848,858
2847,858
2846,859
2845,859
2845,859
2844,859
2844,859
2843,859
2843,858
2843,858
2842,857
2842,857
2842,857
2841,856
2841,856
2841,855
2840,855
2840,854
2839,854
2839,853
2838,853
2837,853
2837,852
2836,852
2835,852
2834,852
2833,852
2832,852
2831,852
2830,852
2829,852
2828,852
2827,852
2826,853
2825,853
2824,853
2824,853
2823,853
2822,853
2822,853
2821,853
2821,853
2820,853
2820,853
2820,853
2820,853
2820,852
2820,852
2821,851
2821,851
2822,850
2822,849
2823,849
2824,848
2825,847
2826,846
2827,845
2829,843
2830,842
2831,841
2833,839
2834,838
2835,837
2837,835
2838,834
2840,832
2841,831
2842,830
2844,828
2845,827
2846,826
2847,825
2848,824
2848,823
2849,822
2849,822
2850,821
2850,820
2850,820
2851,819
2851,819
2851,819
2851,818
2851,818
2850,818
2850,818
2850,818
2849,818
2849,818
2849,818
2848,819
2848,819
2848,819
2847,819
2847,820
2847,820
2847,820
2846,820
2846,820
2846,820
2846,820
2846,820
2847,820
2847,820
2847,820
2847,820
2847,820
2847,819
2848,819
2848,819
2848,818
2849,818
2849,818
2849,817
2849,817
2850,816
2850,816
2850,815
2851,815
2851,814
2851,813
2852,813
2852,812
2853,812
2853,811
2853,810
2854,810
2854,809
2854,809
2855,809
2855,808
2855,808
2855,808
2855,808
2855,808
2855,808
2855,808
2855,808
2855,808
2855,809
2854,809
2854,809
2854,810
2854,810
2853,810
2853,810
2853,810
2853,811
2853,811
2853,811
2853,811
2852,810
2852,810
2852,810
2852,810
2852,810
2851,810
2851,810
2850,810
2850,810
2849,810
2849,811
2848,811
2847,811
2846,811
2846,811
2845,812
2844,812
2843,812
2842,813
2841,813
2840,814
2839,814
2838,815
2837,816
2835,817
2834,817
2833,818
2832,819
2831,820
2830,821
2829,822
2828,822
2827,823
2827,824
2826,824
2825,825
2825,825
2824,826
2824,826
2824,826
2824,826
2823,827
2823,827
2823,827
2823,827
2823,827
2823,827
2823,827
2823,826
2823,826
2823,826
2823,826
2824,825
2824,825
2824,824
2824,824
2825,823
2825,823
2825,822
2826,822
2826,821
2827,820
2827,820
2827,819
2828,819
2828,818
2829,817
2829,817
2829,816
2830,816
2830,815
2830,815
2831,815
2831,814
2831,814
2832,813
2832,813
2832,813
2833,813
2833,812
2833,812
2834,812
2834,811
2834,811
2835,811
2835,810
2835,810
2836,809
2836,809
2837,808
2837,808
2838,807
2839,806
2839,806
2840,805
2840,804
2841,803
2842,802
2842,801
2843,800
2843,799
2844,798
2845,797
2845,796
2846,795
2846,794
2846,793
2847,792
2847,791
2847,791
2847,790
2847,789
2847,788
2847,788
2847,787
2847,787
2847,786
2847,786
2847,786
2847,785
2846,785
2846,785
2846,785
2845,785
2845,786
2845,786
2844,786
2844,786
2844,786
2843,787
2843,787
2843,787
2843,788
2842,788
2842,788
2842,788
2842,789
2842,789
2841,789
2841,790
2841,790
2841,790
2841,791
2841,791
2840,792
2840,792
2840,793
2839,793
2839,794
2839,795
2838,795
2838,796
2837,796
2837,797
2837,797
2836,798
2836,798
2836,798
2835,799
2835,799
2835,799
2834,800
2834,800
2834,800
2834,801
2834,801
2833,801
2833,801
2833,801
2833,801
2834,800
2834,800
2834,800
2834,799
2835,799
2835,798
2835,798
2836,797
2836,797
2837,796
2837,796
2837,795
2838,795
2838,795
2838,794
2838,794
2838,794
2838,794
2838,794
2838,794
2838,794
2838,795
2837,795
2837,795
2837,796
2836,796
2836,797
2835,797
2835,798
2834,799
2834,799
2833,800
2833,801
2832,801
2832,802
2831,803
2831,803
2830,804
2829,805
2829,805
2828,806
2828,807
2827,808
2827,808
2826,809
2825,810
2824,811
2824,812
2823,813
2822,814
2821,816
2820,817
2819,818
2818,820
2817,822
2815,823
2814,825
2813,827
2812,828
2810,830
2809,832
2808,833
2807,835
2806,837
2804,838
2803,840
2802,841
2801,842
2800,843
2800,844
2799,845
2798,845
2798,846
2797,846
2797,846
2797,846
2797,846
2797,846
2796,845
2796,845
2796,845
2796,844
2796,844
2796,843
2796,843
2796,842
2796,842
2796,841
2796,841
2795,840
2795,840
2795,840
2794,840
2794,840
2793,840
2793,840
2792,840
2791,840
2790,841
2789,841
2788,842
2787,842
2786,843
2785,843
2784,844
2783,845
2782,845
2780,846
2779,846
2778,847
2777,847
2776,848
2775,848
2773,849
2772,849
2771,849
2770,849
2768,850
2767,850
2766,850
2764,851
2763,851
2761,851
2760,852
2758,852
2756,853
2755,853
2753,854
2751,854
2749,855
2747,856
2745,856
2743,857
2741,858
2739,859
2737,860
2735,861
2733,861
2731,862
2729,863
2727,864
2724,865
2722,866
2720,867
2718,868
2716,868
2715,869
2713,870
2711,870
2709,871
2708,871
2706,872
2705,872
2704,872
2702,873
2701,873
2700,873
2699,874
2698,874
2697,874
2696,874
2695,874
2695,874
2694,874
2694,874
2693,874
2693,873
2693,873
2693,873
2694,872
2694,872
2694,871
2695,870
2695,870
2696,869
2697,868
2697,868
2698,867
2699,867
2700,866
2700,866
2701,865
2702,865
2702,865
2703,865
2703,865
2704,866
2704,866
2704,867
2704,867
2704,868
2705,869
2704,870
2704,872
2704,873
2704,874
2704,876
2703,877
2703,879
2703,880
2702,882
2702,883
2702,885
2702,886
2701,887
2701,888
2701,890
2701,891
2701,892
2701,892
2702,893
2702,894
2702,895
2703,895
2703,896
2703,896
2704,897
2705,897
2705,897
2706,898
2707,898
2708,898
2708,898
2709,898
2710,898
2711,898
2712,898
2712,898
2713,898
2714,898
2714,898
2715,898
2716,898
2716,898
2717,898
2717,898
2717,898
2718,897
2718,897
2718,897
2718,897
2719,897
2719,897
2719,897
2719,897
2719,897
2719,898
2719,898
2719,898
2719,898
2719,899
2719,899
2719,899
2719,900
2719,900
2719,901
2720,901
2720,902
2720,902
2721,903
2721,903
2722,903
2723,904
2723,904
2724,905
2725,905
2725,906
2726,906
2726,907
2727,907
2727,908
2728,909
2728,909
2729,910
2729,911
2729,912
2730,912
2730,913
2730,914
2731,915
2731,916
2731,917
2731,918
2732,919
2732,920
2732,921
2732,922
2732,923
2733,924
2733,925
2733,926
2733,927
2734,928
2734,929
2734,930
2735,931
2735,932
2735,933
2736,934
2736,935
2736,936
2737,936
2737,937
2737,938
2738,939
2738,939
2739,940
2739,941
2739,941
2740,942
2740,943
2740,943
2740,944
2741,944
2741,945
2741,945
2742,945
2742,946
2742,946
2743,946
2743,946
2743,946
2744,946
2744,946
2745,946
2745,945
2745,945
2746,945
2746,945
2746,945
2747,944
2747,944
2747,944
2748,944
2748,944
2748,944
2748,943
2748,943
2748,944
2749,944
2749,944
2749,944
2749,944
2749,944
2749,945
2749,945
2749,946
2749,946
2749,947
2749,947
2749,948
2749,949
2749,950
2749,951
2749,952
2749,953
2749,954
2750,955
2750,956
2750,958
2751,959
2751,960
2752,962
2752,964
2753,965
2754,967
2754,969
2755,971
2756,973
2757,975
2758,977
2759,979
2760,981
2762,982
2764,983
2766,984
2768,985
2771,986
2773,987
2776,987
2780,987
2783,988
2786,988
2789,989
2793,989
2796,989
2800,990
2803,991
2807,992
2810,993
2813,995
2815,997
2818,1000
2820,1003
2822,1006
2823,1009
2824,1013
2825,1018
2826,1022
2826,1027
2827,1032
2827,1037
2827,1042
2827,1047
2827,1052
2827,1057
2827,1062
2827,1066
2828,1071
2828,1075
2829,1078
2830,1081
2831,1084
2833,1086
2835,1088
2837,1089
2840,1090
2842,1091
2846,1090
2849,1090
2852,1090
2856,1089
2859,1088
2863,1087
2866,1087
2870,1086
2873,1085
2876,1084
2879,1084
2882,1083
2885,1083
2887,1082
2889,1082
2891,1082
2893,1082
2894,1082
2896,1083
2897,1083
2898,1083
2898,1084
2899,1084
2900,1085
2900,1085
2901,1085
2902,1085
2902,1085
2903,1084
2904,1084
2904,1083
2905,1083
2905,1082
2906,1081
2906,1080
2907,1079
2907,1078
2907,1077
2908,1075
2908,1074
2908,1072
2909,1070
2909,1068
2909,1067
2910,1065
2910,1063
2910,1061
2910,1059
2911,1057
2911,1055
2911,1053
2911,1051
2912,1049
2912,1047
2912,1046
2913,1044
2913,1042
2913,1041
2914,1039
2914,1038
2915,1036
2915,1035
2915,1034
2916,1033
2917,1032
2917,1031
2918,1030
2918,1029
2919,1028
2920,1028
2920,1028
2921,1027
2921,1027
2922,1027
2922,1027
2923,1027
2923,1027
2924,1027
2924,1027
2925,1028
2925,1028
2926,1028
2926,1028
2927,1028
2927,1028
2927,1028
2928,1027
2928,1027
2928,1027
2928,1027
2928,1026
2928,1026
2928,1025
2928,1025
2928,1025
2928,1024
2928,1024
2927,1023
2927,1023
2927,1022
2927,1022
2926,1022
2926,1021
2926,1021
2926,1021
2926,1021
2926,1021
2926,1021
2926,1020
2926,1020
2926,1020
2926,1019
2926,1019
2927,1018
2927,1017
2927,1016
2928,1015
2928,1013
2929,1011
2930,1009
2931,1007
2932,1004
2933,1000
2934,997
2936,993
2937,989
2939,984
2941,980
2943,975
2946,970
2948,964
2950,959
2953,954
2955,949
2957,944
2959,940
2961,936
2963,932
2964,929
2965,926
2966,924
2967,922
2968,920
2969,918
2970,917
2971,916
2972,915
2972,915
2973,914
2974,913
2975,913
2976,912
2976,912
2977,912
2978,911
2979,911
2981,910
2982,910
2983,909
2985,909
2986,908
2988,908
2989,908
2991,907
2992,907
2994,907
2995,907
2996,907
2998,907
2999,907
3000,908
3000,909
3001,909
3001,911
3001,912
3001,914
3000,916
3000,918
2999,920
2997,923
2996,926
2995,928
2993,931
2992,933
2990,936
2989,938
2988,939
2986,941
2985,942
2985,943
2984,944
2983,945
2982,945
2982,946
2981,946
2981,946
2980,946
2980,945
2979,945
2979,945
2978,945
2978,944
2978,944
2977,943
2977,942
2977,941
2977,941
2977,940
2977,939
2976,938
2976,937
2976,936
2976,935
2977,934
2977,933
2977,932
2977,931
2977,931
2977,930
2977,930
2977,929
2977,929
2977,928
2976,928
2976,928
2976,928
2976,927
2976,927
2976,927
2976,927
2976,927
2976,927
2976,927
2976,927
2976,927
2976,928
2976,928
2977,928
2977,928
2977,928
2977,928
2977,928
2977,928
2977,928
2977,928
2977,928
2977,928
2976,928
2976,928
2976,928
2976,928
2975,928
2974,929
2974,929
2973,930
2972,930
2971,931
2969,931
2968,932
2967,933
2965,934
2964,934
2963,935
2961,936
2960,936
2959,937
2957,938
2956,938
2955,939
2954,939
2954,939
2953,939
2953,939
2952,939
2952,939
2952,939
2952,939
2952,938
2952,938
2953,938
2953,937
2953,937
2954,936
2955,936
2955,935
2956,935
2957,934
2958,934
2958,933
2959,933
2960,932
2961,932
2961,932
2962,931
2962,931
2962,931
2963,931
2963,931
2963,930
2963,930
2963,930
2963,930
2963,930
2963,930
2963,929
2963,929
2963,929
2963,929
2962,929
2962,928
2962,928
2962,928
2961,928
2961,928
2961,928
2960,927
2960,927
2960,928
2959,928
2959,928
2958,928
2957,929
2957,929
2956,930
2955,930
2954,931
2953,932
2952,932
2950,933
2949,934
2947,935
2946,936
2944,937
2943,938
2941,939
2939,940
2938,940
2936,941
2934,942
2933,942
2931,943
2930,943
2929,944
2927,944
2926,944
2925,944
2925,944
2924,944
2923,943
2923,943
2922,942
2922,942
2921,941
2921,941
2921,940
2921,939
2921,939
2921,938
2921,937
2921,936
2921,936
2921,935
2922,934
2922,933
2922,932
2922,932
2922,931
2923,930
2923,930
2923,929
2923,928
2923,928
2924,927
2924,926
2924,926
2925,925
2925,925
2925,924
2926,923
2926,923
2927,922
2927,922
2928,921
2928,920
2929,920
2930,919
2930,919
2931,918
2931,918
2932,917
2932,917
2933,916
2933,916
2934,915
2934,915
2934,914
2935,914
2935,914
2935,913
2935,913
2935,913
2935,913
2935,912
2935,912
2935,912
2935,912
2935,912
2935,911
2934,911
2934,911
2934,911
2933,911
2933,911
2932,911
2932,910
2932,910
2932,910
2932,909
2931,909
2931,908
2931,908
2931,907
2932,907
2932,906
2932,905
2932,904
2933,904
2933,903
2934,902
2934,901
2935,900
2936,899
2936,898
2937,897
2938,896
2939,895
2940,894
2941,893
2942,892
2943,891
2944,890
2945,890
2946,889
2947,888
2948,888
2949,888
2949,887
2950,887
2950,887
2951,887
2951,887
2952,887
2952,887
2952,888
2952,888
2952,889
2952,889
2952,890
2952,890
2952,891
2952,892
2951,893
2951,893
2951,894
2950,895
2949,896
2949,897
2948,898
2948,898
2947,899
2947,900
2946,900
2946,901
2945,901
2945,902
2945,902
2945,902
2945,902
2945,902
2945,902
2945,901
2945,901
2946,901
2946,900
2946,900
2947,900
2947,899
2947,899
2947,899
2948,898
2948,898
2948,898
2949,897
2949,897
2949,897
2949,897
2949,897
2949,897
2949,897
2949,898
2948,898
2948,898
2948,899
2947,899
2946,900
2946,900
2945,901
2945,901
2944,902
2943,903
2943,903
2942,904
2941,905
2941,905
2940,906
2940,906
2939,907
2939,907
2938,908
2938,908
2938,908
2937,909
2937,909
2937,910
2937,910
2936,911
2936,912
2936,912
2936,913
2936,914
2936,914
2936,915
2936,916
2936,917
2937,918
2937,919
2937,920
2937,921
2937,922
2938,923
2938,924
2938,926
2938,927
2938,929
2938,930
2938,932
2938,934
2938,935
2938,937
2938,939
2938,941
2938,943
2938,944
2938,946
2938,948
2938,949
2938,951
2939,953
2939,954
2939,956
2939,957
2940,959
2940,960
2941,961
2941,963
2942,964
2942,965
2943,967
2944,968
2945,969
2946,970
2947,971
2948,972
2949,973
2950,975
2951,976
2952,977
2953,978
2954,979
2956,980
2957,981
2958,983
2959,984
2960,985
2962,986
2963,988
2964,989
2965,990
2966,992
2967,993
2968,995
2968,996
2969,998
2970,999
2970,1001
2971,1002
2971,1004
2971,1006
2971,1007
2972,1009
2971,1011
2971,1013
2971,1014
2971,1016
2971,1018
2970,1019
2970,1021
2970,1022
2970,1024
2970,1025
2970,1027
2970,1028
2971,1029
2972,1030
2973,1031
2974,1032
2975,1032
2977,1033
2979,1033
2981,1033
2984,1033
2986,1033
2989,1033
2992,1032
2995,1032
2998,1031
3001,1031
3004,1030
3007,1029
3010,1029
3012,1028
3014,1028
3016,1027
3018,1027
3020,1026
3021,1026
3021,1026
3022,1026
3022,1026
3022,1026
3021,1027
3020,1027
3019,1027
3017,1028
3015,1028
3013,1029
3011,1030
3009,1030
3006,1031
3004,1032
3001,1032
2999,1033
2996,1034
2994,1034
2991,1035
2989,1035
2986,1036
2984,1036
2982,1036
2980,1036
2978,1036
2976,1036
2975,1036
2973,1036
2972,1036
2970,1036
2969,1036
2967,1035
2966,1035
2965,1034
2963,1033
2962,1033
2961,1032
2959,1031
2958,1030
2957,1029
2956,1028
2954,1026
2953,1025
2952,1023
2951,1022
2950,1020
2949,1018
2947,1016
2946,1015
2945,1013
2944,1011
2943,1009
2942,1007
2940,1005
2939,1003
2938,1001
2937,999
2935,997
2934,995
2933,993
2932,992
2931,990
2930,988
2928,986
2927,985
2926,983
2925,982
2924,980
2923,979
2922,977
2921,976
2920,975
2920,973
2919,972
2918,971
2917,969
2916,968
2916,967
2915,966
2914,965
2913,964
2912,963
2911,962
2910,961
2909,960
2909,960
2908,959
2907,959
2906,958
2905,957
2904,957
2903,957
2902,956
2901,956
2900,956
2899,955
2897,955
2896,955
2895,955
2894,954
2893,954
2892,954
2891,953
2890,953
2889,953
2888,952
2887,952
2886,951
2885,951
2884,950
2883,950
2882,950
2882,949
2881,949
2880,948
2879,948
2878,948
2878,947
2877,947
2876,947
2876,946
2875,946
2874,945
2874,945
2873,945
2873,944
2872,944
2872,943
2872,943
2871,942
2871,942
2871,941
2871,941
2870,940
2870,940
2870,939
2870,939
2870,938
2870,938
2869,938
2869,937
2869,937
2869,937
2869,937
2869,937
2869,937
2870,937
2870,937
2870,936
2870,936
2870,936
2871,936
2871,936
2871,936
2872,936
2872,936
2873,936
2873,936
2874,935
2874,935
2875,934
2875,934
2876,933
2876,932
2877,931
2877,930
2878,929
2878,928
2879,927
2879,926
2879,924
2880,923
2880,922
2880,920
2881,919
2881,917
2881,916
2881,914
2881,913
2881,911
2881,910
2881,908
2881,907
2881,906
2881,905
2880,904
2880,902
2880,901
2880,900
2880,899
2880,899
2879,898
2879,897
2879,896
2879,896
2878,895
2878,895
2878,894
2878,894
2877,894
2877,894
2877,894
2876,894
2876,894
2875,894
2875,894
2874,895
2874,895
2873,896
2872,896
2871,897
2870,898
2869,898
2868,899
2867,900
2866,901
2865,901
2864,902
2864,902
2863,902
2863,902
2863,902
2863,902
2864,901
2864,900
2865,899
2867,898
2868,896
2869,895
2871,893
2872,891
2873,890
2875,888
2876,886
2877,885
2878,884
2878,883
2878,882
2878,881
2877,881
2877,881
2875,881
2874,882
2872,883
2869,884
2866,886
2863,888
2860,890
2856,892
2852,895
2848,898
2843,901
2839,904
2834,907
2829,910
2825,913
2820,917
2816,920
2812,922
2808,925
2804,927
2801,930
2798,932
2795,933
2793,935
2791,936
2789,937
2787,937
2786,938
2785,938
2784,939
2783,939
2782,939
2781,939
2780,939
2780,939
2779,938
2779,938
2778,938
2778,938
2777,938
2777,937
2776,937
2776,937
2776,937
2775,936
2775,936
2774,936
2774,936
2774,936
2773,936
2773,936
2772,937
2772,937
2771,937
2770,937
2770,938
2769,938
2769,938
2768,939
2768,939
2767,939
2766,940
2766,940
2765,940
2765,941
2764,941
2764,942
2764,942
2763,942
2763,943
2763,943
2762,943
2762,943
2762,944
2762,944
2762,944
2761,944
2761,944
2761,944
2761,945
2762,944
2762,944
2762,944
2762,944
2762,944
2762,944
2763,943
2763,943
2763,943
2763,942
2764,942
2764,941
2764,941
2764,941
2765,940
2765,940
2765,940
2765,939
2765,939
2765,939
2765,939
2765,939
2765,939
2764,939
2764,939
2764,939
2763,940
2763,940
2762,940
2762,941
2761,941
2760,941
2760,942
2759,942
2759,942
2758,943
2757,943
2757,943
2757,943
2756,943
2756,943
2756,943
2756,943
2756,943
2756,942
2756,942
2756,941
2756,941
2757,940
2757,939
2758,939
2758,938
2759,937
2759,937
2760,936
2760,935
2760,935
2761,934
2761,933
2761,933
2762,932
2762,931
2762,931
2762,930
2762,930
2761,930
2761,929
2761,929
2760,929
2759,929
2759,929
2758,929
2757,929
2756,930
2755,930
2753,931
2752,931
2751,932
2750,932
2748,933
2747,934
2746,934
2745,935
2744,936
2743,937
2742,937
2741,938
2740,938
2739,939
2739,939
2738,940
2738,940
2737,940
2737,940
2737,940
2737,940
2737,940
2738,939
2738,939
2738,938
2739,938
2739,937
2740,936
2740,936
2741,935
2742,934
2742,933
2743,932
2744,931
2744,930
2745,929
2745,929
2746,928
2746,927
2747,926
2747,925
2747,925
2747,924
2747,923
2747,923
2747,922
2747,921
2747,921
2747,920
2747,919
2747,918
2747,917
2747,916
2747,915
2747,914
2747,913
2747,912
2747,911
2747,909
2747,908
2748,906
2748,905
2748,903
2748,901
2749,900
2749,898
2750,897
2750,895
2751,894
2751,892
2752,891
2752,889
2753,888
2753,887
2753,886
2754,885
2754,884
2754,883
2754,883
2754,882
2754,882
2754,882
2754,882
2754,882
2754,882
2754,882
2754,882
2754,883
2754,883
2754,884
2753,884
2753,885
2753,886
2753,886
2753,887
2753,887
2753,888
2753,888
2753,888
2753,889
2753,889
2753,890
2753,890
2753,890
2753,891
2754,891
2754,891
2754,891
2754,892
2755,892
2755,892
2755,892
2756,892
2756,892
2757,892
2757,893
2757,893
2758,893
2758,893
2759,893
2759,893
2760,893
2760,893
2761,893
2761,893
2762,893
2762,893
2763,892
2764,892
2765,891
2765,891
2766,890
2767,889
2768,889
2768,888
2769,887
2770,886
2771,885
2771,885
2772,884
2773,883
2773,882
2774,881
2774,880
2775,879
2775,879
2775,878
2776,877
2776,877
2776,876
2776,876
2776,875
2776,875
2776,875
2776,874
2776,874
2776,874
2776,874
2776,873
2776,873
2776,873
2776,872
2776,872
2776,872
2776,871
2776,871
2776,870
2777,869
2777,869
2777,868
2777,867
2778,867
2778,866
2778,866
2778,865
2778,865
2778,865
2778,865
2777,865
2777,865
2776,866
2775,866
2774,867
2773,868
2772,869
2770,870
2769,871
2767,872
2765,874
2763,875
2761,877
2759,879
2757,881
2755,883
2753,884
2751,886
2749,888
2747,890
2745,891
2743,893
2742,894
2740,896
2739,897
2738,898
2737,899
2736,900
2735,900
2735,901
2734,901
2734,901
2734,901
2734,901
2734,901
2734,900
2734,900
2734,900
2734,899
2734,898
2734,898
2734,897
2734,897
2734,896
2734,895
2734,895
2734,894
2734,893
2734,893
2735,892
2735,891
2735,890
2735,890
2736,889
2736,888
2737,888
2737,887
2738,886
2738,886
2739,885
2740,885
2741,884
2741,883
2742,883
2743,882
2744,882
2745,882
2745,881
2746,881
2747,881
2747,880
2748,880
2748,880
2749,880
2749,880
2749,879
2750,879
2750,879
2750,879
2750,879
2750,879
2750,879
2749,879
2749,880
2749,880
2749,880
2748,880
2748,880
2748,880
2748,880
2748,881
2747,881
2747,881
2747,881
2747,881
2748,881
2748,881
2748,881
2748,880
2749,880
2749,880
2750,880
2750,880
2751,880
2751,880
2752,879
2753,879
2753,879
2754,879
2755,879
2755,879
2755,879
2756,879
2756,880
2756,880
2756,880
2756,881
2756,881
2756,882
2755,883
2755,884
2754,885
2753,886
2753,887
2752,889
2751,890
2749,892
2748,893
2747,895
2746,897
2744,898
2743,900
2742,902
2740,904
2739,905
2738,907
2737,908
2736,910
2735,912
2735,913
2734,914
2733,916
2733,917
2733,918
2733,920
2732,921
2732,922
2732,923
2732,925
2733,926
2733,927
2733,929
2733,930
2733,931
2733,933
2734,934
2734,935
2734,937
2735,938
2735,940
2736,941
2736,942
2736,943
2737,945
2737,946
2738,947
2739,948
2739,949
2740,950
2741,951
2741,951
2742,952
2743,952
2744,953
2745,953
2746,953
2747,953
2748,953
2749,953
2750,953
2751,953
2751,953
2752,952
2753,952
2754,951
2755,951
2756,950
2757,950
2757,949
2758,949
2758,948
2758,948
2759,947
2759,946
2759,946
2759,945
2759,945
2759,944
2759,944
2758,943
2758,942
2758,942
2757,941
2757,941
2756,940
2755,940
2755,939
2754,939
2753,939
2752,938
2751,938
2750,938
2749,937
2748,937
2747,937
2746,937
2745,936
2743,936
2742,936
2741,936
2740,935
2739,935
2737,934
2736,934
2735,933
2734,933
2733,932
2732,931
2731,930
2730,930
2730,929
2729,928
2728,927
2727,926
2727,926
2726,925
2725,924
2725,923
2724,922
2723,921
2723,921
2722,920
2721,919
2720,919
2720,918
2719,917
2718,917
2717,916
2716,916
2714,916
2713,915
2712,915
2711,915
2709,915
2708,915
2707,914
2705,914
2704,914
2702,914
2701,914
2700,913
2699,913
2698,913
2697,912
2696,912
2695,911
2694,910
2693,909
2693,909
2692,908
2692,907
2692,905
2691,904
2691,903
2691,902
2691,900
2691,899
2692,898
2692,896
2692,895
2693,893
2693,892
2693,891
2694,890
2694,888
2695,887
2695,886
2696,885
2696,884
2697,883
2697,882
2698,881
2699,880
2699,879
2700,878
2701,877
2702,877
2702,876
2703,875
2704,875
2705,874
2706,874
2707,873
2708,872
2709,872
2710,871
2711,870
2712,869
2713,868
2715,867
2716,866
2717,865
2718,865
2720,864
2721,863
2722,862
2723,861
2724,860
2724,859
2725,858
2726,857
2726,856
2727,856
2727,855
2728,854
2728,853
2728,852
2728,851
2728,850
2728,850
2728,849
2728,848
2728,847
2727,846
2727,845
2727,845
2726,844
2725,844
2725,843
2724,843
2723,843
2722,843
2721,843
2720,843
2718,844
2717,844
2716,845
2715,845
2713,846
2712,847
2710,848
2709,849
2708,850
2706,851
2705,852
2703,853
2702,855
2700,856
2699,857
2698,858
2696,859
2695,860
2694,861
2693,862
2692,863
2692,864
2691,864
2690,865
2690,865
2689,866
2689,866
2688,866
2688,866
2688,866
2687,866
2687,866
2687,866
2687,866
2686,866
2686,865
2685,865
2685,865
2684,865
2684,865
2683,865
2683,866
2682,866
2681,866
2680,867
2679,867
2678,868
2677,869
2676,870
2675,870
2674,871
2673,872
2672,873
2672,874
2671,875
2670,876
2669,877
2668,878
2667,879
2666,880
2665,881
2664,882
2663,883
2663,884
2662,884
2661,885
2660,886
2660,887
2659,887
2658,888
2658,888
2657,889
2657,889
2656,889
2656,890
2655,890
2655,890
2655,890
2654,891
2654,891
2654,891
2653,892
2653,892
2653,893
2653,894
2652,894
2652,895
2652,895
2652,896
2652,897
2651,898
2651,899
2651,899
2651,900
2650,901
2650,902
2649,903
2649,904
2649,905
2648,906
2648,907
2647,908
2647,909
2646,910
2645,911
2645,912
2644,913
2643,914
2643,915
2642,915
2641,916
2641,917
2640,917
2639,918
2639,918
2638,919
2638,919
2638,919
2638,919
2638,919
2638,919
2638,918
2638,918
2638,917
2639,917
2639,916
2640,916
2640,915
2641,914
2642,914
2642,913
2643,912
2644,912
2645,911
2645,911
2646,911
2647,910
2648,910
2649,909
2650,909
2651,908
2652,908
2653,907
2654,906
2656,906
2657,905
2659,904
2660,903
2661,902
2663,901
2664,900
2666,899
2667,898
2668,898
2669,897
2670,897
2670,896
2671,896
2671,896
2671,897
2671,897
2671,898
2670,899
2670,900
2669,902
2668,903
2667,905
2665,907
2664,910
2662,912
2660,914
2659,917
2657,920
2655,922
2653,925
2651,928
2650,930
2648,933
2647,935
2645,938
2644,940
2643,941
2642,943
2642,944
2641,945
2641,946
2640,947
2640,948
2640,948
2640,949
2640,949
2640,950
2640,950
2640,950
2640,951
2640,951
2639,952
2639,952
2639,952
2639,953
2639,953
2638,954
2638,954
2638,955
2637,955
2637,956
2637,956
2636,956
2636,957
2636,957
2636,957
2636,958
2635,958
2635,958
2635,958
2635,958
2635,958
2635,958
2635,958
2635,958
2635,958
2635,958
2635,958
2635,957
2635,957
2634,957
2634,957
2634,957
2634,956
2633,956
2633,956
2633,956
2632,956
2632,955
2631,955
2630,955
2630,955
2629,955
2628,955
2627,955
2627,954
2626,954
2625,954
2624,954
2623,954
2622,954
2621,953
2620,953
2619,953
2618,952
2617,952
2616,951
2616,951
2615,950
2614,949
2613,949
2612,948
2611,948
2611,947
2610,946
2609,945
2608,945
2607,944
2607,943
2606,942
2605,942
2604,941
2604,940
2603,939
2602,939
2601,938
2601,937
2600,937
2599,936
2599,935
2598,935
2597,934
2596,933
2596,933
2595,932
2594,931
2594,930
2593,929
2593,928
2592,927
2592,926
2592,925
2591,923
2591,922
2591,920
2591,919
2590,917
2590,915
2590,914
2590,913
2589,911
2589,910
2588,909
2587,908
2586,907
2585,906
2584,906
2583,906
2581,905
2580,905
2578,905
2577,905
2575,906
2573,906
2571,907
2569,907
2568,908
2566,908
2564,909
2562,910
2560,910
2558,911
2556,911
2555,911
2553,911
2552,911
2550,911
2549,911
2548,910
2547,909
2546,908
2546,907
2545,906
2545,904
2545,902
2545,901
2545,899
2545,897
2545,895
2545,894
2544,892
2544,890
2544,889
2544,887
2543,886
2543,885
2542,884
2542,883
2541,882
2540,881
2540,880
2539,880
2538,879
2537,878
2536,878
2535,877
2535,876
2534,876
2533,875
2533,874
2532,874
2531,873
2531,872
2530,871
2530,870
2530,869
2530,868
2529,867
2529,865
2529,864
2529,863
2529,861
2529,860
2530,858
2530,857
2530,855
2530,853
2530,852
2531,850
2531,848
2531,847
2531,845
2531,844
2531,842
2531,841
2531,840
2531,839
2531,837
2531,836
2531,835
2530,834
2530,833
2530,832
2530,831
2530,831
2530,830
2529,829
2529,828
2529,827
2529,826
2529,825
2529,825
2528,824
2528,823
2528,822
2528,821
2527,820
2527,820
2527,819
2527,818
2526,817
2526,816
2526,814
2526,813
2526,812
2526,811
2526,809
2526,808
2526,806
2526,805
2526,803
2526,802
2526,801
2526,799
2526,798
2525,797
2525,796
2525,795
2524,794
2524,793
2523,793
2523,793
2522,792
2521,792
2520,792
2519,792
2518,792
2517,793
2516,793
2514,794
2513,794
2512,795
2510,796
2508,797
2507,798
2505,798
2504,799
2502,800
2501,800
2500,801
2498,801
2497,801
2496,802
2495,802
2494,802
2493,802
2493,801
2492,801
2491,801
2491,801
2490,801
2489,800
2489,800
2488,800
2488,800
2487,799
2487,799
2486,799
2486,799
2485,799
2484,799
2484,799
2483,799
2482,799
2482,799
2481,799
2480,800
2480,800
2479,800
2478,801
2478,801
2477,801
2477,802
2476,802
2476,802
2475,803
2475,803
2475,803
2474,804
2474,804
2474,804
2474,804
2474,804
2475,804
2475,804
2475,805
2475,805
2476,805
2476,805
2476,805
2477,805
2477,805
2478,805
2478,805
2479,805
2480,805
2480,805
2481,805
2482,805
2483,805
2483,805
2484,805
2485,805
2486,805
2487,805
2487,805
2488,805
2489,805
2490,805
2491,805
2491,805
2492,805
2493,805
2494,804
2495,804
2496,804
2497,804
2498,804
2499,804
2500,803
2501,803
2502,803
2503,802
2504,802
2505,802
2506,801
2508,801
2509,801
2510,800
2511,800
2512,800
2513,799
2514,799
2515,799
2517,798
2518,798
2519,797
2521,796
2522,795
2524,794
2526,792
2528,790
2530,788
2532,786
2535,784
2537,781
2540,778
2543,774
2546,771
2549,767
2552,764
2555,760
2557,756
2560,753
2563,750
2565,747
2567,745
2569,742
2570,741
2571,740
2572,740
2572,740
2572,740
2571,742
2570,744
2569,746
2567,749
2565,753
2563,757
2560,762
2557,767
2554,772
2550,778
2547,784
2543,790
2539,796
2536,802
2532,807
2529,813
2525,818
2522,823
2520,828
2517,832
2515,836
2513,839
2511,843
2510,845
2508,848
2508,850
2507,851
2506,853
2506,854
2506,854
2506,855
2506,855
2507,856
2507,856
2508,856
2508,857
2508,857
2509,858
2509,858
2509,859
2509,860
2509,861
2509,862
2509,863
2509,864
2509,865
2509,867
2508,868
2508,870
2508,872
2507,873
2507,875
2506,877
2505,878
2505,880
2504,882
2504,883
2504,884
2503,886
2503,887
2503,888
2503,888
2503,889
2504,889
2504,889
2505,888
2506,888
2508,887
2509,885
2511,884
2513,882
2515,880
2517,877
2519,875
2522,873
2524,871
2526,869
2528,867
2530,865
2532,863
2533,862
2535,861
2536,860
2537,859
2538,859
2538,859
2539,859
2539,859
2539,860
2539,861
2539,862
2538,863
2537,864
2537,866
2536,868
2535,870
2533,872
2532,874
2530,876
2529,879
2527,881
2526,884
2524,886
2523,889
2521,891
2520,893
2519,895
2518,897
2517,899
2516,900
2516,902
2515,903
2515,904
2515,905
2515,906
2515,907
2515,907
2516,907
2516,907
2517,907
2518,907
2519,906
2520,906
2522,904
2523,903
2524,902
2526,900
2528,898
2529,897
2531,895
2533,893
2534,891
2536,888
2537,887
2538,885
2540,883
2541,881
2541,879
2542,878
2543,877
2543,875
2544,874
2544,873
2544,872
2544,872
2543,871
2543,871
2543,870
2542,870
2542,870
2541,869
2541,869
2540,869
2540,869
2539,868
2539,868
2538,868
2538,867
2537,867
2537,867
2537,866
2536,866
2536,865
2536,865
2536,864
2536,864
2536,864
2536,863
2536,863
2536,863
2536,863
2536,863
2535,863
2535,863
2535,863
2535,863
2535,863
2535,864
2535,864
2534,865
2534,865
2534,866
2534,867
2533,867
2533,868
2533,868
2533,869
2532,870
2532,870
2532,871
2532,871
2532,871
2532,872
2532,872
2532,872
2532,872
2532,872
2532,872
2532,871
2533,871
2533,870
2533,870
2534,869
2534,868
2535,868
2535,867
2535,866
2536,865
2536,865
2536,864
2536,864
2536,863
2536,863
2536,863
2536,862
2536,862
2536,863
2536,863
2536,863
2535,864
2535,864
2534,865
2534,865
2534,866
2533,867
2533,868
2532,869
2532,870
2532,871
2531,872
2531,872
2531,873
2530,874
2530,875
2530,875
2530,875
2530,876
2530,876
2530,876
2530,876
2530,876
2530,876
2530,876
2531,875
2531,875
2531,875
2531,874
2531,874
2531,873
2531,873
2531,872
2531,872
2531,871
2531,871
2531,871
2531,870
2531,870
2531,870
2530,870
2530,870
2530,870
2530,870
2529,870
2529,870
2528,871
2528,871
2528,871
2527,872
2527,872
2526,873
2525,874
2525,875
2524,875
2524,876
2523,877
2523,877
2522,878
2522,878
2521,878
2521,879
2520,879
2520,879
2520,879
2519,879
2519,879
2519,879
2519,879
2519,879
2519,879
2518,879
2518,879
2518,879
2518,879
2518,878
2518,878
2518,879
2518,879
2518,879
2518,879
2518,880
2518,880
2518,881
2518,882
2518,883
2518,884
2518,885
2517,886
2517,887
2517,889
2516,890
2516,891
2516,893
2515,894
2515,895
2515,896
2515,898
2514,899
2514,899
2514,900
2514,901
2514,901
2514,902
2514,902
2515,902
2515,902
2515,902
2516,902
2516,902
2517,902
2517,902
2518,902
2518,902
2519,902
2520,902
2520,901
2521,901
2522,901
2522,901
2523,901
2524,901
2524,901
2525,901
2526,901
2526,901
2527,901
2527,901
2528,901
2528,901
2529,901
2529,901
2529,901
2530,901
2530,901
2530,901
2530,901
2530,901
2531,901
2531,900
2531,900
2531,900
2532,899
2532,899
2532,899
2532,898
2533,898
2533,897
2534,896
2534,896
2534,895
2535,895
2535,894
2536,894
2537,893
2537,893
2538,892
2538,892
2539,892
2540,891
2540,891
2541,891
2542,890
2543,890
2544,890
2544,890
2545,889
2546,889
2547,889
2547,889
2548,889
2549,889
2549,888
2550,888
2550,888
2551,888
2551,888
2551,888
2552,888
2552,888
2552,888
2552,888
2552,888
2552,888
2552,887
2552,887
2552,887
2552,887
2552,886
2552,886
2552,886
2552,885
2552,885
2552,885
2551,884
2551,884
2551,883
2551,883
2551,883
2551,882
2550,882
2550,881
2550,881
2550,880
2550,879
2550,879
2551,878
2551,877
2551,876
2551,875
2552,875
2552,874
2553,873
2553,872
2554,871
2554,870
2555,869
2555,869
2556,868
2556,867
2557,867
2557,866
2558,865
2559,865
2559,865
2560,864
2560,864
2561,864
2562,864
2562,864
2563,864
2563,864
2563,864
2564,865
2564,865
2564,866
2564,866
2565,867
2565,867
2565,868
2565,869
2565,869
2565,870
2565,871
2565,871
2565,872
2565,872
2565,873
2565,873
2565,873
2565,874
2565,874
2565,874
2565,874
2565,874
2565,874
2565,874
2565,874
2565,874
2565,874
2566,874
2566,874
2566,874
2566,874
2566,874
2567,874
2567,873
2568,873
2568,873
2569,873
2569,873
2570,872
2570,872
2571,872
2572,872
2573,872
2573,871
2574,871
2575,871
2576,871
2577,870
2577,870
2578,870
2579,870
2580,870
2581,870
2582,869
2582,869
2583,869
2584,869
2585,870
2585,870
2586,870
2587,870
2588,870
2589,870
2589,870
2590,870
2591,870
2592,871
2593,871
2594,871
2595,871
2596,871
2597,871
2598,871
2599,871
2601,871
2602,871
2603,871
2604,870
2606,870
2607,870
2608,869
2610,869
2611,868
2613,868
2614,867
2615,867
2617,866
2618,866
2619,866
2620,866
2621,865
2622,865
2623,865
2624,866
2625,866
2625,866
2626,866
2627,866
2628,866
2629,867
2630,866
2632,866
2633,866
2635,865
2636,865
2638,863
2641,862
2643,861
2646,859
2649,857
2652,854
2655,852
2658,849
2661,846
2664,844
2668,841
2671,838
2674,835
2677,832
2679,830
2682,828
2683,826
2685,824
2686,823
2687,822
2687,822
2687,822
2687,822
2686,823
2684,825
2682,827
2680,829
2677,832
2675,835
2671,838
2668,842
2665,845
2661,849
2658,853
2654,857
2651,861
2647,864
2644,868
2641,871
2639,874
2636,877
2634,879
2633,881
2631,883
2630,885
2629,886
2628,888
2627,888
2627,889
2627,890
2627,890
2627,891
2627,891
2627,891
2628,891
2628,891
2628,891
2629,891
2630,890
2630,890
2631,890
2632,889
2633,888
2634,888
2635,887
2636,886
2637,885
2638,884
2639,883
2640,882
2641,881
2642,881
2642,880
2643,879
2643,879
2644,878
2644,878
2644,877
2644,877
2644,877
2643,877
2643,878
2642,878
2641,879
2640,879
2639,880
2638,881
2637,881
2636,882
2635,883
2634,884
2633,885
2632,886
2631,886
2630,887
2629,888
2628,889
2627,889
2627,889
2626,890
2626,890
2625,890
2625,890
2625,890
2625,890
2625,890
2625,890
2625,890
2625,890
2625,890
2625,890
2625,890
2625,890
2624,891
2624,891
2624,891
2624,891
2623,892
2623,892
2623,892
2623,893
2622,893
2622,893
2622,894
2622,894
2621,894
2621,894
2621,894
2621,894
2622,894
2622,893
2622,893
2622,893
2623,892
2623,892
2623,891
2624,891
2624,890
2625,889
2625,889
2626,888
2626,887
2627,886
2627,886
2628,885
2628,884
2629,883
2629,883
2630,882
2630,881
2631,880
2632,880
2632,879
2633,878
2634,877
2634,876
2635,876
2636,875
2637,874
2637,873
2638,873
2639,872
2640,872
2640,871
2641,871
2642,870
2643,870
2643,870
2644,869
2645,869
2645,869
2646,869
2647,869
2647,869
2648,869
2649,869
2649,869
2650,869
2650,869
2651,869
2652,870
2652,870
2653,870
2654,870
2654,870
2655,870
2656,870
2657,870
2658,870
2659,869
2660,869
2661,868
2662,868
2664,867
2665,866
2667,865
2668,864
2670,863
2672,861
2674,860
2675,858
2677,857
2679,855
2681,853
2684,852
2686,850
2688,848
2690,846
2692,844
2694,842
2696,841
2698,839
2700,837
2702,836
2703,835
2705,833
2706,832
2708,831
2709,830
2710,829
2711,829
2712,828
2713,828
2713,827
2714,827
2714,827
2714,827
2714,827
2714,827
2714,828
2714,828
2714,828
2714,828
2714,828
2713,829
2713,829
2713,829
2713,829
2712,829
2712,828
2712,828
2712,828
2712,827
2712,827
2711,827
2711,826
2711,825
2711,825
2711,824
2711,823
2711,822
2711,821
2712,821
2712,820
2712,819
2712,817
2713,816
2713,815
2714,813
2714,812
2715,810
2716,808
2717,806
2718,804
2720,801
2721,799
2722,797
2724,794
2725,792
2727,789
2728,786
2730,784
2731,781
2733,779
2734,777
2736,774
2737,772
2738,770
2740,768
2741,767
2742,765
2743,764
2743,763
2744,762
2745,761
2745,761
2745,760
2746,760
2746,760
2746,760
2746,761
2746,761
2746,762
2745,762
2745,762
2745,763
2745,763
2745,764
2745,764
2745,765
2745,765
2745,765
2745,765
2745,766
2744,766
2744,766
2744,766
2744,767
2744,767
2743,767
2743,768
2742,768
2742,769
2741,769
2741,770
2740,770
2739,771
2739,771
2738,772
2737,773
2736,773
2736,774
2735,775
2734,775
2733,776
2733,776
2732,777
2731,777
2731,778
2730,778
2730,778
2730,778
2730,778
2730,778
2730,778
2730,778
2730,778
2730,777
2731,777
2731,776
2732,775
2732,775
2733,774
2733,773
2734,773
2735,772
2735,771
2736,770
2736,770
2737,769
2737,769
2738,768
2738,768
2738,768
2739,768
2739,767
2739,767
2739,767
2739,767
2739,767
2739,767
2739,768
2739,768
2739,768
2739,768
2739,768
2739,768
2739,769
2739,769
2739,769
2739,769
2739,770
2739,770
2739,771
2739,771
2739,771
2739,772
2740,772
2740,773
2740,773
2740,774
2740,774
2741,774
2741,775
2741,775
2742,775
2742,776
2742,776
2743,776
2743,777
2744,777
2744,777
2745,778
2745,778
2746,779
2746,779
2746,780
2747,780
2747,781
2747,782
2747,782
2748,783
2748,784
2748,785
2748,786
2748,787
2748,788
2748,789
2748,790
2747,791
2747,793
2747,794
2746,795
2746,796
2746,798
2745,799
2745,800
2744,801
2744,802
2744,803
2744,804
2744,804
2744,805
2744,805
2744,805
2744,806
2745,806
2745,806
2746,806
2746,805
2747,805
2748,805
2748,804
2749,804
2750,803
2751,803
2752,802
2753,802
2754,802
2755,801
2756,801
2756,801
2757,800
2758,800
2759,800
2759,801
2760,801
2760,801
2760,802
2761,803
2761,804
2761,804
2761,806
2761,807
2761,808
2761,810
2760,811
2760,813
2760,815
2759,816
2759,818
2758,820
2758,823
2757,825
2757,827
2756,829
2756,831
2755,834
2755,836
2754,838
2754,841
2753,843
2753,845
2752,848
2752,850
2752,852
2751,854
2751,856
2751,858
2751,860
2751,862
2751,864
2751,866
2751,868
2751,870
2751,871
2752,873
2752,874
2752,876
2753,877
2753,879
2754,880
2755,882
2756,883
2756,884
2757,885
2758,886
2760,887
2761,888
2762,889
2764,890
2765,891
2767,892
2768,893
2770,893
2772,894
2773,895
2775,895
2777,896
2779,897
2781,897
2783,898
2785,899
2786,900
2788,901
2790,902
2792,902
2793,903
2795,904
2797,905
2798,907
2800,908
2801,909
2803,910
2804,911
2806,912
2808,912
2809,913
2811,914
2813,915
2814,915
2816,916
2818,916
2820,917
2822,917
2824,917
2826,917
2828,917
2830,917
2832,917
2834,916
2837,916
2839,916
2841,915
2843,915
2845,915
2847,914
2849,914
2851,914
2853,914
2854,913
2856,913
2857,913
2858,913
2860,914
2861,914
2862,914
2862,915
2863,915
2864,916
2864,916
2865,917
2865,917
2865,918
2866,919
2866,919
2866,920
2867,921
2867,921
2868,922
2868,922
2869,922
2869,923
2870,923
2871,923
2872,922
2873,922
2875,922
2876,921
2877,921
2879,920
2881,919
2882,919
2884,918
2886,917
2888,916
2890,916
2892,915
2894,914
2896,913
2898,913
2900,912
2902,912
2903,912
2905,912
2907,912
2909,912
2910,912
2912,912
2913,913
2915,913
2916,914
2918,914
2919,915
2921,916
2922,917
2924,918
2925,918
2927,919
2929,920
2931,920
2933,921
2935,921
2937,921
2939,922
2941,922
2944,922
2946,922
2948,922
2951,922
2953,921
2956,921
2958,921
2960,921
2962,920
2965,920
2967,920
2968,920
2970,920
2972,921
2973,921
2975,921
2976,922
2977,922
2978,923
2979,924
2980,925
2981,926
2982,927
2982,928
2983,930
2983,931
2984,932
2984,934
2984,935
2985,937
2985,938
2985,939
2986,940
2986,942
2986,943
2987,944
2987,945
2987,947
2987,948
2988,949
2988,950
2988,951
2988,953
2988,954
2988,955
2988,956
2988,958
2988,959
2988,960
2988,962
2987,963
2987,965
2987,967
2987,968
2986,970
2986,972
2985,975
2985,977
2984,979
2984,982
2983,984
2982,987
2981,989
2980,992
2979,994
2978,996
2978,999
2977,1001
2976,1002
2975,1004
2974,1006
2973,1007
2972,1008
2971,1009
2970,1010
2969,1010
2969,1010
2968,1010
2967,1010
2967,1010
2966,1009
2966,1009
2965,1008
2965,1007
2964,1006
2964,1005
2964,1004
2964,1003
2964,1002
2964,1000
2963,999
2963,998
2963,996
2963,995
2963,994
2963,993
2962,992
2962,991
2961,990
2961,989
2960,989
2959,988
2958,988
2957,988
2956,987
2955,987
2954,987
2953,987
2952,987
2950,987
2949,987
2948,987
2946,987
2945,988
2944,988
2942,988
2941,989
2940,989
2939,990
2937,991
2936,992
2935,993
2934,994
2933,995
2932,996
2931,998
2930,999
2929,1000
2928,1002
2927,1003
2926,1005
2925,1006
2924,1008
2924,1010
2923,1011
2922,1013
2922,1015
2921,1017
2920,1018
2920,1020
2919,1022
2919,1024
2918,1026
2918,1027
2918,1029
2917,1031
2917,1033
2917,1034
2917,1036
2917,1037
2918,1039
2918,1040
2918,1042
2918,1043
2919,1045
2919,1046
2920,1047
2920,1049
2921,1050
2921,1051
2922,1052
2922,1054
2923,1055
2923,1056
2923,1057
2923,1059
2923,1060
2923,1061
2923,1063
2923,1064
2923,1065
2923,1067
2923,1068
2922,1069
2921,1071
2921,1072
2920,1074
2919,1075
2917,1077
2916,1079
2914,1081
2912,1083
2910,1085
2907,1087
2905,1090
2902,1093
2898,1096
2895,1099
2891,1102
2887,1105
2882,1109
2878,1112
2873,1116
2869,1120
2864,1124
2859,1128
2855,1132
2850,1135
2846,1139
2842,1142
2838,1145
2835,1147
2832,1150
2830,1151
2828,1153
2826,1154
2826,1154
2825,1154
2826,1154
2826,1153
2828,1152
2830,1150
2832,1148
2835,1145
2838,1142
2841,1139
2845,1135
2849,1132
2853,1128
2857,1124
2862,1120
2866,1116
2870,1112
2874,1108
2877,1105
2881,1101
2884,1098
2887,1095
2890,1092
2892,1089
2894,1087
2896,1085
2898,1083
2900,1081
2901,1079
2903,1078
2904,1076
2905,1075
2907,1074
2908,1073
2909,1072
2910,1071
2911,1070
2912,1069
2913,1069
2914,1068
2914,1067
2915,1066
2915,1065
2916,1064
2916,1063
2916,1062
2916,1061
2916,1059
2915,1058
2915,1057
2914,1055
2913,1054
2912,1053
2911,1051
2910,1050
2908,1048
2907,1047
2905,1045
2903,1044
2902,1042
2900,1041
2898,1040
2896,1038
2894,1037
2892,1036
2890,1034
2889,1033
2887,1032
2886,1031
2885,1030
2884,1029
2883,1028
2882,1027
2882,1026
2881,1025
2881,1024
2881,1023
2881,1022
2881,1021
2881,1020
2881,1019
2881,1018
2882,1018
2882,1017
2882,1016
2883,1015
2883,1014
2884,1012
2884,1011
2885,1010
2886,1008
2887,1006
2888,1004
2889,1002
2890,1000
2891,998
2893,995
2894,992
2896,989
2898,985
2900,982
2902,977
2904,973
2907,968
2910,964
2913,959
2916,953
2919,948
2922,943
2925,938
2928,932
2931,927
2934,922
2936,918
2939,913
2941,909
2943,905
2945,901
2947,898
2948,894
2949,891
2950,889
2951,886
2951,885
2951,883
2951,882
2951,881
2950,880
2949,880
2948,880
2947,880
2945,880
2943,881
2941,882
2939,883
2936,884
2934,885
2931,886
2928,887
2925,888
2922,890
2919,891
2916,893
2913,894
2910,896
2906,897
2903,899
2900,901
2897,902
2894,904
2890,906
2887,907
2884,909
2882,910
2879,912
2876,913
2874,915
2872,916
2870,917
2868,918
2866,918
2865,919
2864,919
2863,919
2862,920
2862,920
2861,920
2861,920
2860,919
2860,919
2860,919
2859,919
2859,919
2859,919
2858,919
2858,919
2858,919
2857,919
2857,919
2856,919
2856,919
2856,919
2855,919
2855,919
2854,920
2854,920
2853,920
2853,920
2852,920
2852,920
2852,920
2853,919
2853,918
2854,917
2855,916
2857,914
2859,912
2861,910
2863,907
2866,904
2869,901
2872,898
2875,894
2879,890
2883,886
2887,882
2891,878
2895,873
2899,869
2903,864
2907,860
2910,856
2913,852
2915,849
2917,846
2918,843
2919,841
2919,839
2918,838
2917,837
2914,837
2911,837
2908,837
2903,838
2899,840
2893,841
2887,843
2881,846
2874,848
2867,851
2860,853
2853,856
2846,859
2839,861
2832,863
2826,865
2820,867
2814,869
2808,870
2803,871
2799,871
2794,872
2791,872
2787,872
2784,872
2782,871
2779,870
2777,870
2776,868
2774,867
2773,866
2772,865
2771,863
2771,861
2770,860
2769,858
2768,857
2768,855
2767,853
2767,851
2766,849
2765,848
2765,846
2764,844
2764,842
2763,840
2763,838
2762,836
2762,834
2761,832
2760,830
2760,828
2759,826
2758,824
2758,822
2757,820
2756,818
2755,817
2754,815
2752,814
2751,813
2750,811
2748,810
2747,809
2745,808
2743,808
2742,807
2740,806
2738,806
2736,805
2734,805
2732,804
2730,804
2728,803
2727,803
2725,802
2723,802
2722,801
2720,801
2719,800
2717,799
2716,799
2714,798
2713,797
2712,796
2711,796
2709,795
2708,794
2707,793
2706,793
2705,792
2703,791
2702,790
2701,789
2700,789
2699,788
2698,787
2697,786
2695,786
2694,785
2693,784
2692,784
2691,783
2689,783
2688,782
2687,782
2686,781
2684,781
2683,781
2682,780
2680,780
2679,780
2677,780
2676,780
2674,780
2673,780
2671,780
2670,780
2668,780
2667,780
2665,780
2663,780
2662,779
2660,779
2658,779
2657,779
2655,779
2653,779
2651,779
2648,779
2646,779
2644,779
2642,779
2639,779
2637,779
2634,779
2632,779
2629,779
2626,779
2623,779
2621,780
2618,780
2615,780
2612,780
2610,780
2607,780
2604,780
2601,780
2599,780
2596,780
2594,780
2591,780
2589,780
2587,780
2585,780
2583,779
2581,779
2579,779
2577,779
2575,778
2573,778
2572,778
2570,777
2569,777
2568,776
2566,776
2565,775
2564,774
2563,774
2562,773
2561,773
2559,772
2558,772
2557,771
2556,770
2555,770
2554,769
2553,769
2552,769
2551,768
2550,768
2548,768
2547,767
2546,767
2545,767
2543,767
2542,768
2541,768
2540,768
2538,769
2537,769
2536,770
2535,770
2534,771
2533,771
2532,772
2531,772
2530,773
2529,774
2529,774
2528,775
2527,775
2527,776
2526,776
2526,776
2526,776
2526,777
2526,777
2526,776
2526,776
2526,776
2527,776
2527,776
2527,775
2528,775
2528,775
2529,774
2529,774
2530,774
2531,774
2531,773
2532,773
2532,773
2533,773
2533,773
2534,773
2534,773
2535,773
2535,774
2536,774
2537,774
2537,774
2538,775
2538,775
2539,775
2540,776
2540,776
2541,776
2542,777
2542,777
2543,777
2543,778
2544,778
2545,778
2545,778
2546,778
2546,779
2547,779
2548,779
2548,779
2549,779
2550,779
2550,779
2551,779
2551,779
2552,779
2553,779
2553,779
2554,779
2555,779
2555,779
2556,779
2557,778
2557,778
2558,778
2559,778
2560,778
2561,778
2562,777
2562,777
2563,777
2564,777
2565,776
2566,776
2567,776
2568,776
2569,776
2570,776
2571,776
2572,775
2574,775
2575,775
2576,775
2577,774
2578,774
2580,773
2581,773
2582,772
2584,772
2585,771
2586,771
2587,770
2589,769
2590,769
2591,768
2592,768
2593,767
2593,767
2594,767
2595,766
2595,766
2595,766
2596,766
2596,766
