1577,926
1577,927
1577,927
1577,927
1578,928
1578,928
1578,929
1578,930
1578,931
1579,932
1579,933
1579,934
1579,935
1580,936
1580,937
1580,938
1581,939
1581,940
1582,940
1582,941
1582,941
1583,942
1583,942
1584,942
1584,941
1585,941
1585,940
1586,940
1587,939
1587,938
1588,937
1588,936
1589,935
1589,934
1590,934
1590,933
1591,933
1591,932
1591,933
1592,933
1592,934
1592,935
1592,936
1592,938
1592,940
1592,942
1592,945
1591,948
1591,951
1590,955
1590,959
1590,963
1589,967
1588,971
1588,976
1587,980
1587,985
1586,990
1585,995
1585,999
1584,1003
1584,1008
1583,1011
1583,1015
1582,1019
1582,1022
1582,1024
1581,1027
1581,1029
1581,1031
1581,1032
1581,1034
1581,1034
1581,1035
1581,1035
1582,1036
1582,1036
1582,1036
1582,1035
1583,1035
1583,1035
1583,1034
1583,1034
1584,1033
1584,1033
1584,1032
1585,1032
1585,1032
1585,1032
1586,1032
1586,1032
1586,1032
1586,1033
1586,1033
1586,1034
1587,1035
1587,1037
1587,1038
1587,1039
1587,1041
1587,1043
1587,1045
1586,1047
1586,1049
1586,1051
1586,1053
1586,1055
1586,1058
1586,1060
1586,1062
1586,1064
1586,1066
1586,1068
1586,1070
1586,1072
1586,1074
1586,1075
1586,1077
1586,1078
1587,1080
1587,1081
1587,1082
1587,1083
1588,1084
1588,1085
1588,1085
1589,1086
1589,1087
1590,1087
1590,1088
1590,1089
1591,1089
1591,1090
1591,1091
1592,1092
1592,1093
1592,1094
1593,1096
1593,1097
1593,1099
1593,1100
1594,1102
1594,1104
1594,1106
1594,1108
1594,1110
1594,1112
1595,1114
1595,1116
1595,1118
1595,1120
1595,1122
1595,1124
1596,1126
1596,1128
1596,1130
1596,1131
1596,1132
1597,1134
1597,1135
1597,1136
1597,1138
1597,1139
1598,1140
1598,1141
1598,1143
1598,1144
1598,1145
1598,1147
1598,1149
1598,1150
1598,1152
1598,1154
1598,1155
1598,1157
1598,1158
1598,1160
1598,1161
1598,1163
1598,1164
1598,1165
1598,1167
1598,1168
1598,1169
1598,1170
1598,1171
1598,1172
1598,1173
1598,1174
1598,1175
1598,1176
1598,1177
1598,1178
1598,1179
1598,1181
1597,1182
1597,1183
1597,1185
1597,1186
1596,1188
1596,1190
1596,1191
1595,1193
1595,1195
1594,1197
1594,1199
1593,1201
1593,1203
1592,1205
1592,1207
1591,1209
1590,1211
1590,1213
1589,1214
1589,1216
1588,1218
1587,1219
1587,1221
1586,1222
1585,1223
1585,1225
1584,1226
1583,1227
1583,1228
1582,1229
1581,1231
1580,1232
1579,1233
1579,1234
1578,1235
1577,1236
1576,1237
1575,1239
1574,1240
1573,1241
1572,1242
1571,1243
1570,1244
1569,1245
1568,1246
1567,1247
1565,1248
1564,1249
1563,1250
1562,1251
1561,1252
1560,1253
1558,1254
1557,1255
1556,1256
1555,1257
1553,1258
1552,1259
1551,1260
1550,1261
1548,1261
1547,1262
1546,1263
1545,1264
1543,1265
1542,1265
1541,1266
1539,1266
1538,1267
1537,1267
1536,1267
1534,1268
1533,1268
1532,1269
1531,1269
1529,1269
1528,1270
1527,1270
1526,1271
1524,1272
1523,1272
1522,1273
1520,1274
1519,1275
1518,1275
1516,1276
1515,1277
1513,1278
1512,1279
1511,1280
1509,1281
1508,1282
1506,1283
1505,1284
1504,1285
1502,1286
1501,1287
1499,1287
1498,1288
1497,1289
1495,1289
1494,1290
1493,1291
1491,1291
1490,1292
1488,1292
1487,1292
1486,1293
1484,1293
1483,1293
1482,1294
1480,1294
1479,1294
1478,1295
1476,1295
1475,1295
1474,1296
1472,1296
1471,1296
1469,1297
1468,1297
1467,1298
1465,1298
1464,1299
1462,1300
1461,1300
1460,1301
1458,1302
1457,1302
1455,1303
1454,1304
1452,1305
1451,1306
1449,1308
1448,1309
1447,1310
1445,1311
1444,1312
1442,1314
1441,1315
1439,1316
1438,1317
1436,1318
1435,1319
1434,1320
1432,1321
1431,1321
1430,1322
1428,1322
1427,1323
1426,1323
1424,1323
1423,1323
1422,1323
1420,1323
1419,1322
1418,1322
1416,1322
1415,1321
1414,1321
1413,1321
1411,1320
1410,1320
1409,1320
1407,1319
1406,1319
1405,1319
1404,1319
1402,1319
1401,1319
1400,1319
1398,1319
1397,1319
1396,1320
1394,1320
1393,1320
1391,1321
1390,1321
1389,1322
1387,1322
1386,1322
1385,1322
1383,1323
1382,1323
1381,1323
1380,1322
1378,1322
1377,1322
1376,1321
1375,1321
1373,1320
1372,1319
1371,1318
1370,1317
1369,1317
1367,1316
1366,1315
1365,1314
1364,1313
1363,1312
1362,1311
1361,1310
1360,1310
1359,1309
1358,1308
1357,1307
1356,1307
1355,1306
1354,1305
1353,1304
1352,1304
1351,1303
1350,1302
1349,1301
1348,1301
1347,1300
1347,1299
1346,1298
1345,1297
1344,1297
1343,1296
1342,1295
1342,1294
1341,1293
1340,1293
1339,1292
1339,1291
1338,1290
1337,1289
1336,1288
1335,1287
1335,1286
1334,1284
1333,1283
1332,1282
1332,1280
1331,1279
1330,1278
1329,1276
1329,1275
1328,1273
1327,1272
1326,1270
1326,1269
1325,1267
1324,1266
1324,1264
1323,1262
1322,1260
1321,1259
1321,1257
1320,1255
1319,1253
1318,1252
1317,1250
1317,1248
1316,1247
1315,1245
1314,1243
1313,1242
1312,1240
1311,1239
1311,1237
1310,1236
1309,1234
1308,1233
1307,1232
1306,1230
1305,1229
1304,1228
1303,1226
1302,1225
1301,1224
1300,1222
1299,1221
1298,1219
1297,1218
1296,1217
1295,1215
1294,1214
1293,1213
1292,1212
1291,1210
1290,1209
1289,1208
1289,1207
1288,1205
1287,1204
1286,1203
1285,1202
1284,1200
1283,1199
1283,1198
1282,1196
1281,1195
1280,1194
1279,1192
1279,1191
1278,1189
1277,1188
1276,1186
1275,1184
1275,1183
1274,1181
1273,1179
1272,1178
1272,1176
1271,1174
1270,1173
1269,1171
1269,1169
1268,1168
1267,1166
1266,1165
1266,1164
1265,1162
1264,1161
1263,1160
1262,1158
1262,1157
1261,1156
1260,1155
1259,1154
1258,1153
1257,1151
1257,1150
1256,1149
1255,1148
1254,1147
1253,1146
1252,1145
1251,1143
1251,1142
1250,1141
1249,1140
1248,1139
1247,1137
1246,1136
1245,1135
1244,1134
1244,1132
1243,1131
1242,1130
1241,1129
1240,1127
1239,1126
1238,1125
1237,1124
1237,1123
1236,1121
1235,1120
1234,1119
1233,1118
1232,1117
1231,1116
1230,1115
1230,1114
1229,1113
1228,1113
1227,1112
1226,1111
1225,1111
1225,1110
1224,1110
1223,1109
1222,1109
1221,1108
1220,1108
1220,1107
1219,1106
1218,1106
1217,1105
1216,1104
1216,1103
1215,1102
1214,1101
1213,1099
1212,1098
1211,1097
1211,1095
1210,1093
1209,1092
1208,1090
1207,1088
1206,1086
1206,1084
1205,1082
1204,1079
1203,1077
1202,1075
1201,1073
1201,1070
1200,1068
1199,1066
1198,1063
1197,1061
1196,1059
1196,1057
1195,1055
1194,1053
1193,1051
1192,1049
1191,1047
1191,1046
1190,1044
1189,1043
1188,1042
1188,1040
1187,1039
1186,1038
1185,1037
1185,1036
1184,1035
1183,1034
1182,1033
1182,1032
1181,1030
1180,1029
1180,1028
1179,1027
1178,1026
1177,1025
1177,1023
1176,1022
1176,1021
1175,1020
1174,1019
1174,1018
1173,1017
1173,1016
1172,1015
1172,1014
1172,1013
1171,1012
1171,1011
1170,1011
1170,1010
1170,1010
1169,1009
1169,1008
1169,1008
1168,1007
1168,1007
1168,1007
1167,1006
1167,1006
1167,1005
1166,1005
1166,1004
1166,1004
1165,1003
1165,1002
1165,1001
1164,1000
1164,999
1164,998
1163,996
1163,994
1163,993
1162,991
1162,989
1162,987
1161,985
1161,983
1161,982
1161,981
1161,980
1160,980
1160,979
1160,979
1160,979
1160,980
1160,980
1160,981
1160,981
1160,982
1160,982
1160,983
1160,984
1160,984
1160,985
1160,985
1160,986
1160,986
1160,986
1159,986
1159,985
1159,984
1159,983
1158,982
1158,981
1158,979
1157,977
1157,974
1156,972
1155,969
1155,966
1154,962
1153,959
1153,955
1152,951
1151,947
1150,943
1149,940
1148,936
1147,932
1146,929
1145,925
1145,922
1144,919
1143,916
1142,913
1141,911
1140,908
1139,906
1138,904
1137,902
1136,900
1135,898
1134,896
1133,895
1133,894
1132,893
1131,892
1130,891
1130,891
1129,890
1128,890
1127,890
1127,890
1126,890
1125,890
1125,890
1124,890
1123,890
1123,890
1122,889
1121,889
1121,889
1120,889
1119,888
1118,888
1118,887
1117,886
1116,886
1115,885
1114,884
1114,883
1113,882
1112,881
1111,880
1110,879
1109,879
1109,878
1108,877
1107,877
1107,877
1106,877
1105,877
1105,877
1104,877
1104,877
1103,878
1103,878
1103,878
1102,879
1102,879
1102,879
1102,879
1102,879
1101,879
1101,879
1101,879
1101,879
1101,879
1101,878
1101,878
1101,878
1101,877
1101,876
1102,876
1102,875
1102,874
1102,873
1102,872
1102,871
1102,870
1102,869
1102,867
1102,866
1103,865
1103,864
1103,862
1103,861
1103,860
1103,858
1103,857
1103,856
1102,854
1102,853
1102,851
1102,849
1102,847
1102,845
1102,843
1101,841
1101,839
1101,837
1101,835
1101,834
1100,832
1100,830
1100,828
1100,827
1100,825
1100,824
1100,822
1099,821
1099,820
1099,819
1099,818
1099,818
1099,817
1099,816
1099,816
1099,815
1099,814
1099,814
1098,813
1098,812
1098,812
1098,811
1098,810
1098,809
1097,808
1097,807
1097,806
1096,804
1096,803
1096,801
1096,799
1095,797
1095,795
1094,793
1094,791
1094,789
1093,786
1093,784
1093,781
1092,779
1092,777
1092,775
1091,772
1091,770
1091,768
1090,767
1090,765
1090,763
1090,762
1090,761
1090,759
1090,758
1089,757
1089,756
1089,756
1089,755
1089,754
1089,753
1089,752
1089,752
1089,751
1089,750
1089,749
1089,748
1089,748
1089,747
1089,746
1089,745
1089,744
1089,742
1088,741
1088,740
1088,738
1088,737
1088,736
1088,734
1088,733
1087,731
1087,730
1087,729
1087,727
1087,726
1086,725
1086,724
1086,724
1086,723
1085,722
1085,722
1085,721
1084,721
1084,721
1084,721
1083,721
1083,721
1082,721
1082,721
1081,721
1081,721
1080,721
1079,721
1078,721
1078,721
1077,721
1076,721
1075,722
1074,722
1074,722
1073,722
1072,723
1071,723
1070,724
1069,724
1068,725
1067,725
1067,726
1066,727
1065,728
1064,729
1064,730
1063,731
1062,733
1062,735
1061,737
1060,739
1060,741
1059,743
1058,745
1058,748
1057,750
1057,752
1056,754
1055,756
1054,758
1054,760
1053,762
1052,763
1051,765
1050,766
1049,767
1048,768
1047,769
1046,769
1045,769
1043,769
1042,769
1041,768
1039,768
1038,767
1037,766
1035,765
1034,764
1032,763
1031,762
1029,761
1028,760
1026,759
1025,758
1023,757
1022,756
1020,756
1019,756
1018,755
1016,755
1015,756
1014,756
1013,756
1011,757
1010,757
1009,758
1008,759
1007,760
1005,760
1004,761
1003,762
1002,763
1001,765
1000,766
999,767
998,768
997,770
996,771
995,772
994,774
993,775
992,777
991,778
990,780
989,782
988,783
987,785
986,786
985,788
984,789
983,791
982,792
981,793
980,793
979,794
978,794
977,795
976,795
974,795
973,795
972,795
971,794
970,794
968,794
967,793
966,793
965,792
963,792
962,791
961,791
960,791
959,791
958,792
957,792
956,793
955,794
954,795
953,796
953,797
952,799
951,800
951,802
950,804
949,806
949,808
948,810
948,812
947,814
946,816
946,818
945,820
945,822
944,824
944,826
943,828
943,830
942,832
942,834
941,835
941,838
940,840
940,842
940,844
939,846
939,849
939,851
938,853
938,856
938,858
938,861
937,863
937,865
937,868
937,870
937,872
937,874
937,876
936,878
936,880
936,881
936,883
936,884
936,885
936,886
936,887
936,888
935,889
935,890
935,891
935,892
935,893
935,894
936,895
936,896
936,897
936,898
936,899
936,900
936,901
937,902
937,903
937,905
938,906
938,907
938,909
939,910
939,911
940,913
940,914
941,916
941,918
942,919
942,921
943,922
943,924
944,925
944,927
944,928
945,930
945,931
945,932
946,933
946,934
946,935
946,935
946,936
947,936
947,936
947,936
947,935
947,935
947,935
947,934
947,934
947,933
947,933
947,933
948,933
948,933
948,933
949,933
949,933
950,933
951,933
951,933
952,932
953,932
953,931
954,929
955,927
955,925
956,922
957,919
958,915
958,910
959,905
960,899
960,892
961,885
961,878
962,870
962,862
963,853
963,844
964,835
964,826
965,816
965,807
966,797
967,788
967,779
968,770
969,761
969,753
970,744
971,736
972,729
972,721
973,714
974,707
975,701
976,694
976,688
977,681
978,675
979,668
979,662
980,655
980,649
981,642
981,635
981,628
982,622
982,615
982,608
982,601
983,594
983,587
983,581
983,574
983,568
983,561
983,555
983,549
983,543
983,537
983,532
983,527
983,523
983,518
983,514
983,510
983,506
983,502
983,499
983,495
983,492
983,488
983,485
983,481
983,478
983,474
983,470
982,466
982,461
982,457
981,452
981,447
980,441
979,436
979,430
978,423
977,417
976,410
975,403
974,396
973,388
972,380
971,373
969,365
968,357
967,349
965,341
964,333
963,325
962,318
960,310
959,304
958,297
957,291
956,286
955,280
954,276
953,271
953,267
952,263
951,259
951,255
950,251
950,247
949,243
949,238
948,234
948,229
948,224
948,219
948,213
948,207
948,201
948,194
948,187
948,180
948,172
948,165
948,157
948,149
948,141
948,134
949,126
949,119
949,112
950,105
951,98
952,91
953,85
955,79
957,74
959,68
962,63
964,58
967,53
971,49
974,45
977,41
980,38
984,34
987,31
990,27
993,24
996,20
999,17
1002,14
1004,10
1007,7
1009,3
1011,0
1013,-4
1014,-8
1016,-12
1017,-16
1018,-20
1019,-24
1019,-28
1020,-32
1020,-35
1020,-39
1020,-43
1019,-46
1019,-49
1019,-52
1019,-55
1018,-57
1018,-60
1018,-62
1018,-64
1018,-66
1019,-68
1020,-70
1021,-71
1022,-73
1023,-74
1025,-75
1027,-76
1028,-77
1030,-78
1032,-78
1033,-78
1034,-78
1035,-78
1036,-78
1036,-77
1037,-77
1036,-76
1036,-76
1035,-75
1034,-74
1033,-74
1032,-73
1030,-72
1028,-72
1026,-71
1023,-71
1021,-70
1019,-69
1017,-68
1016,-68
1014,-67
1013,-66
1011,-65
1010,-65
1009,-64
1008,-63
1007,-62
1006,-61
1005,-60
1005,-59
1004,-58
1004,-57
1004,-57
1004,-56
1003,-55
1003,-54
1003,-53
1002,-53
1002,-52
1001,-51
1000,-50
999,-50
997,-49
995,-48
993,-48
991,-47
988,-47
985,-46
982,-46
978,-45
975,-45
972,-44
968,-44
965,-43
962,-43
959,-42
956,-42
954,-41
952,-41
949,-40
948,-40
946,-39
944,-39
943,-39
942,-38
941,-38
940,-37
938,-37
937,-37
936,-37
935,-37
934,-37
932,-37
931,-37
930,-37
930,-38
929,-38
928,-39
927,-39
926,-40
925,-40
924,-40
923,-40
921,-40
919,-40
918,-39
916,-39
914,-38
912,-37
909,-36
906,-35
904,-34
901,-32
898,-31
896,-30
893,-28
891,-27
888,-26
886,-25
883,-24
881,-23
879,-22
877,-21
875,-21
874,-20
872,-20
871,-20
870,-19
869,-19
868,-19
868,-18
868,-18
868,-18
868,-17
868,-17
869,-16
869,-16
870,-15
870,-15
871,-15
871,-14
872,-14
872,-13
872,-13
871,-12
871,-12
870,-11
869,-9
868,-7
867,-5
866,-2
865,0
863,4
863,8
862,13
861,19
860,26
860,33
860,42
860,51
860,60
861,70
862,81
863,93
864,105
865,117
867,130
869,143
870,156
872,169
874,182
876,194
878,206
880,217
881,226
882,235
883,242
883,247
883,251
882,254
881,254
879,253
877,250
875,246
872,239
868,232
863,223
859,212
853,201
848,189
842,176
836,163
830,150
823,137
817,124
811,111
805,99
799,87
794,75
789,64
784,54
779,45
775,36
771,29
768,22
765,16
763,12
761,9
760,7
760,6
760,8
760,10
762,15
764,20
766,27
769,35
772,45
775,55
779,66
783,78
787,91
792,104
796,116
800,129
804,141
808,153
812,164
815,174
818,183
820,190
822,196
823,201
824,204
825,206
825,207
824,208
824,207
823,206
822,204
820,202
819,200
818,198
816,195
815,194
814,192
812,191
811,190
810,189
809,189
809,190
808,192
808,195
808,199
808,204
809,209
810,215
811,222
812,229
813,237
814,245
815,254
816,262
818,271
819,279
820,287
821,295
822,302
823,309
823,315
824,321
824,326
824,332
825,337
825,342
825,347
825,352
826,357
826,362
826,368
827,373
827,379
828,386
828,392
828,398
828,404
828,410
828,415
827,419
826,423
824,427
823,430
821,432
818,434
815,435
812,436
809,436
806,437
802,437
798,437
794,438
790,438
786,439
781,440
777,441
773,442
769,444
764,446
760,448
756,450
752,452
748,455
744,458
740,460
736,463
733,466
729,469
726,473
723,476
720,480
717,483
714,487
712,491
709,495
707,499
704,503
702,507
700,511
698,515
696,518
694,521
692,524
690,526
688,528
686,530
685,532
683,533
682,535
680,536
679,537
678,538
677,539
676,540
676,541
675,542
675,543
675,544
674,545
674,546
674,547
675,547
675,548
675,549
675,549
676,550
676,550
677,550
677,551
678,551
679,551
679,552
680,552
681,552
682,552
683,552
683,552
684,552
685,551
686,550
686,549
687,547
688,546
688,544
689,542
689,539
690,537
691,535
691,533
692,531
693,529
694,528
695,527
696,526
698,526
699,526
701,527
703,527
704,528
706,529
708,531
711,532
713,534
715,536
717,538
720,541
722,543
725,546
728,548
730,551
733,553
735,555
738,557
740,558
742,560
745,561
747,562
750,563
752,564
754,564
757,565
759,565
761,565
763,565
766,565
768,565
770,564
772,564
775,563
777,562
779,561
782,560
784,559
786,558
788,557
791,556
793,554
796,553
798,552
801,551
803,550
806,549
808,549
811,548
814,548
816,549
819,550
822,551
825,552
828,554
831,556
835,557
838,559
841,561
844,562
847,563
850,565
854,565
857,566
860,566
864,566
867,566
870,565
873,564
877,563
880,561
884,559
887,557
890,554
893,550
897,547
900,543
903,538
906,534
909,529
913,525
916,521
919,517
922,514
925,511
929,508
932,506
935,504
938,503
942,502
945,501
948,500
952,500
955,500
958,500
961,500
964,500
967,500
970,501
973,500
976,500
979,500
981,499
984,498
986,497
989,496
991,494
994,493
996,491
998,489
1000,487
1002,485
1004,483
1006,481
1008,478
1010,476
1012,474
1014,472
1016,470
1017,468
1019,466
1021,465
1023,464
1024,463
1026,462
1028,462
1030,462
1031,461
1033,461
1035,461
1037,461
1038,461
1040,460
1042,460
1043,459
1045,458
1046,457
1048,456
1049,455
1050,454
1052,453
1053,452
1055,451
1056,450
1057,449
1059,448
1060,447
1061,446
1062,444
1063,443
1065,442
1066,441
1067,440
1068,439
1069,438
1071,438
1072,437
1073,437
1074,437
1075,437
1077,437
1078,438
1079,438
1080,439
1081,439
1082,440
1084,441
1085,442
1086,443
1087,444
1088,445
1089,446
1090,447
1091,448
1092,449
1093,450
1094,451
1095,451
1096,452
1097,453
1098,454
1099,454
1100,455
1101,456
1101,457
1102,458
1103,459
1104,461
1105,463
1106,465
1107,467
1108,470
1109,474
1110,477
1111,482
1112,487
1113,492
1114,497
1115,503
1116,509
1117,515
1118,521
1119,527
1120,533
1121,539
1122,545
1123,550
1124,556
1125,560
1126,565
1126,569
1127,572
1128,575
1128,577
1129,579
1129,581
1129,581
1129,582
1130,581
1130,580
1130,579
1130,577
1129,575
1129,572
1129,569
1129,566
1129,563
1129,560
1128,557
1128,554
1128,551
1128,549
1128,547
1128,545
1128,544
1128,543
1128,542
1128,542
1128,543
1128,543
1128,544
1129,545
1129,546
1129,547
1130,548
1130,550
1130,551
1131,553
1131,555
1131,557
1132,559
1132,562
1133,564
1133,567
1134,569
1134,572
1135,574
1135,577
1136,580
1136,582
1137,585
1137,588
1138,590
1138,593
1139,595
1139,597
1140,599
1140,601
1141,603
1141,604
1142,606
1142,607
1142,608
1143,609
1143,610
1143,610
1144,611
1144,612
1144,612
1145,613
1145,613
1145,614
1146,614
1146,615
1147,615
1147,616
1147,617
1148,618
1148,619
1149,620
1149,621
1149,622
1150,624
1151,626
1151,628
1152,630
1152,632
1153,634
1154,637
1154,639
1155,642
1156,645
1156,647
1157,650
1158,652
1158,655
1159,657
1160,660
1160,662
1161,664
1162,666
1163,667
1163,669
1164,670
1165,672
1165,673
1166,674
1167,675
1167,677
1168,678
1169,679
1170,680
1170,682
1171,683
1172,684
1173,686
1173,687
1174,689
1175,690
1176,691
1177,693
1178,695
1178,696
1179,698
1180,700
1181,702
1182,704
1183,706
1184,708
1185,711
1186,713
1186,715
1187,718
1188,720
1189,722
1190,724
1191,726
1192,728
1193,730
1194,732
1194,733
1195,735
1196,736
1197,737
1198,738
1198,739
1199,740
1200,740
1201,741
1201,741
1202,742
1203,742
1204,743
1204,744
1205,744
1206,745
1207,747
1207,748
1208,749
1209,751
1210,753
1211,755
1212,757
1213,759
1214,762
1215,764
1216,767
1217,769
1218,772
1219,774
1220,777
1221,779
1222,781
1223,783
1224,785
1225,787
1226,788
1227,789
1228,790
1229,791
1230,791
1231,791
1232,792
1233,791
1234,791
1235,791
1236,791
1237,790
1238,790
1240,789
1241,789
1242,789
1243,788
1244,788
1246,788
1247,788
1248,789
1250,789
1251,790
1253,790
1254,791
1256,792
1257,794
1259,795
1260,796
1262,797
1264,799
1265,800
1267,802
1269,803
1271,805
1273,806
1275,808
1277,809
1279,810
1281,811
1283,812
1285,813
1287,815
1289,815
1292,816
1294,817
1296,818
1299,819
1301,820
1304,821
1307,821
1309,822
1312,823
1315,824
1318,825
1320,825
1323,826
1326,827
1329,828
1332,829
1335,830
1339,831
1342,833
1345,834
1348,835
1351,837
1355,838
1358,840
1361,842
1365,843
1368,845
1372,846
1375,848
1379,849
1382,851
1385,852
1389,854
1392,855
1396,856
1399,857
1402,858
1406,859
1409,860
1412,861
1416,861
1419,862
1422,862
1425,862
1428,862
1432,862
1435,862
1438,862
1441,862
1444,862
1447,861
1449,861
1452,861
1455,860
1458,860
1460,859
1463,859
1465,858
1468,858
1470,857
1473,857
1475,857
1477,857
1479,857
1481,857
1483,857
1485,857
1487,857
1489,857
1491,858
1493,858
1494,859
1496,859
1498,860
1499,860
1501,861
1503,861
1504,862
1506,862
1507,862
1509,863
1510,863
1512,863
1513,863
1514,863
1516,863
1517,863
1519,862
1520,862
1521,861
1522,861
1524,861
1525,860
1526,860
1527,859
1528,859
1529,859
1530,859
1531,858
1532,858
1533,858
1534,859
1535,859
1536,859
1536,859
1537,860
1538,860
1538,861
1539,862
1540,862
1540,863
1541,864
1541,864
1542,865
1543,865
1543,866
1544,866
1544,867
1545,867
1546,868
1547,868
1547,868
1548,868
1549,868
1550,868
1550,868
1551,868
1552,868
1553,868
1554,867
1555,867
1556,866
1557,865
1559,864
1560,863
1561,862
1562,862
1563,860
1564,859
1565,858
1566,857
1567,856
1568,855
1568,853
1569,852
1570,850
1570,849
1571,848
1571,846
1571,845
1571,843
1571,842
1571,841
1571,840
1570,838
1570,836
1569,835
1569,833
1568,830
1567,828
1567,825
1566,822
1565,818
1564,814
1562,809
1561,804
1560,799
1559,793
1557,786
1556,779
1554,772
1553,765
1551,757
1549,749
1548,741
1546,733
1544,724
1542,716
1541,707
1539,699
1537,691
1535,683
1534,675
1532,667
1530,659
1529,652
1527,645
1526,638
1524,631
1523,625
1522,618
1521,612
1520,607
1519,601
1518,596
1517,591
1517,586
1517,581
1516,577
1516,572
1516,567
1516,563
1516,558
1517,553
1517,549
1517,545
1518,541
1518,537
1519,534
1519,531
1520,528
1521,525
1521,522
1522,520
1523,517
1524,515
1525,513
1527,511
1528,509
1529,506
1531,504
1532,501
1534,498
1536,495
1538,491
1540,487
1543,483
1545,479
1548,474
1550,470
1553,465
1556,460
1559,454
1562,449
1565,444
1568,438
1572,433
1575,429
1578,425
1581,421
1584,419
1587,416
1590,415
1593,414
1596,414
1599,415
1601,416
1604,418
1606,420
1608,423
1611,427
1613,430
1615,434
1617,438
1619,442
1621,446
1623,450
1625,453
1627,455
1630,457
1632,459
1634,460
1636,460
1639,460
1641,459
1643,457
1646,455
1648,453
1650,450
1653,448
1655,445
1657,442
1659,439
1661,437
1663,435
1664,433
1665,431
1667,430
1667,429
1668,429
1669,430
1669,431
1669,433
1668,436
1668,439
1667,443
1666,447
1664,452
1663,456
1661,461
1659,466
1657,471
1655,476
1652,480
1650,485
1647,489
1644,493
1642,497
1639,500
1636,503
1634,506
1631,508
1628,510
1625,512
1622,513
1619,513
1617,513
1614,513
1611,513
1608,512
1605,511
1602,509
1599,508
1596,506
1593,504
1590,502
1587,499
1585,497
1582,494
1579,491
1576,487
1573,484
1570,480
1567,477
1564,473
1562,469
1559,465
1556,462
1553,459
1551,456
1548,454
1545,452
1543,450
1540,450
1538,449
1535,449
1533,450
1530,452
1528,454
1526,457
1524,460
1521,464
1519,468
1517,473
1515,478
1513,483
1511,488
1509,493
1507,499
1505,504
1503,510
1501,515
1499,520
1497,525
1495,530
1493,535
1491,539
1489,542
1487,545
1485,548
1483,550
1481,552
1480,553
1478,553
1476,553
1474,553
1473,551
1471,550
1470,548
1469,546
1467,543
1466,541
1465,538
1464,535
1463,532
1462,530
1461,527
1460,524
1459,522
1459,519
1458,517
1458,514
1457,512
1457,509
1457,507
1457,504
1457,502
1457,500
1457,498
1457,495
1457,493
1457,491
1457,489
1457,487
1458,485
1458,484
1458,482
1459,480
1459,478
1460,476
1460,475
1461,473
1462,471
1462,469
1463,468
1464,466
1465,465
1465,464
1466,463
1467,463
1468,463
1469,463
1470,463
1471,463
1472,464
1473,464
1474,465
1476,465
1477,465
1479,465
1480,465
1482,465
1484,464
1485,463
1487,462
1490,460
1492,458
1494,456
1496,453
1498,449
1501,446
1503,442
1506,437
1508,433
1511,428
1514,423
1516,418
1519,413
1522,408
1524,404
1527,399
1530,395
1533,390
1535,386
1538,382
1541,379
1543,375
1546,372
1549,368
1551,365
1554,362
1557,360
1559,358
1562,356
1565,354
1567,353
1570,352
1572,352
1575,352
1577,352
1579,353
1582,355
1584,357
1586,359
1588,361
1590,364
1592,367
1593,371
1595,374
1597,377
1598,380
1600,383
1601,385
1603,388
1604,390
1606,392
1607,393
1609,395
1610,396
1612,396
1613,397
1615,397
1616,396
1618,395
1620,394
1621,392
1623,390
1624,387
1626,384
1628,380
1629,377
1631,373
1633,369
1634,366
1636,362
1637,359
1639,356
1640,353
1641,351
1642,350
1643,348
1644,347
1645,347
1646,347
1647,347
1647,347
1648,347
1648,348
1649,349
1649,350
1649,351
1650,352
1650,354
1650,356
1650,358
1650,360
1649,362
1649,365
1649,369
1648,372
1647,376
1647,381
1646,385
1645,390
1644,394
1643,399
1642,403
1640,407
1639,410
1638,413
1637,416
1635,418
1633,420
1632,422
1630,424
1628,425
1626,425
1624,426
1622,426
1620,425
1618,424
1616,422
1613,420
1611,417
1608,414
1606,410
1603,406
1600,401
1598,396
1595,390
1592,385
1589,379
1586,373
1583,368
1580,363
1576,358
1573,353
1569,349
1566,345
1562,342
1558,339
1554,337
1551,336
1547,334
1543,333
1539,333
1534,332
1530,332
1526,332
1522,332
1518,331
1514,331
1510,331
1505,331
1501,331
1497,331
1493,330
1489,330
1485,329
1481,328
1477,327
1473,326
1470,325
1466,323
1463,321
1459,320
1456,318
1453,317
1450,316
1447,316
1445,315
1442,315
1440,316
1438,317
1435,318
1433,320
1431,322
1429,325
1427,328
1425,332
1423,336
1421,340
1419,344
1418,348
1416,353
1414,357
1412,361
1411,366
1409,370
1407,373
1406,377
1404,380
1403,382
1401,384
1400,386
1398,387
1397,388
1395,388
1394,388
1392,387
1391,386
1389,385
1387,383
1386,381
1384,380
1383,378
1381,377
1380,376
1378,375
1377,375
1375,375
1374,375
1373,375
1371,375
1370,375
1369,375
1368,376
1366,376
1365,377
1364,377
1363,378
1362,378
1361,379
1360,380
1359,381
1358,382
1357,383
1356,384
1355,385
1354,385
1353,386
1352,387
1351,387
1350,387
1349,386
1347,385
1346,384
1345,382
1343,380
1342,378
1340,375
1339,373
1337,370
1336,368
1334,366
1332,364
1331,363
1329,361
1327,360
1326,360
1324,360
1322,359
1321,360
1319,360
1318,361
1317,361
1315,362
1314,363
1313,363
1312,364
1311,365
1310,366
1308,367
1307,368
1306,369
1305,370
1304,371
1303,372
1302,373
1301,374
1300,375
1299,377
1298,378
1297,379
1296,381
1295,383
1294,384
1292,386
1291,388
1290,391
1289,393
1288,396
1287,399
1286,402
1284,406
1283,410
1282,414
1280,419
1279,424
1277,429
1276,434
1274,439
1272,445
1270,451
1268,457
1266,463
1264,469
1262,476
1260,482
1258,489
1255,495
1253,502
1250,509
1248,515
1245,522
1242,529
1239,535
1236,542
1233,549
1230,555
1226,562
1223,569
1220,575
1216,582
1213,588
1209,595
1206,600
1202,606
1198,611
1195,616
1191,621
1187,626
1183,630
1179,634
1174,638
1170,641
1166,645
1161,648
1157,651
1152,655
1148,658
1143,662
1138,666
1133,670
1129,674
1124,678
1119,683
1114,688
1109,693
1104,698
1099,704
1094,709
1089,715
1084,720
1079,726
1074,732
1069,738
1064,744
1059,750
1055,756
1050,762
1045,768
1041,774
1036,779
1032,785
1027,790
1023,794
1019,799
1014,803
1010,807
1005,810
1000,813
996,816
991,819
986,822
981,825
975,828
970,831
964,833
959,836
953,839
947,841
941,844
935,847
929,850
923,853
916,856
910,859
904,862
897,866
891,869
885,873
879,877
874,881
868,886
863,890
858,895
853,901
849,906
845,912
841,917
838,923
835,929
832,936
830,942
828,948
826,955
824,961
823,968
821,974
820,980
819,986
818,992
817,998
816,1004
816,1010
815,1015
815,1020
814,1026
814,1031
813,1036
813,1040
813,1045
812,1050
812,1054
812,1058
812,1062
812,1066
813,1070
813,1073
813,1077
814,1081
814,1084
815,1088
816,1091
817,1095
818,1098
820,1102
821,1106
823,1109
824,1113
826,1117
828,1120
830,1123
832,1127
833,1130
835,1133
837,1136
839,1138
841,1141
843,1143
845,1145
847,1147
849,1149
850,1150
852,1151
854,1153
856,1154
857,1155
859,1156
861,1157
863,1158
865,1158
866,1159
868,1160
870,1160
872,1161
873,1162
875,1162
877,1163
879,1163
881,1164
882,1164
884,1165
886,1165
888,1165
890,1166
891,1166
893,1167
895,1167
897,1168
899,1168
900,1168
902,1169
904,1169
906,1169
907,1169
909,1169
911,1169
913,1169
914,1169
916,1169
918,1169
919,1169
921,1169
923,1169
924,1169
926,1168
928,1168
929,1168
931,1168
932,1168
934,1167
936,1167
937,1167
939,1166
940,1166
942,1166
943,1165
945,1165
946,1165
948,1164
949,1164
951,1164
952,1164
954,1163
955,1163
957,1163
958,1162
960,1162
961,1162
963,1161
964,1161
966,1160
967,1160
968,1159
970,1159
971,1158
973,1158
974,1157
975,1157
977,1157
978,1156
980,1156
981,1155
983,1155
984,1155
986,1154
987,1154
989,1154
990,1153
992,1153
993,1153
995,1153
996,1153
998,1153
999,1153
1001,1153
1002,1153
1004,1154
1006,1154
1007,1154
1009,1155
1011,1155
1012,1156
1014,1156
1016,1157
1017,1157
1019,1157
1020,1158
1022,1158
1024,1158
1025,1158
1027,1158
1028,1158
1030,1158
1031,1158
1033,1158
1034,1158
1036,1158
1037,1158
1039,1158
1040,1158
1042,1157
1043,1157
1045,1157
1046,1157
1048,1156
1049,1156
1051,1155
1052,1155
1054,1154
1055,1153
1057,1153
1058,1152
1060,1152
1061,1151
1062,1150
1064,1150
1065,1149
1067,1149
1068,1148
1070,1148
1071,1147
1073,1147
1074,1146
1076,1146
1077,1145
1079,1145
1080,1145
1082,1145
1083,1144
1085,1144
1087,1144
1088,1144
1090,1144
1091,1143
1093,1143
1095,1143
1096,1143
1098,1143
1099,1143
1101,1143
1103,1143
1104,1142
1106,1142
1107,1142
1109,1141
1110,1141
1112,1141
1114,1140
1115,1139
1117,1139
1118,1138
1120,1138
1121,1137
1123,1136
1124,1136
1126,1135
1127,1135
1129,1134
1130,1133
1132,1133
1133,1133
1135,1132
1136,1132
1138,1131
1140,1131
1141,1131
1143,1131
1144,1131
1146,1131
1148,1131
1149,1131
1151,1131
1153,1131
1154,1131
1156,1131
1158,1131
1159,1132
1161,1132
1163,1132
1164,1132
1166,1132
1167,1133
1169,1133
1171,1133
1172,1133
1174,1133
1176,1132
1177,1132
1179,1132
1180,1132
1182,1131
1183,1131
1185,1130
1186,1130
1188,1129
1189,1128
1191,1128
1192,1127
1194,1126
1195,1126
1197,1125
1198,1124
1200,1123
1201,1123
1203,1122
1204,1121
1205,1121
1207,1120
1208,1120
1210,1119
1211,1119
1213,1118
1214,1118
1216,1118
1217,1117
1218,1117
1220,1116
1221,1116
1223,1116
1224,1115
1226,1115
1227,1114
1229,1114
1230,1113
1232,1113
1233,1112
1234,1112
1236,1112
1237,1111
1239,1111
1240,1111
1242,1111
1243,1111
1245,1111
1246,1111
1248,1111
1249,1111
1251,1111
1252,1111
1254,1111
1255,1111
1257,1111
1258,1111
1260,1110
1261,1110
1263,1110
1264,1110
1266,1109
1267,1109
1269,1108
1270,1107
1272,1106
1273,1105
1275,1104
1276,1102
1278,1101
1279,1100
1280,1098
1282,1096
1283,1095
1285,1093
1286,1091
1288,1090
1289,1089
1291,1087
1292,1086
1294,1085
1295,1085
1297,1085
1298,1084
1300,1085
1301,1085
1303,1086
1304,1086
1306,1087
1307,1088
1309,1089
1310,1091
1312,1092
1313,1093
1315,1094
1316,1095
1318,1096
1319,1097
1321,1098
1322,1099
1324,1099
1325,1099
1327,1100
1328,1100
1329,1099
1331,1099
1332,1098
1334,1098
1335,1097
1336,1096
1338,1095
1339,1093
1341,1092
1342,1091
1343,1090
1345,1088
1346,1087
1348,1086
1349,1085
1350,1084
1352,1083
1353,1082
1354,1082
1356,1081
1357,1081
1358,1081
1360,1081
1361,1082
1362,1082
1364,1083
1365,1083
1366,1084
1368,1084
1369,1085
1370,1085
1371,1086
1373,1087
1374,1087
1375,1088
1376,1089
1378,1089
1379,1090
1380,1090
1381,1091
1382,1091
1384,1092
1385,1092
1386,1092
1387,1092
1389,1092
1390,1092
1391,1092
1392,1092
1394,1092
1395,1092
1396,1091
1397,1091
1399,1090
1400,1090
1401,1089
1403,1089
1404,1089
1405,1088
1406,1088
1408,1088
1409,1088
1410,1088
1411,1089
1413,1089
1414,1090
1415,1090
1416,1091
1417,1091
1419,1092
1420,1093
1421,1093
1422,1094
1423,1095
1425,1096
1426,1097
1427,1097
1428,1098
1429,1099
1430,1100
1431,1101
1432,1102
1433,1102
1434,1103
1435,1104
1436,1104
1437,1105
1438,1105
1439,1106
1440,1106
1441,1106
1441,1106
1442,1106
1443,1106
1444,1106
1444,1106
1445,1105
1446,1105
1446,1105
1447,1104
1447,1104
1448,1104
1448,1103
1449,1103
1449,1103
1449,1103
1450,1103
1450,1103
1450,1103
1450,1103
1450,1103
1451,1103
1451,1103
1451,1103
1451,1103
1451,1103
1451,1104
1451,1104
1451,1104
1451,1105
1451,1105
1451,1106
1451,1106
1451,1107
1451,1107
1451,1107
1451,1107
1452,1107
1452,1107
1452,1107
1452,1106
1452,1106
1452,1105
1452,1104
1452,1102
1452,1101
1453,1100
1453,1098
1453,1097
1453,1095
1453,1094
1454,1093
1454,1092
1454,1091
1454,1090
1454,1089
1454,1088
1454,1088
1454,1087
1455,1087
1455,1087
1455,1087
1455,1087
1455,1087
1455,1087
1455,1087
1455,1088
1455,1088
1455,1088
1456,1088
1456,1088
1456,1088
1456,1088
1456,1088
1456,1088
1457,1087
1457,1087
1457,1086
1458,1085
1458,1085
1458,1084
1459,1083
1459,1082
1459,1082
1460,1081
1460,1080
1461,1080
1461,1080
1462,1079
1462,1079
1462,1079
1463,1080
1463,1080
1464,1081
1464,1081
1465,1082
1465,1083
1466,1084
1466,1085
1467,1086
1467,1087
1468,1088
1468,1089
1469,1090
1469,1092
1470,1093
1470,1094
1471,1095
1472,1096
1472,1097
1473,1097
1474,1098
1474,1099
1475,1100
1476,1101
1477,1102
1477,1103
1478,1104
1479,1105
1480,1106
1480,1107
1481,1108
1482,1109
1483,1110
1483,1112
1484,1113
1485,1114
1485,1115
1486,1117
1487,1118
1488,1119
1489,1120
1489,1121
1490,1122
1491,1123
1492,1123
1492,1124
1493,1125
1494,1126
1495,1127
1495,1128
1496,1129
1497,1130
1498,1131
1498,1132
1499,1133
1500,1135
1501,1136
1501,1136
1502,1137
1503,1138
1503,1139
1504,1140
1505,1141
1506,1142
1506,1142
1507,1143
1508,1144
1509,1145
1509,1146
1510,1147
1511,1148
1511,1149
1512,1150
1513,1151
1513,1152
1514,1153
1515,1154
1515,1156
1516,1157
1517,1158
1517,1160
1518,1162
1519,1163
1519,1165
1520,1167
1521,1168
1521,1170
1522,1172
1523,1174
1523,1176
1524,1178
1525,1180
1525,1181
1526,1183
1527,1184
1527,1185
1528,1187
1529,1187
1530,1188
1531,1189
1532,1189
1532,1190
1533,1190
1534,1190
1535,1190
1536,1190
1537,1191
1538,1191
1539,1191
1540,1191
1541,1191
1542,1191
1543,1191
1544,1192
1545,1192
1546,1192
1547,1193
1548,1193
1549,1194
1549,1194
1550,1195
1551,1196
1552,1196
1553,1197
1554,1198
1555,1199
1555,1200
1556,1201
1557,1202
1558,1203
1559,1204
1559,1205
1560,1206
1561,1207
1562,1208
1563,1209
1563,1210
1564,1211
1565,1213
1566,1214
1566,1215
1567,1216
1568,1218
1569,1219
1570,1220
1570,1222
1571,1223
1572,1224
1573,1225
1573,1227
1574,1228
1575,1229
1576,1230
1576,1231
1577,1232
1578,1233
1578,1234
1579,1236
1580,1237
1580,1238
1581,1239
1581,1240
1582,1241
1582,1242
1583,1242
1584,1243
1584,1244
1584,1245
1585,1245
1585,1246
1586,1246
1586,1247
1587,1247
1587,1247
1588,1247
1588,1247
1588,1247
1589,1247
1589,1247
1590,1247
1590,1247
1590,1246
1591,1246
1591,1246
1591,1245
1592,1245
1592,1244
1592,1244
1592,1243
1593,1243
1593,1242
1593,1242
1593,1241
1593,1241
1593,1240
1593,1240
1593,1239
1593,1239
1593,1239
1593,1239
1592,1239
1592,1240
1591,1240
1591,1241
1590,1242
1589,1243
1588,1244
1588,1246
1587,1247
1586,1249
1585,1251
1584,1253
1582,1254
1581,1256
1580,1258
1579,1260
1578,1262
1576,1264
1575,1265
1574,1267
1573,1269
1571,1270
1570,1271
1569,1272
1568,1273
1567,1274
1565,1274
1564,1274
1563,1274
1562,1274
1561,1273
1560,1273
1559,1272
1558,1271
1557,1270
1556,1269
1554,1268
1553,1268
1552,1267
1551,1266
1550,1265
1548,1265
1547,1264
1546,1264
1544,1264
1543,1263
1542,1263
1540,1263
1539,1263
1537,1263
1536,1263
1534,1264
1533,1264
1531,1264
1529,1264
1528,1264
1526,1264
1525,1264
1523,1264
1522,1264
1520,1264
1518,1264
1517,1264
1515,1264
1514,1264
1512,1263
1511,1263
1509,1263
1508,1262
1506,1262
1505,1261
1503,1261
1502,1261
1500,1260
1499,1260
1497,1260
1496,1260
1494,1260
1493,1260
1491,1260
1490,1260
1488,1260
1487,1260
1485,1260
1484,1260
1482,1260
1481,1260
1480,1260
1478,1260
1477,1260
1476,1260
1475,1260
1473,1259
1472,1259
1471,1259
1470,1259
1469,1258
1468,1258
1467,1258
1466,1257
1465,1257
1464,1257
1463,1256
1462,1256
1461,1256
1460,1255
1459,1255
1458,1255
1457,1256
1457,1256
1456,1256
1455,1257
1454,1258
1453,1259
1452,1260
1451,1261
1450,1263
1449,1264
1448,1266
1447,1268
1446,1269
1445,1271
1444,1273
1443,1275
1442,1277
1441,1279
1440,1281
1439,1283
1438,1284
1437,1286
1436,1288
1435,1290
1434,1292
1433,1294
1432,1296
1431,1298
1430,1300
1429,1302
1428,1305
1427,1307
1426,1309
1424,1312
1423,1315
1422,1317
1420,1320
1419,1324
1417,1327
1416,1330
1414,1334
1412,1337
1410,1341
1408,1345
1405,1349
1403,1353
1400,1357
1398,1362
1395,1366
1392,1371
1388,1376
1385,1381
1382,1386
1378,1391
1374,1396
1371,1401
1367,1406
1363,1411
1359,1417
1355,1422
1352,1428
1348,1433
1344,1439
1340,1445
1336,1450
1332,1456
1328,1462
1325,1467
1321,1473
1317,1479
1313,1484
1310,1490
1306,1495
1302,1501
1298,1507
1295,1513
1291,1519
1287,1525
1282,1531
1278,1537
1274,1544
1269,1550
1265,1557
1260,1564
1256,1571
1251,1578
1246,1586
1241,1593
1236,1601
1230,1609
1225,1617
1220,1625
1215,1633
1210,1642
1204,1650
1199,1658
1194,1666
1189,1674
1184,1682
1179,1690
1175,1698
1170,1705
1166,1713
1161,1719
1157,1726
1153,1732
1149,1738
1145,1744
1142,1749
1138,1754
1135,1759
1131,1763
1128,1767
1125,1771
1122,1774
1119,1777
1116,1780
1113,1783
1110,1786
1108,1789
1105,1791
1103,1794
1100,1796
1098,1798
1095,1800
1093,1802
1091,1804
1089,1806
1087,1808
1085,1809
1083,1811
1081,1812
1079,1814
1078,1815
1076,1816
1074,1817
1073,1818
1071,1819
1070,1820
1068,1821
1067,1822
1065,1822
1064,1823
1063,1823
1061,1823
1060,1823
1058,1823
1057,1823
1056,1822
1054,1822
1053,1821
1052,1821
1050,1820
1049,1819
1047,1818
1046,1817
1045,1816
1044,1815
1042,1814
1041,1813
1040,1812
1039,1811
1038,1810
1036,1809
1035,1808
1034,1807
1033,1806
1032,1805
1031,1804
1030,1804
1030,1803
1029,1802
1028,1801
1027,1800
1026,1799
1025,1798
1025,1797
1024,1796
1023,1795
1022,1794
1022,1793
1021,1791
1020,1790
1019,1788
1018,1786
1018,1785
1017,1783
1016,1781
1015,1779
1014,1777
1013,1775
1013,1773
1012,1771
1011,1769
1010,1767
1009,1765
1009,1763
1008,1761
1007,1759
1007,1757
1006,1755
1005,1754
1005,1752
1004,1750
1004,1749
1003,1747
1003,1745
1002,1744
1002,1742
1001,1741
1001,1739
1001,1738
1000,1737
1000,1735
1000,1734
999,1733
999,1731
999,1730
998,1729
998,1727
998,1726
998,1725
997,1723
997,1722
997,1721
997,1719
997,1718
996,1717
996,1715
996,1714
996,1713
996,1711
996,1710
996,1708
996,1706
996,1705
996,1703
995,1702
995,1700
995,1698
995,1696
995,1694
995,1693
995,1691
995,1689
995,1687
995,1685
995,1683
995,1681
995,1679
995,1677
995,1675
995,1673
995,1672
995,1670
995,1668
996,1667
996,1665
996,1663
996,1662
997,1660
997,1659
997,1658
998,1656
998,1655
998,1654
999,1653
999,1651
1000,1650
1000,1650
1001,1649
1001,1648
1002,1647
1003,1647
1003,1646
1004,1646
1005,1645
1005,1645
1006,1645
1007,1645
1008,1644
1008,1644
1009,1644
1010,1643
1011,1643
1011,1642
1012,1642
1013,1641
1013,1641
1014,1640
1014,1639
1015,1638
1015,1637
1016,1635
1016,1634
1016,1633
1017,1631
1017,1629
1017,1628
1017,1626
1017,1624
1017,1622
1017,1620
1018,1618
1018,1616
1018,1614
1018,1613
1018,1611
1018,1609
1018,1608
1018,1606
1019,1605
1019,1604
1019,1603
1019,1601
1020,1601
1020,1600
1020,1599
1020,1598
1021,1597
1021,1596
1021,1595
1021,1594
1022,1593
1022,1593
1022,1592
1022,1591
1022,1590
1022,1589
1023,1588
1023,1587
1023,1586
1023,1585
1023,1584
1023,1582
1023,1581
1023,1580
1024,1579
1024,1578
1024,1576
1024,1575
1024,1574
1024,1572
1024,1571
1024,1569
1024,1568
1024,1566
1024,1565
1024,1563
1024,1561
1024,1560
1024,1558
1024,1557
1024,1555
1024,1553
1023,1552
1023,1550
1023,1549
1023,1547
1022,1545
1022,1544
1021,1543
1021,1541
1020,1540
1020,1539
1019,1538
1019,1538
1018,1537
1017,1537
1017,1538
1017,1538
1016,1539
1016,1539
1015,1540
1015,1542
1014,1543
1013,1545
1013,1546
1012,1548
1011,1550
1010,1552
1009,1554
1008,1556
1007,1559
1005,1561
1004,1563
1003,1566
1001,1568
999,1571
997,1573
996,1576
994,1578
992,1581
990,1584
988,1587
986,1589
983,1592
981,1595
979,1598
978,1602
976,1605
974,1608
972,1612
971,1615
969,1619
968,1622
967,1626
966,1630
965,1634
965,1639
965,1643
965,1647
965,1652
965,1656
966,1661
966,1666
967,1670
968,1675
969,1679
970,1684
971,1688
973,1692
974,1696
976,1700
977,1704
979,1708
981,1712
982,1715
984,1719
986,1722
988,1725
990,1728
992,1731
995,1734
997,1737
999,1739
1001,1742
1004,1744
1006,1747
1008,1749
1011,1751
1013,1753
1016,1755
1018,1757
1021,1759
1023,1761
1026,1762
1028,1764
1030,1765
1033,1766
1035,1767
1037,1768
1040,1769
1042,1770
1044,1771
1046,1771
1049,1771
1051,1771
1053,1771
1054,1771
1056,1770
1058,1769
1060,1768
1061,1767
1063,1766
1065,1764
1066,1763
1067,1761
1069,1759
1070,1757
1071,1755
1072,1752
1074,1750
1075,1748
1076,1746
1077,1743
1078,1741
1079,1739
1080,1737
1081,1735
1082,1733
1083,1731
1084,1729
1085,1727
1086,1725
1087,1723
1088,1721
1088,1719
1089,1717
1090,1715
1091,1713
1091,1711
1092,1708
1093,1706
1094,1704
1094,1702
1095,1700
1096,1698
1096,1696
1097,1694
1097,1692
1098,1689
1098,1687
1099,1685
1099,1683
1100,1681
1100,1678
1101,1676
1101,1674
1101,1672
1102,1669
1102,1667
1102,1665
1102,1663
1103,1661
1103,1659
1103,1657
1103,1655
1103,1653
1102,1650
1102,1648
1102,1646
1102,1644
1101,1641
1101,1639
1100,1636
1099,1634
1099,1631
1098,1629
1097,1626
1097,1624
1096,1621
1095,1619
1094,1617
1093,1615
1092,1612
1091,1610
1090,1608
1089,1607
1088,1605
1087,1603
1086,1602
1085,1601
1084,1599
1083,1598
1082,1597
1081,1596
1080,1595
1079,1594
1078,1593
1076,1593
1075,1592
1074,1591
1072,1591
1071,1590
1069,1590
1068,1589
1066,1589
1065,1588
1063,1588
1061,1587
1059,1587
1057,1587
1055,1586
1053,1586
1051,1586
1049,1585
1046,1585
1044,1585
1041,1584
1039,1584
1036,1584
1033,1584
1030,1584
1027,1584
1024,1584
1021,1584
1017,1585
1014,1585
1011,1586
1007,1586
1004,1587
1001,1588
997,1589
994,1590
990,1591
987,1592
983,1594
980,1595
976,1597
972,1598
968,1600
965,1601
961,1603
956,1605
952,1606
948,1608
943,1610
939,1612
934,1614
929,1616
924,1618
919,1621
914,1623
909,1625
904,1627
898,1630
893,1632
887,1634
882,1637
876,1639
871,1642
865,1644
860,1647
854,1650
849,1652
844,1655
838,1658
833,1661
828,1663
823,1666
818,1669
813,1672
809,1675
804,1677
799,1680
794,1682
790,1685
785,1687
780,1689
776,1691
771,1693
766,1695
761,1697
756,1698
751,1700
746,1701
741,1702
736,1703
731,1704
726,1705
721,1705
716,1706
711,1706
706,1706
701,1706
696,1706
691,1706
686,1705
681,1705
677,1704
672,1703
668,1702
663,1701
659,1699
654,1698
650,1696
646,1694
642,1693
638,1691
634,1689
630,1687
626,1685
623,1683
619,1680
616,1678
612,1676
609,1673
606,1671
602,1668
599,1666
596,1663
592,1660
589,1657
586,1655
582,1652
579,1649
576,1646
573,1642
570,1639
566,1636
563,1633
560,1630
557,1627
554,1624
550,1620
547,1617
544,1614
541,1611
538,1608
535,1605
532,1602
530,1598
527,1595
524,1592
521,1589
519,1586
516,1583
513,1580
511,1577
508,1574
506,1571
504,1568
502,1565
499,1562
497,1559
495,1556
493,1553
491,1550
490,1546
488,1543
486,1540
485,1537
483,1534
482,1531
481,1528
479,1524
478,1521
477,1518
477,1516
476,1513
475,1510
475,1507
474,1505
474,1502
474,1500
474,1497
474,1495
474,1493
474,1490
474,1488
474,1486
474,1483
475,1481
475,1479
475,1477
476,1475
476,1473
477,1471
477,1469
478,1467
478,1465
479,1463
480,1461
480,1459
481,1457
482,1455
483,1454
483,1452
484,1450
485,1448
486,1447
487,1445
488,1444
489,1442
490,1441
492,1439
493,1438
494,1437
495,1435
497,1434
498,1433
499,1432
501,1431
502,1430
504,1429
505,1428
507,1426
508,1425
510,1424
511,1423
513,1422
514,1421
516,1420
517,1419
518,1417
520,1416
521,1415
522,1413
524,1412
525,1410
526,1409
527,1407
528,1405
530,1404
531,1402
532,1400
533,1398
534,1396
535,1394
536,1392
537,1390
538,1388
539,1386
540,1384
542,1382
543,1380
545,1379
546,1377
548,1375
550,1374
552,1372
554,1371
556,1370
558,1368
560,1367
563,1366
565,1364
568,1363
570,1362
573,1361
576,1360
579,1359
582,1358
584,1357
587,1357
590,1356
594,1355
597,1354
600,1354
603,1353
606,1352
609,1351
612,1350
615,1349
618,1348
621,1346
624,1345
627,1343
630,1341
634,1339
637,1337
640,1335
643,1333
647,1330
650,1327
653,1325
657,1322
660,1319
664,1315
667,1312
671,1309
674,1306
678,1302
681,1299
685,1296
689,1292
692,1289
696,1286
700,1283
704,1281
707,1278
711,1276
715,1274
719,1272
723,1270
726,1269
730,1268
734,1267
738,1266
741,1265
745,1264
749,1264
752,1263
756,1263
759,1263
763,1262
766,1262
770,1262
773,1262
777,1262
780,1262
783,1261
786,1261
789,1261
792,1260
795,1260
798,1259
801,1259
803,1259
806,1258
808,1258
811,1257
813,1257
816,1256
818,1256
821,1256
823,1256
825,1256
827,1256
830,1256
832,1256
834,1256
836,1256
839,1256
841,1256
843,1257
845,1257
847,1258
849,1258
851,1258
853,1259
855,1259
857,1260
859,1260
861,1260
863,1260
865,1261
867,1261
869,1261
871,1261
872,1261
874,1261
876,1260
877,1260
879,1260
880,1259
882,1259
883,1258
884,1257
886,1257
887,1256
889,1255
890,1255
891,1254
893,1254
894,1253
895,1253
897,1252
898,1252
900,1251
901,1251
902,1250
904,1250
905,1249
906,1248
908,1248
909,1247
910,1247
911,1246
912,1246
914,1245
915,1244
916,1244
917,1243
918,1243
919,1242
920,1241
921,1240
922,1240
923,1239
924,1238
925,1237
925,1236
926,1235
927,1233
927,1232
928,1231
928,1229
929,1228
929,1227
930,1225
930,1224
930,1222
931,1220
931,1219
931,1217
932,1216
932,1214
932,1213
932,1211
932,1210
932,1208
933,1207
933,1206
933,1204
933,1203
933,1202
933,1201
933,1200
933,1198
933,1197
933,1196
933,1195
933,1194
933,1193
933,1191
933,1190
932,1189
932,1187
932,1186
931,1184
931,1183
931,1181
930,1179
930,1177
929,1175
928,1173
928,1171
927,1170
926,1168
926,1166
925,1164
924,1162
924,1161
923,1159
922,1157
921,1156
921,1154
920,1153
919,1151
918,1150
918,1148
917,1147
916,1145
915,1144
914,1142
913,1141
912,1139
912,1138
911,1136
910,1135
909,1133
908,1131
907,1130
906,1128
905,1126
904,1125
903,1123
902,1121
901,1120
900,1118
899,1117
898,1115
897,1114
896,1112
895,1111
894,1109
893,1108
892,1106
891,1105
890,1103
889,1102
888,1101
887,1099
886,1098
885,1096
884,1095
883,1094
882,1092
881,1091
880,1089
879,1088
878,1087
877,1085
876,1084
875,1082
873,1081
872,1080
871,1078
870,1077
869,1076
868,1074
867,1073
866,1072
865,1071
864,1069
863,1068
862,1067
861,1066
860,1065
859,1064
858,1063
857,1062
856,1061
855,1060
854,1059
853,1058
852,1057
851,1057
850,1056
849,1055
848,1054
847,1053
846,1053
845,1052
844,1051
843,1051
842,1050
842,1050
841,1049
840,1049
839,1048
838,1048
837,1047
836,1046
835,1045
834,1045
833,1044
832,1043
830,1042
829,1040
828,1039
827,1038
826,1036
824,1035
823,1033
822,1031
820,1030
819,1028
818,1026
816,1024
815,1023
814,1021
812,1019
811,1017
810,1015
808,1014
807,1012
806,1010
805,1009
804,1007
802,1006
801,1005
800,1003
799,1002
798,1001
797,1000
796,999
796,998
795,997
794,997
793,996
792,995
792,995
791,994
790,993
789,993
789,992
788,991
787,990
786,989
786,988
785,987
784,985
783,984
782,983
781,981
780,979
779,978
778,976
777,974
776,972
775,971
774,969
773,967
773,966
772,964
771,963
770,961
769,960
768,959
767,957
767,956
766,955
765,954
764,953
764,952
763,951
762,950
761,949
760,949
760,948
759,948
758,947
757,946
757,946
756,945
755,945
754,944
753,943
752,942
751,942
750,941
749,940
748,939
747,938
745,937
744,936
743,935
742,934
741,933
740,933
738,932
737,931
736,930
735,930
734,929
732,928
731,927
730,927
729,926
728,925
726,924
725,923
724,922
722,921
721,920
720,919
718,919
717,918
716,917
714,916
713,916
712,915
711,915
710,914
708,914
707,914
706,913
705,913
704,913
703,913
702,913
701,914
700,914
699,914
698,914
697,915
696,915
695,915
694,916
693,916
692,917
691,917
689,917
688,917
687,917
686,917
685,917
683,917
682,917
681,917
679,917
678,917
677,917
676,917
674,917
673,918
672,918
671,919
670,920
670,922
669,923
668,924
668,926
667,927
667,929
666,931
666,932
665,934
665,935
664,936
663,937
662,938
662,938
661,939
659,939
658,939
657,938
655,937
654,936
652,935
650,933
648,931
646,929
643,927
641,925
639,922
636,920
634,917
631,914
629,912
626,909
624,907
622,905
619,903
617,902
616,901
614,900
612,900
611,900
610,900
609,901
608,901
607,902
606,903
605,903
604,904
604,905
603,906
602,906
601,907
601,907
600,908
599,908
598,908
597,909
596,909
595,908
594,908
593,908
592,907
591,906
590,906
589,905
588,903
587,902
585,901
584,899
583,898
581,896
580,894
579,892
577,891
576,889
575,887
574,885
573,884
572,882
571,881
570,879
569,878
568,876
567,875
567,873
566,872
565,870
564,869
564,868
563,866
563,865
562,864
562,862
561,861
561,860
561,859
561,859
561,858
561,857
561,857
561,856
561,856
561,855
561,855
562,855
562,855
562,855
563,855
563,855
563,855
564,856
564,856
565,857
566,857
566,858
567,858
567,859
568,860
568,860
569,861
569,862
570,862
570,863
571,864
571,865
572,865
572,866
572,866
572,867
572,867
573,868
573,868
573,868
573,869
573,869
573,869
573,870
573,870
572,870
572,871
572,871
572,872
572,872
572,873
572,873
572,874
572,875
572,875
572,876
572,877
572,879
572,880
572,881
572,882
572,884
572,886
572,887
573,889
573,890
573,892
573,894
573,896
574,898
574,900
574,902
575,904
575,907
576,909
576,912
577,914
577,917
578,920
578,923
579,926
580,928
580,931
581,934
581,937
582,940
582,942
583,945
583,947
583,949
583,951
583,953
583,955
583,957
583,959
583,960
583,961
582,962
582,963
582,964
581,965
581,965
580,966
579,966
578,967
578,967
577,967
576,967
575,968
574,968
573,968
573,968
572,968
571,969
570,969
569,969
568,970
568,970
567,970
566,971
565,971
564,972
564,972
563,973
562,973
561,974
561,974
560,975
559,975
559,976
558,977
557,978
557,979
556,980
556,981
556,982
556,983
555,985
555,986
555,988
555,990
555,992
555,994
556,996
556,999
556,1001
556,1004
557,1006
557,1009
557,1011
558,1014
558,1016
558,1018
558,1021
558,1023
559,1025
559,1027
559,1029
559,1031
559,1033
559,1035
559,1036
558,1038
558,1040
558,1041
558,1043
558,1044
558,1046
558,1048
558,1049
558,1051
558,1052
558,1054
557,1056
557,1057
557,1059
557,1061
557,1062
557,1064
557,1066
557,1067
557,1069
557,1070
557,1072
557,1073
556,1074
556,1076
556,1077
556,1078
555,1080
555,1081
555,1082
554,1083
554,1084
553,1086
553,1087
552,1088
552,1089
551,1090
551,1091
550,1092
549,1093
549,1094
548,1095
547,1096
547,1097
546,1098
545,1098
544,1099
544,1100
543,1100
542,1101
541,1101
540,1101
539,1101
538,1101
536,1101
535,1101
534,1100
533,1100
532,1099
530,1098
529,1098
528,1097
526,1096
525,1095
524,1094
522,1093
521,1092
520,1091
519,1090
517,1089
516,1088
515,1087
514,1086
513,1085
512,1084
511,1084
509,1083
508,1082
507,1081
506,1081
506,1080
505,1080
504,1079
503,1078
502,1078
501,1077
501,1077
500,1076
499,1076
499,1076
498,1075
498,1075
498,1074
497,1074
497,1073
497,1073
497,1073
496,1072
496,1072
496,1072
496,1071
496,1071
497,1070
497,1070
497,1069
497,1069
497,1068
498,1068
498,1067
498,1067
499,1067
499,1066
500,1066
500,1066
501,1065
501,1065
502,1064
503,1064
503,1063
504,1063
504,1062
504,1061
505,1060
505,1059
506,1058
506,1056
506,1055
506,1054
507,1052
507,1051
507,1049
507,1047
507,1045
507,1043
507,1041
507,1039
508,1037
508,1035
508,1033
508,1031
508,1029
508,1027
508,1025
508,1023
509,1021
509,1019
509,1018
510,1016
511,1015
511,1014
512,1013
513,1012
514,1011
515,1010
516,1010
517,1009
518,1009
519,1008
520,1008
521,1007
522,1007
524,1007
525,1006
526,1006
527,1005
529,1005
530,1005
531,1004
533,1004
534,1004
536,1003
537,1003
538,1003
540,1003
541,1002
543,1002
545,1001
546,1001
548,1001
550,1000
551,1000
553,999
555,998
557,998
559,997
561,996
563,995
565,995
567,994
569,994
571,994
574,993
576,993
578,993
581,993
583,993
586,993
588,994
591,994
594,994
596,994
599,995
601,995
604,996
607,996
609,996
612,997
615,997
617,998
620,998
622,998
624,998
626,998
628,998
630,997
632,997
634,996
635,994
636,993
638,991
639,990
640,988
640,986
641,983
641,981
642,978
642,975
642,972
642,970
642,967
642,964
642,961
642,959
642,956
642,953
642,951
642,949
642,946
641,944
641,942
641,939
641,937
641,935
641,934
641,932
641,931
642,930
642,929
643,929
643,929
644,929
645,929
646,930
647,931
648,932
649,933
650,934
652,936
653,937
654,939
655,940
656,941
657,942
658,943
658,944
659,945
659,945
660,945
660,945
660,945
660,944
659,943
659,942
658,941
658,939
657,938
656,937
656,935
655,934
654,933
653,932
653,931
652,931
652,930
651,930
651,930
651,931
650,931
650,932
650,933
650,934
650,936
650,937
650,939
650,940
650,942
649,944
649,945
648,946
648,947
647,948
646,948
645,948
643,948
642,948
640,947
639,947
637,946
635,945
633,945
632,944
630,944
628,944
627,944
625,944
624,945
622,945
621,946
619,947
618,949
617,950
616,952
615,953
613,955
612,957
611,959
609,960
607,962
605,963
603,964
601,965
599,966
596,966
594,967
591,967
588,968
585,968
582,968
579,968
576,968
573,968
569,967
566,967
562,967
558,966
555,966
551,966
547,966
544,966
540,966
536,967
533,967
529,968
525,969
522,969
518,970
514,971
510,972
506,973
502,973
497,974
493,974
488,974
483,974
477,975
472,974
466,974
460,974
454,974
448,973
441,973
435,972
428,971
421,970
414,969
406,968
398,966
390,965
382,963
374,961
365,959
357,956
348,954
339,951
330,949
321,947
312,944
303,942
295,940
286,938
277,936
269,935
260,933
252,932
244,931
236,931
228,931
220,931
213,931
206,932
198,933
191,934
184,936
178,938
171,940
165,942
159,945
153,948
147,951
141,954
136,958
131,962
126,966
122,970
117,974
114,979
110,983
107,987
104,992
100,996
98,1000
95,1004
92,1008
90,1011
87,1015
85,1018
83,1021
81,1023
79,1026
78,1028
76,1029
74,1031
73,1031
71,1032
70,1032
68,1032
67,1031
66,1031
65,1030
64,1029
63,1028
63,1027
62,1026
62,1024
63,1023
63,1022
64,1021
65,1020
66,1020
68,1019
70,1019
72,1019
75,1019
78,1019
81,1020
84,1020
88,1021
91,1022
95,1023
99,1024
104,1025
108,1025
112,1026
116,1026
120,1027
124,1027
128,1026
131,1026
135,1025
138,1024
141,1023
145,1021
148,1019
150,1017
153,1014
156,1012
158,1009
160,1006
162,1003
164,999
166,996
168,993
169,989
171,986
173,982
174,979
175,975
177,972
178,969
179,966
181,964
182,961
184,959
185,957
186,955
188,953
189,951
191,950
192,948
194,947
196,946
198,945
200,944
202,944
204,944
206,944
208,944
211,944
213,945
215,945
218,946
221,947
223,947
226,948
228,949
231,950
234,951
236,952
239,953
242,954
244,955
246,956
249,957
251,957
253,957
255,958
257,958
259,958
261,957
262,957
264,956
265,955
266,954
267,953
268,952
269,951
270,949
271,948
272,947
273,946
274,945
275,944
276,944
278,943
279,943
281,943
282,944
284,945
287,947
289,948
292,951
295,954
298,957
302,961
306,965
310,970
314,975
318,980
322,984
327,989
331,994
335,999
339,1003
343,1007
347,1011
351,1014
354,1017
357,1019
360,1021
362,1022
364,1023
366,1023
367,1023
368,1022
369,1020
370,1019
371,1016
371,1014
371,1011
371,1008
371,1005
370,1002
370,998
369,995
369,992
369,989
368,986
368,983
368,980
368,978
368,976
368,974
369,973
370,972
371,971
372,971
373,972
375,972
376,973
378,974
380,975
382,977
384,978
386,979
388,981
389,982
391,983
393,984
395,986
396,987
398,988
399,988
401,989
402,990
403,990
405,991
406,991
407,991
408,991
409,992
410,992
410,992
411,992
412,992
413,992
414,993
415,993
416,993
417,994
418,995
419,995
420,996
422,997
423,998
424,1000
426,1001
427,1002
428,1004
430,1006
432,1008
433,1010
435,1012
437,1014
438,1016
440,1019
442,1021
443,1024
445,1026
447,1029
448,1032
450,1034
452,1037
453,1040
455,1042
456,1045
458,1048
459,1050
460,1053
462,1055
463,1058
465,1061
466,1063
467,1066
469,1068
470,1071
471,1073
473,1076
474,1078
475,1080
477,1082
478,1084
480,1086
481,1087
482,1089
484,1091
485,1092
487,1093
488,1094
490,1095
492,1096
493,1096
495,1097
497,1097
499,1097
501,1097
503,1097
505,1097
507,1097
509,1097
512,1096
514,1096
516,1096
519,1095
522,1095
525,1094
527,1094
530,1093
533,1093
537,1093
540,1092
543,1092
546,1091
550,1091
553,1091
557,1091
561,1091
565,1091
568,1092
572,1093
577,1094
581,1095
585,1097
589,1099
594,1101
598,1103
603,1106
607,1108
612,1111
616,1113
621,1116
625,1118
629,1120
634,1122
638,1124
642,1125
646,1126
650,1127
653,1127
657,1127
660,1127
664,1126
667,1126
670,1124
673,1123
676,1121
679,1119
682,1116
685,1114
688,1111
690,1108
693,1105
696,1102
698,1099
701,1096
703,1093
706,1090
708,1087
711,1084
714,1081
716,1079
719,1077
721,1074
724,1073
727,1071
729,1069
732,1068
735,1067
737,1065
740,1064
743,1063
745,1062
748,1061
751,1060
753,1060
756,1059
758,1058
761,1057
763,1057
766,1056
768,1056
771,1056
774,1056
776,1055
779,1056
781,1056
784,1056
787,1056
789,1057
792,1057
795,1058
797,1059
800,1060
803,1061
805,1062
808,1063
811,1064
813,1065
816,1066
818,1067
821,1068
823,1069
826,1070
828,1071
831,1072
833,1073
835,1074
838,1075
840,1076
842,1077
844,1078
847,1078
849,1079
851,1080
853,1081
855,1081
857,1082
859,1083
861,1083
863,1083
865,1084
867,1084
868,1084
870,1084
872,1084
873,1084
875,1084
877,1084
878,1084
880,1084
882,1083
883,1083
885,1083
886,1082
887,1082
889,1081
890,1080
891,1079
893,1078
894,1077
895,1076
896,1075
897,1073
898,1072
899,1070
900,1069
901,1067
902,1066
903,1064
904,1063
905,1061
906,1059
906,1058
907,1056
908,1054
908,1053
909,1051
910,1050
910,1048
911,1047
911,1045
912,1044
912,1042
913,1041
913,1040
913,1038
914,1037
914,1035
914,1033
914,1032
914,1030
914,1028
914,1026
914,1024
914,1022
914,1020
914,1019
914,1017
914,1016
914,1014
914,1014
914,1013
914,1013
914,1012
914,1013
915,1013
915,1013
915,1014
915,1014
916,1015
916,1015
916,1015
916,1015
916,1015
916,1014
916,1014
915,1012
915,1011
915,1009
914,1006
913,1003
913,1000
912,996
911,992
909,987
908,982
907,977
906,971
904,965
903,959
901,952
900,946
899,939
897,933
896,926
895,920
894,914
892,908
892,902
891,897
890,892
890,888
889,884
889,881
889,878
890,876
890,874
891,872
891,871
892,871
893,870
895,870
896,871
897,872
899,873
901,875
903,877
905,880
907,883
909,886
911,889
914,892
916,896
919,899
921,902
924,905
927,908
929,911
932,913
934,915
937,917
940,918
942,920
945,921
948,921
950,921
953,921
955,921
958,921
960,920
962,919
965,918
967,917
970,917
972,916
974,916
977,916
979,916
982,917
985,918
987,919
990,920
992,922
995,925
998,927
1001,930
1003,933
1006,937
1009,940
1011,944
1014,948
1017,951
1019,955
1021,959
1024,962
1026,965
1028,968
1031,971
1033,973
1035,976
1037,978
1039,981
1041,983
1042,985
1044,988
1046,990
1048,992
1049,995
1051,997
1053,999
1054,1001
1056,1004
1057,1006
1059,1009
1060,1011
1062,1014
1063,1017
1065,1020
1067,1023
1068,1026
1070,1030
1071,1033
1073,1036
1075,1040
1076,1044
1078,1047
1080,1051
1081,1054
1083,1058
1085,1062
1086,1065
1088,1069
1090,1072
1092,1076
1094,1080
1095,1083
1097,1087
1099,1090
1101,1094
1103,1097
1105,1101
1107,1104
1109,1107
1111,1111
1113,1114
1115,1117
1117,1120
1119,1122
1121,1125
1123,1127
1125,1129
1127,1132
1129,1134
1131,1135
1133,1137
1135,1139
1137,1140
1139,1142
1141,1143
1143,1144
1145,1146
1147,1147
1149,1149
1151,1150
1153,1152
1155,1154
1157,1155
1158,1157
1160,1159
1162,1161
1164,1163
1166,1164
1168,1166
1170,1169
1171,1171
1173,1173
1175,1175
1177,1177
1179,1179
1180,1182
1182,1184
1184,1186
1186,1188
1187,1191
1189,1193
1191,1195
1192,1197
1194,1199
1196,1201
1197,1203
1199,1205
1201,1206
1202,1208
1204,1210
1205,1211
1207,1213
1208,1215
1210,1216
1212,1218
1213,1219
1215,1220
1216,1222
1218,1223
1219,1224
1220,1226
1222,1227
1223,1228
1225,1229
1226,1231
1228,1232
1229,1233
1231,1234
1232,1235
1233,1236
1235,1238
1236,1239
1238,1240
1239,1241
1240,1242
1242,1244
1243,1245
1245,1246
1246,1247
1247,1249
1249,1250
1250,1251
1251,1252
1253,1253
1254,1254
1255,1255
1257,1256
1258,1257
1259,1258
1261,1259
1262,1260
1263,1261
1265,1262
1266,1262
1267,1263
1268,1264
1270,1265
1271,1265
1272,1266
1273,1267
1275,1267
1276,1268
1277,1269
1278,1270
1279,1270
1281,1271
1282,1272
1283,1272
1284,1273
1285,1274
1286,1275
1288,1276
1289,1277
1290,1279
1291,1280
1292,1281
1293,1283
1294,1284
1295,1286
1296,1287
1298,1289
1299,1291
1300,1293
1301,1295
1302,1296
1303,1298
1304,1300
1305,1302
1306,1304
1307,1306
1308,1309
1309,1311
1310,1313
1311,1315
1311,1317
1312,1319
1313,1321
1314,1323
1315,1325
1316,1327
1317,1328
1317,1330
1318,1331
1319,1332
1319,1333
1320,1334
1321,1335
1321,1335
1322,1336
1323,1337
1323,1337
1324,1338
1324,1338
1325,1339
1325,1340
1326,1341
1326,1342
1326,1343
1327,1344
1327,1346
1327,1347
1328,1348
1328,1350
1328,1351
1328,1353
1328,1354
1328,1356
1328,1357
1328,1359
1328,1360
1328,1362
1328,1363
1328,1365
1328,1366
1328,1367
1327,1369
1327,1370
1327,1371
1326,1373
1326,1374
1326,1375
1325,1376
1325,1377
1324,1378
1323,1380
1323,1381
1322,1382
1321,1383
1321,1385
1320,1386
1319,1388
1319,1389
1318,1391
1317,1393
1316,1395
1315,1397
1314,1400
1313,1402
1312,1404
1311,1406
1310,1409
1309,1411
1308,1413
1307,1415
1306,1417
1305,1419
1304,1421
1302,1423
1301,1425
1300,1426
1299,1428
1298,1429
1296,1431
1295,1432
1294,1433
1293,1434
1291,1435
1290,1437
1289,1438
1287,1439
1286,1440
1285,1441
1283,1442
1282,1443
1281,1444
1280,1445
1278,1446
1277,1446
1276,1447
1274,1448
1273,1449
1272,1449
1270,1450
1269,1451
1267,1451
1266,1452
1265,1452
1263,1453
1262,1453
1261,1453
1259,1453
1258,1454
1257,1454
1255,1454
1254,1454
1253,1454
1251,1454
1250,1453
1249,1453
1248,1452
1247,1452
1245,1451
1244,1450
1243,1450
1242,1449
1241,1448
1240,1447
1239,1446
1238,1444
1236,1443
1235,1441
1234,1440
1233,1438
1232,1436
1231,1433
1230,1431
1229,1428
1228,1426
1226,1423
1225,1421
1224,1418
1223,1415
1222,1413
1221,1410
1220,1408
1219,1406
1218,1404
1217,1402
1216,1400
1215,1398
1215,1396
1214,1395
1213,1394
1212,1392
1212,1391
1211,1390
1210,1389
1210,1388
1209,1388
1208,1387
1208,1386
1207,1385
1206,1385
1206,1384
1205,1384
1205,1383
1204,1383
1204,1382
1203,1382
1202,1381
1202,1381
1201,1380
1200,1379
1200,1378
1199,1377
1198,1377
1198,1376
1197,1375
1196,1374
1196,1373
1195,1372
1194,1371
1194,1371
1193,1370
1192,1369
1191,1368
1191,1368
1190,1367
1189,1366
1189,1365
1188,1365
1187,1364
1187,1363
1186,1362
1185,1361
1184,1360
1184,1359
1183,1358
1182,1357
1182,1356
1181,1355
1180,1354
1179,1353
1179,1352
1178,1351
1177,1350
1176,1349
1176,1348
1175,1347
1174,1346
1173,1345
1173,1344
1172,1342
1171,1341
1170,1340
1169,1339
1169,1338
1168,1337
1167,1336
1166,1336
1166,1335
1165,1334
1164,1333
1163,1332
1162,1331
1162,1330
1161,1329
1160,1329
1159,1328
1158,1327
1158,1326
1157,1325
1156,1324
1155,1322
1154,1321
1153,1320
1153,1319
1152,1317
1151,1316
1150,1315
1149,1313
1148,1311
1147,1310
1146,1308
1146,1307
1145,1305
1144,1304
1143,1302
1142,1301
1141,1300
1140,1298
1140,1297
1139,1296
1138,1295
1137,1294
1136,1293
1136,1293
1135,1292
1134,1291
1133,1291
1133,1290
1132,1289
1131,1288
1131,1288
1130,1287
1129,1286
1128,1285
1127,1284
1127,1283
1126,1281
1125,1280
1124,1279
1123,1277
1123,1276
1122,1275
1121,1273
1120,1272
1119,1270
1118,1268
1118,1267
1117,1265
1116,1264
1115,1262
1114,1260
1114,1259
1113,1258
1112,1256
1111,1255
1110,1254
1110,1252
1109,1251
1108,1250
1108,1249
1107,1248
1106,1246
1105,1245
1105,1244
1104,1243
1103,1242
1103,1241
1102,1240
1101,1239
1101,1238
1100,1237
1099,1236
1098,1235
1098,1233
1097,1232
1096,1231
1096,1230
1095,1229
1094,1228
1093,1227
1093,1226
1092,1224
1091,1223
1091,1222
1090,1220
1089,1219
1088,1218
1088,1216
1087,1215
1086,1213
1086,1211
1085,1210
1084,1208
1084,1207
1083,1205
1083,1204
1082,1203
1082,1202
1081,1200
1081,1199
1080,1198
1080,1197
1079,1196
1079,1195
1078,1194
1078,1193
1078,1192
1077,1191
1077,1190
1077,1189
1076,1189
1076,1188
1076,1187
1076,1186
1075,1185
1075,1184
1075,1183
1074,1181
1074,1180
1073,1179
1073,1177
1073,1175
1072,1174
1072,1172
1072,1170
1071,1168
1071,1166
1070,1164
1070,1163
1070,1161
1069,1159
1069,1157
1069,1155
1069,1154
1068,1152
1068,1151
1068,1149
1068,1148
1068,1147
1067,1145
1067,1144
1067,1143
1067,1142
1067,1140
1067,1139
1067,1138
1067,1136
1066,1135
1066,1134
1066,1132
1066,1131
1066,1129
1066,1128
1066,1126
1065,1124
1065,1123
1065,1121
1065,1120
1065,1118
1065,1117
1065,1116
1065,1114
1065,1113
1065,1112
1065,1111
1065,1110
1065,1109
1065,1108
1065,1108
1066,1107
1066,1106
1066,1105
1066,1105
1066,1104
1067,1103
1067,1102
1067,1102
1067,1101
1068,1100
1068,1099
1068,1097
1068,1096
1069,1095
1069,1093
1069,1091
1069,1089
1069,1088
1070,1086
1070,1084
1070,1082
1070,1080
1070,1078
1071,1076
1071,1074
1071,1073
1072,1071
1072,1070
1072,1069
1073,1068
1073,1068
1074,1067
1074,1067
1075,1067
1076,1067
1076,1067
1077,1067
1077,1067
1078,1067
1078,1067
1079,1067
1079,1067
1080,1067
1080,1067
1081,1066
1081,1066
1081,1065
1082,1064
1082,1064
1082,1063
1083,1062
1083,1061
1083,1060
1084,1059
1084,1058
1084,1057
1084,1055
1084,1054
1085,1053
1085,1051
1085,1049
1085,1048
1085,1046
1085,1045
1085,1043
1085,1042
1085,1040
1085,1039
1085,1038
1085,1036
1086,1035
1086,1033
1086,1032
1086,1030
1085,1028
1085,1027
1085,1025
1085,1023
1085,1021
1085,1019
1085,1017
1085,1014
1084,1012
1084,1010
1084,1008
1084,1006
1083,1004
1083,1002
1083,1000
1083,998
1082,996
1082,994
1082,992
1081,990
1081,988
1081,987
1080,985
1080,983
1079,981
1079,979
1078,977
1078,975
1077,973
1077,971
1076,969
1076,968
1075,966
1075,964
1074,962
1074,961
1073,959
1072,957
1072,956
1071,954
1071,953
1070,951
1069,949
1068,948
1068,946
1067,944
1066,943
1065,941
1064,940
1063,939
1063,937
1062,936
1061,934
1060,933
1059,931
1058,930
1057,928
1056,926
1055,925
1054,923
1052,921
1051,919
1050,918
1049,916
1048,914
1047,912
1045,911
1044,909
1043,907
1042,906
1041,905
1040,903
1038,902
1037,901
1036,900
1035,899
1034,898
1032,898
1031,897
1030,897
1029,897
1028,896
1027,896
1026,897
1024,897
1023,897
1022,897
1021,898
1020,898
1018,898
1017,899
1016,899
1015,900
1013,900
1012,900
1011,900
1009,901
1008,901
1007,901
1005,901
1004,901
1002,901
1001,901
999,901
997,901
996,901
994,901
992,900
991,900
989,900
987,900
985,899
983,899
982,898
980,898
978,897
976,897
974,897
972,896
970,896
968,895
966,895
964,894
962,894
960,894
958,893
955,893
953,892
951,892
949,892
947,891
945,891
943,890
940,889
938,889
936,888
934,888
931,887
929,887
927,886
924,885
922,885
920,884
918,884
915,883
913,883
911,882
909,881
906,881
904,880
902,879
900,879
898,878
895,877
893,877
891,876
889,876
888,876
886,877
884,877
883,878
882,879
880,880
879,881
878,882
877,883
876,883
875,884
874,885
873,885
871,886
870,886
869,887
868,887
867,887
866,886
865,886
863,886
862,885
861,885
859,884
858,883
857,882
855,881
854,879
852,878
850,876
849,874
847,872
845,870
843,868
842,866
840,863
838,860
836,858
834,855
832,852
830,850
828,847
826,845
823,843
821,841
819,839
817,837
815,835
813,834
811,832
808,831
806,830
803,829
801,828
798,827
795,826
792,825
788,825
785,825
781,825
778,825
774,826
770,827
766,828
762,829
757,830
753,832
748,834
744,836
739,837
734,839
729,841
723,843
718,845
713,847
707,849
701,851
696,853
690,856
684,858
678,861
672,863
666,866
660,869
654,872
647,875
641,878
635,881
628,884
622,887
615,890
608,893
602,896
595,899
588,902
581,905
574,908
566,911
559,913
552,915
544,917
536,919
528,920
521,921
513,922
505,923
497,923
489,924
481,924
473,924
466,924
458,923
450,922
443,921
436,919
429,918
422,916
416,915
410,913
405,912
400,910
396,909
393,908
390,907
387,906
386,906
385,905
384,905
