2595,993
2594,993
2594,994
2593,995
2593,996
2592,998
2591,1000
2590,1002
2588,1004
2587,1007
2585,1010
2583,1014
2582,1017
2580,1021
2578,1025
2576,1030
2575,1034
2573,1039
2571,1044
2570,1049
2568,1054
2567,1059
2566,1064
2564,1070
2563,1075
2562,1080
2561,1086
2560,1091
2559,1097
2558,1102
2558,1108
2557,1113
2557,1118
2557,1122
2557,1127
2558,1131
2559,1135
2561,1138
2562,1142
2565,1145
2567,1148
2570,1150
2573,1153
2577,1156
2581,1158
2585,1161
2589,1163
2594,1166
2599,1168
2604,1170
2610,1173
2616,1175
2622,1178
2628,1181
2635,1183
2642,1186
2649,1189
2656,1191
2663,1194
2670,1197
2678,1200
2685,1203
2692,1206
2699,1210
2706,1214
2713,1218
2719,1222
2725,1226
2731,1230
2737,1234
2742,1238
2748,1242
2754,1246
2759,1250
2765,1254
2771,1257
2777,1261
2783,1264
2790,1266
2796,1269
2803,1271
2810,1273
2817,1275
2824,1277
2831,1278
2838,1280
2845,1281
2852,1282
2858,1284
2865,1285
2871,1286
2877,1288
2883,1289
2888,1290
2893,1291
2898,1293
2902,1294
2906,1295
2910,1297
2913,1298
2916,1300
2919,1302
2921,1303
2923,1305
2925,1307
2926,1309
2927,1311
2928,1313
2929,1315
2930,1316
2930,1318
2931,1320
2932,1322
2933,1324
2934,1325
2935,1327
2936,1328
2938,1330
2939,1331
2941,1332
2943,1334
2945,1335
2947,1336
2949,1337
2950,1339
2952,1340
2954,1341
2955,1342
2957,1344
2958,1345
2959,1347
2960,1348
2960,1350
2961,1351
2961,1353
2960,1355
2960,1356
2960,1358
2959,1360
2958,1362
2957,1363
2955,1365
2954,1367
2952,1368
2951,1370
2949,1372
2947,1373
2946,1375
2944,1376
2942,1378
2940,1379
2938,1381
2936,1382
2935,1383
2933,1385
2931,1386
2928,1387
2926,1388
2924,1389
2922,1390
2920,1391
2918,1392
2915,1393
2913,1394
2911,1394
2908,1395
2906,1395
2904,1396
2901,1396
2899,1396
2897,1397
2895,1397
2893,1397
2890,1397
2888,1397
2886,1397
2884,1397
2882,1397
2880,1397
2877,1396
2875,1396
2873,1396
2871,1396
2870,1395
2868,1395
2866,1395
2864,1395
2862,1394
2860,1394
2858,1394
2856,1393
2854,1393
2852,1393
2850,1393
2848,1393
2846,1393
2844,1393
2842,1392
2840,1392
2838,1392
2836,1392
2834,1392
2832,1392
2830,1393
2828,1393
2826,1393
2824,1393
2822,1393
2820,1393
2817,1393
2815,1394
2813,1394
2811,1394
2809,1394
2807,1395
2805,1395
2803,1395
2801,1395
2799,1396
2797,1396
2795,1397
2793,1397
2791,1397
2789,1398
2787,1398
2785,1399
2783,1399
2781,1400
2779,1400
2776,1401
2774,1401
2772,1402
2770,1402
2768,1403
2766,1404
2764,1404
2762,1405
2759,1406
2757,1406
2755,1407
2753,1408
2751,1409
2749,1409
2747,1410
2745,1411
2742,1412
2740,1412
2738,1413
2736,1414
2734,1415
2732,1416
2729,1417
2727,1417
2725,1418
2722,1419
2720,1420
2717,1421
2715,1422
2712,1423
2710,1424
2707,1425
2705,1426
2702,1427
2699,1428
2697,1429
2694,1430
2691,1431
2689,1432
2686,1433
2683,1434
2680,1435
2677,1436
2674,1437
2671,1439
2668,1440
2665,1441
2662,1442
2659,1443
2656,1444
2653,1445
2650,1446
2646,1447
2643,1449
2640,1450
2636,1451
2633,1452
2630,1453
2626,1454
2623,1456
2619,1457
2616,1458
2612,1459
2608,1461
2605,1462
2601,1463
2597,1464
2593,1466
2589,1467
2586,1468
2582,1470
2578,1471
2574,1472
2570,1474
2566,1475
2562,1476
2558,1477
2554,1479
2550,1480
2546,1481
2542,1483
2538,1484
2534,1485
2530,1487
2526,1488
2522,1489
2518,1491
2514,1492
2510,1493
2505,1495
2501,1496
2497,1498
2493,1499
2489,1500
2485,1502
2481,1503
2476,1504
2472,1506
2468,1507
2464,1508
2460,1510
2456,1511
2452,1512
2448,1514
2444,1515
2440,1516
2436,1518
2432,1519
2428,1520
2424,1521
2420,1523
2416,1524
2412,1525
2408,1527
2404,1528
2400,1529
2396,1530
2392,1532
2388,1533
2384,1534
2380,1536
2377,1537
2373,1538
2369,1539
2365,1541
2361,1542
2357,1543
2353,1545
2349,1546
2345,1547
2341,1549
2338,1550
2334,1551
2330,1553
2326,1554
2322,1555
2318,1557
2314,1558
2311,1559
2307,1561
2303,1562
2299,1563
2295,1565
2292,1566
2288,1567
2284,1569
2280,1570
2276,1571
2273,1573
2269,1574
2265,1575
2262,1576
2258,1578
2254,1579
2251,1580
2247,1581
2244,1583
2240,1584
2237,1585
2233,1586
2230,1587
2227,1587
2224,1588
2220,1589
2217,1590
2214,1591
2211,1592
2208,1592
2205,1593
2202,1594
2199,1595
2195,1596
2192,1597
2189,1598
2186,1599
2183,1600
2179,1601
2176,1602
2173,1603
2170,1604
2166,1605
2163,1606
2160,1607
2157,1608
2154,1609
2150,1611
2147,1612
2144,1613
2140,1615
2137,1616
2133,1617
2130,1619
2126,1620
2122,1622
2119,1623
2115,1625
2111,1627
2108,1628
2104,1630
2100,1631
2096,1633
2093,1634
2089,1636
2085,1638
2081,1639
2078,1641
2074,1642
2070,1644
2066,1645
2063,1647
2059,1648
2055,1650
2052,1651
2048,1652
2045,1654
2042,1655
2038,1656
2035,1657
2032,1658
2029,1659
2026,1660
2023,1661
2020,1662
2017,1663
2015,1664
2012,1665
2009,1666
2006,1667
2004,1668
2001,1669
1998,1670
1995,1671
1992,1672
1990,1673
1987,1674
1984,1674
1982,1675
1979,1676
1976,1677
1974,1678
1971,1679
1968,1680
1966,1681
1963,1682
1961,1682
1959,1683
1956,1684
1954,1685
1952,1686
1949,1686
1947,1687
1945,1688
1943,1688
1941,1689
1939,1690
1937,1690
1935,1691
1933,1691
1931,1692
1929,1693
1927,1693
1925,1694
1923,1695
1921,1695
1919,1696
1917,1696
1916,1697
1914,1698
1912,1698
1910,1699
1908,1700
1906,1700
1905,1701
1903,1702
1901,1702
1899,1703
1897,1704
1895,1705
1893,1705
1891,1706
1890,1707
1888,1708
1886,1709
1884,1710
1882,1711
1880,1712
1878,1713
1876,1714
1874,1715
1872,1716
1870,1717
1868,1718
1866,1719
1864,1720
1862,1720
1861,1721
1859,1722
1857,1723
1855,1723
1854,1724
1852,1725
1850,1725
1848,1726
1847,1726
1845,1727
1843,1728
1842,1728
1840,1729
1839,1729
1837,1729
1835,1730
1834,1730
1832,1731
1831,1731
1829,1731
1828,1731
1826,1732
1825,1732
1823,1732
1822,1733
1820,1733
1819,1733
1817,1733
1816,1734
1814,1734
1813,1734
1812,1734
1810,1735
1809,1735
1807,1735
1806,1736
1804,1736
1803,1736
1801,1737
1800,1737
1798,1738
1797,1738
1795,1739
1794,1740
1792,1740
1791,1741
1789,1742
1788,1743
1786,1743
1785,1744
1783,1745
1782,1746
1780,1747
1779,1748
1777,1749
1776,1750
1774,1751
1773,1752
1771,1753
1770,1754
1768,1755
1767,1756
1766,1757
1764,1758
1763,1759
1762,1760
1761,1761
1759,1762
1758,1763
1757,1764
1755,1765
1754,1766
1753,1768
1752,1769
1750,1770
1749,1772
1748,1774
1746,1775
1745,1777
1744,1779
1742,1780
1741,1782
1739,1784
1738,1786
1737,1787
1736,1789
1734,1791
1733,1793
1732,1795
1731,1796
1729,1798
1728,1800
1727,1801
1726,1803
1725,1805
1724,1806
1723,1808
1722,1810
1721,1811
1720,1813
1719,1814
1718,1815
1717,1817
1716,1818
1715,1820
1715,1821
1714,1822
1713,1823
1712,1825
1712,1826
1711,1827
1710,1829
1710,1830
1709,1831
1709,1833
1708,1834
1707,1835
1707,1837
1706,1838
1705,1840
1705,1841
1704,1843
1704,1845
1703,1846
1702,1848
1702,1849
1701,1851
1701,1853
1700,1854
1700,1856
1699,1857
1698,1859
1698,1861
1697,1862
1697,1864
1696,1866
1696,1867
1695,1869
1695,1871
1694,1873
1693,1874
1693,1876
1692,1878
1691,1880
1690,1882
1689,1884
1689,1886
1688,1887
1687,1889
1686,1891
1685,1893
1684,1895
1683,1897
1682,1899
1681,1901
1679,1903
1678,1905
1677,1906
1676,1908
1674,1910
1673,1912
1672,1913
1671,1915
1669,1917
1668,1918
1667,1920
1665,1921
1664,1923
1663,1924
1661,1925
1660,1926
1659,1927
1658,1928
1656,1929
1655,1930
1654,1931
1653,1931
1652,1932
1651,1933
1649,1933
1648,1933
1647,1934
1646,1934
1645,1935
1644,1935
1643,1935
1642,1935
1641,1936
1640,1936
1639,1936
1638,1936
1637,1936
1636,1936
1636,1936
1635,1936
1634,1936
1634,1936
1634,1936
1633,1936
1633,1936
1633,1936
1633,1937
1633,1937
1633,1937
1634,1937
1634,1937
1635,1937
1635,1937
1636,1937
1637,1937
1637,1937
1638,1937
1639,1937
1640,1937
1641,1937
1642,1937
1643,1937
1644,1937
1645,1937
1646,1937
1647,1937
1648,1937
1648,1937
1649,1937
1650,1937
1651,1937
1651,1937
1652,1937
1652,1937
1653,1937
1653,1937
1653,1937
1654,1937
1654,1937
1654,1937
1654,1937
1654,1937
1654,1936
1654,1936
1653,1936
1653,1936
1653,1936
1652,1936
1652,1936
1652,1936
1651,1935
1650,1935
1650,1935
1649,1934
1649,1934
1648,1934
1647,1933
1646,1933
1646,1932
1645,1932
1644,1931
1643,1931
1643,1930
1642,1929
1641,1929
1640,1928
1639,1927
1638,1926
1638,1925
1637,1924
1636,1923
1635,1923
1634,1922
1633,1921
1632,1920
1631,1919
1631,1917
1630,1916
1629,1915
1628,1914
1627,1913
1626,1912
1625,1911
1624,1910
1623,1909
1622,1908
1621,1907
1620,1906
1619,1905
1618,1904
1617,1903
1616,1902
1615,1901
1614,1901
1613,1900
1611,1899
1610,1898
1609,1897
1608,1896
1607,1895
1606,1894
1605,1893
1604,1892
1603,1891
1602,1890
1601,1889
1600,1888
1599,1888
1598,1887
1597,1886
1596,1885
1595,1884
1594,1883
1593,1882
1592,1881
1591,1880
1590,1879
1589,1879
1588,1878
1587,1877
1586,1876
1585,1876
1584,1875
1583,1874
1582,1874
1581,1873
1580,1872
1579,1872
1578,1871
1577,1871
1576,1870
1575,1869
1574,1869
1573,1869
1572,1868
1572,1868
1571,1868
1570,1867
1569,1867
1569,1867
1568,1867
1567,1867
1567,1867
1566,1867
1566,1867
1566,1868
1565,1868
1565,1868
1565,1868
1565,1869
1564,1869
1564,1869
1565,1870
1565,1870
1565,1871
1565,1871
1566,1872
1566,1872
1567,1873
1567,1874
1568,1874
1568,1875
1569,1876
1570,1876
1571,1877
1572,1878
1573,1879
1575,1880
1576,1881
1577,1881
1579,1882
1580,1883
1582,1884
1584,1885
1586,1886
1587,1887
1589,1888
1591,1889
1594,1890
1596,1891
1598,1893
1600,1894
1603,1895
1605,1896
1608,1897
1610,1898
1613,1899
1616,1900
1618,1901
1621,1902
1624,1903
1627,1904
1630,1905
1633,1906
1635,1907
1638,1908
1641,1909
1644,1910
1647,1910
1650,1911
1652,1912
1655,1913
1658,1913
1661,1914
1663,1915
1666,1915
1668,1916
1670,1917
1673,1917
1675,1918
1677,1918
1679,1919
1681,1919
1683,1920
1685,1920
1687,1921
1689,1921
1690,1921
1692,1922
1693,1922
1695,1922
1696,1922
1697,1922
1698,1922
1700,1922
1701,1921
1702,1921
1703,1921
1704,1920
1704,1920
1705,1919
1706,1918
1707,1918
1708,1917
1708,1916
1709,1915
1709,1914
1710,1913
1710,1913
1711,1912
1711,1911
1711,1910
1711,1909
1711,1908
1711,1907
1711,1907
1711,1906
1711,1905
1710,1905
1710,1904
1709,1903
1709,1903
1708,1902
1707,1902
1706,1901
1705,1900
1703,1900
1702,1899
1701,1898
1699,1897
1698,1896
1696,1895
1695,1894
1693,1893
1691,1892
1690,1891
1688,1890
1686,1888
1684,1887
1682,1885
1680,1884
1678,1882
1676,1881
1674,1879
1672,1878
1670,1876
1668,1875
1665,1873
1663,1872
1661,1871
1659,1870
1656,1868
1654,1867
1652,1866
1650,1865
1647,1865
1645,1864
1642,1863
1640,1863
1637,1863
1635,1862
1632,1862
1630,1862
1627,1862
1624,1862
1622,1862
1619,1862
1616,1863
1614,1863
1611,1864
1608,1864
1605,1865
1603,1865
1600,1866
1597,1867
1594,1867
1591,1868
1589,1869
1586,1869
1583,1870
1580,1871
1577,1871
1574,1872
1572,1872
1569,1873
1566,1873
1563,1874
1560,1875
1557,1875
1554,1876
1551,1876
1549,1876
1546,1877
1543,1877
1540,1878
1537,1878
1534,1879
1531,1879
1528,1880
1525,1880
1522,1880
1520,1881
1517,1881
1514,1882
1511,1882
1508,1883
1505,1883
1503,1883
1500,1883
1497,1884
1495,1884
1492,1884
1490,1884
1487,1884
1484,1885
1482,1885
1480,1885
1477,1885
1475,1885
1473,1885
1470,1885
1468,1885
1466,1885
1464,1885
1462,1885
1460,1885
1458,1885
1456,1885
1454,1885
1452,1885
1450,1885
1448,1885
1446,1885
1444,1885
1443,1886
1441,1886
1439,1886
1437,1886
1436,1886
1434,1886
1432,1886
1431,1886
1429,1886
1428,1886
1426,1886
1425,1886
1423,1886
1422,1886
1421,1886
1419,1885
1418,1885
1416,1885
1415,1884
1414,1884
1413,1884
1411,1883
1410,1882
1409,1882
1408,1881
1407,1881
1405,1880
1404,1879
1403,1879
1402,1878
1401,1877
1400,1876
1399,1876
1398,1875
1397,1874
1396,1874
1394,1873
1393,1872
1392,1872
1391,1871
1390,1870
1389,1870
1388,1869
1387,1869
1386,1868
1385,1867
1384,1867
1383,1866
1382,1866
1381,1865
1380,1864
1379,1863
1378,1863
1377,1862
1376,1861
1375,1860
1374,1859
1373,1859
1372,1858
1371,1857
1371,1856
1370,1855
1369,1853
1368,1852
1368,1851
1367,1850
1366,1849
1366,1847
1365,1846
1364,1845
1364,1844
1363,1843
1363,1841
1362,1840
1362,1839
1361,1838
1361,1837
1361,1836
1360,1834
1360,1833
1360,1832
1360,1830
1360,1829
1360,1828
1360,1826
1359,1825
1359,1823
1360,1822
1360,1820
1360,1819
1360,1817
1360,1816
1360,1815
1360,1813
1361,1812
1361,1810
1361,1809
1362,1808
1362,1807
1363,1806
1363,1804
1363,1803
1364,1802
1364,1801
1365,1800
1365,1799
1366,1798
1366,1797
1367,1796
1368,1794
1368,1793
1369,1792
1369,1791
1370,1789
1371,1788
1371,1787
1372,1785
1373,1784
1373,1782
1374,1781
1374,1779
1375,1777
1376,1776
1376,1774
1377,1772
1378,1771
1378,1769
1379,1768
1380,1766
1380,1765
1381,1763
1382,1761
1382,1760
1383,1758
1384,1756
1384,1755
1385,1753
1386,1751
1386,1749
1387,1747
1388,1745
1388,1742
1389,1740
1390,1738
1390,1735
1391,1733
1392,1731
1392,1729
1393,1726
1394,1724
1394,1722
1395,1720
1396,1718
1396,1716
1397,1715
1397,1713
1398,1712
1399,1710
1399,1709
1400,1708
1400,1708
1401,1707
1401,1706
1402,1706
1402,1706
1403,1705
1403,1705
1403,1705
1404,1704
1404,1704
1405,1704
1405,1704
1406,1703
1406,1703
1406,1702
1407,1701
1407,1700
1407,1699
1408,1698
1408,1697
1409,1695
1409,1694
1409,1692
1410,1691
1410,1690
1410,1688
1410,1687
1411,1685
1411,1684
1411,1682
1411,1681
1411,1680
1412,1678
1412,1677
1412,1676
1412,1674
1412,1673
1412,1672
1412,1671
1412,1670
1412,1669
1412,1668
1412,1667
1412,1666
1412,1665
1412,1664
1411,1663
1411,1662
1411,1661
1411,1660
1410,1659
1410,1658
1410,1657
1409,1656
1409,1656
1409,1655
1408,1655
1408,1654
1407,1653
1407,1653
1406,1653
1405,1652
1405,1652
1404,1652
1403,1651
1403,1651
1402,1651
1401,1650
1401,1650
1400,1649
1399,1649
1398,1649
1397,1648
1397,1648
1396,1648
1395,1647
1394,1647
1393,1647
1392,1646
1391,1646
1390,1646
1389,1645
1388,1645
1388,1644
1387,1644
1386,1644
1385,1643
1384,1643
1383,1642
1382,1641
1381,1641
1380,1640
1379,1639
1379,1639
1378,1638
1377,1637
1376,1636
1375,1635
1375,1634
1374,1634
1374,1633
1373,1632
1373,1630
1372,1629
1372,1628
1372,1627
1371,1626
1371,1624
1371,1623
1371,1622
1371,1620
1371,1619
1372,1617
1372,1616
1372,1614
1373,1613
1374,1611
1374,1610
1375,1609
1376,1607
1377,1606
1378,1604
1379,1603
1380,1601
1382,1600
1383,1599
1385,1597
1386,1596
1388,1594
1389,1593
1391,1591
1393,1590
1395,1589
1397,1587
1399,1586
1401,1585
1403,1583
1405,1582
1408,1581
1410,1580
1412,1579
1414,1578
1417,1577
1419,1576
1422,1576
1424,1575
1427,1575
1429,1574
1431,1574
1434,1573
1436,1573
1439,1573
1441,1572
1444,1572
1446,1572
1449,1572
1451,1572
1454,1572
1456,1571
1458,1571
1461,1571
1463,1571
1465,1571
1468,1571
1470,1571
1472,1571
1475,1571
1477,1571
1479,1571
1481,1571
1483,1570
1485,1570
1487,1570
1489,1569
1491,1569
1493,1569
1495,1568
1497,1568
1499,1568
1501,1567
1503,1567
1505,1567
1506,1567
1508,1567
1510,1567
1512,1567
1513,1568
1515,1568
1516,1569
1518,1569
1519,1570
1521,1570
1523,1571
1524,1572
1526,1574
1527,1575
1528,1576
1530,1578
1531,1580
1533,1582
1534,1584
1535,1586
1536,1589
1538,1591
1539,1594
1540,1597
1541,1599
1543,1602
1544,1605
1545,1608
1546,1611
1548,1613
1549,1616
1550,1619
1551,1621
1552,1624
1553,1627
1555,1629
1556,1631
1557,1634
1558,1636
1559,1638
1560,1641
1560,1643
1561,1645
1562,1647
1563,1649
1564,1651
1564,1653
1565,1655
1565,1658
1566,1660
1566,1662
1566,1664
1567,1666
1567,1669
1567,1671
1567,1674
1566,1677
1566,1679
1566,1682
1565,1685
1565,1689
1564,1692
1563,1695
1563,1698
1562,1702
1561,1705
1560,1709
1558,1712
1557,1715
1556,1719
1554,1722
1552,1725
1551,1728
1549,1732
1547,1735
1545,1738
1543,1741
1541,1744
1538,1747
1536,1750
1533,1753
1531,1756
1528,1759
1525,1762
1522,1765
1519,1768
1516,1771
1513,1773
1510,1776
1506,1779
1503,1782
1500,1784
1496,1787
1492,1790
1489,1792
1485,1795
1481,1798
1477,1800
1474,1803
1470,1805
1465,1808
1461,1810
1457,1812
1453,1815
1449,1817
1444,1819
1440,1821
1435,1823
1431,1825
1426,1827
1422,1829
1417,1831
1412,1833
1408,1835
1403,1837
1398,1838
1394,1840
1389,1842
1384,1844
1379,1846
1375,1848
1370,1849
1365,1851
1360,1853
1355,1855
1350,1856
1345,1858
1340,1860
1335,1861
1330,1863
1325,1865
1320,1867
1315,1868
1310,1870
1305,1872
1300,1874
1295,1875
1290,1877
1285,1879
1280,1880
1275,1882
1270,1884
1264,1885
1259,1887
1254,1888
1249,1890
1244,1892
1239,1893
1233,1894
1228,1896
1223,1897
1218,1899
1212,1900
1207,1901
1201,1903
1196,1904
1190,1905
1185,1906
1179,1907
1173,1908
1167,1909
1161,1910
1155,1911
1149,1911
1143,1912
1137,1912
1130,1913
1124,1914
1118,1914
1112,1915
1106,1915
1100,1916
1094,1916
1088,1917
1082,1917
1076,1918
1070,1918
1064,1919
1058,1919
1053,1920
1047,1920
1041,1921
1036,1921
1030,1922
1025,1922
1020,1923
1014,1923
1009,1924
1004,1924
999,1924
994,1924
989,1925
984,1925
979,1925
974,1924
969,1924
964,1924
960,1923
955,1922
950,1922
946,1920
942,1919
938,1918
934,1917
930,1915
927,1914
923,1912
920,1910
917,1908
915,1907
912,1905
910,1903
908,1901
906,1899
905,1897
904,1894
903,1892
902,1890
901,1888
901,1886
901,1884
901,1881
901,1879
902,1877
902,1875
903,1873
904,1871
906,1869
907,1867
908,1865
910,1864
912,1862
914,1860
916,1858
918,1856
920,1855
922,1853
924,1851
927,1849
929,1848
932,1846
934,1844
937,1842
939,1840
942,1838
944,1836
947,1834
949,1832
952,1830
955,1828
958,1826
960,1823
963,1821
966,1819
969,1817
973,1814
976,1812
979,1809
983,1807
986,1805
990,1802
994,1800
998,1798
1002,1795
1006,1793
1011,1791
1015,1789
1020,1786
1025,1784
1030,1782
1035,1780
1040,1778
1045,1776
1050,1773
1055,1771
1060,1769
1066,1767
1071,1765
1076,1762
1082,1760
1087,1758
1092,1756
1097,1753
1102,1751
1107,1749
1112,1746
1117,1744
1122,1742
1127,1739
1132,1737
1137,1735
1141,1733
1146,1731
1150,1728
1155,1726
1160,1724
1164,1722
1169,1720
1173,1719
1178,1717
1182,1715
1187,1713
1191,1711
1196,1709
1200,1707
1204,1706
1209,1704
1213,1702
1218,1700
1222,1698
1227,1696
1231,1694
1235,1691
1240,1689
1244,1687
1248,1685
1253,1683
1257,1681
1261,1679
1266,1677
1270,1675
1274,1673
1278,1671
1282,1669
1286,1668
1290,1666
1295,1664
1299,1662
1303,1661
1307,1659
1311,1658
1315,1656
1320,1654
1324,1653
1328,1651
1332,1649
1336,1647
1341,1646
1345,1644
1349,1642
1353,1640
1357,1638
1361,1637
1365,1635
1368,1633
1372,1632
1375,1631
1379,1629
1382,1628
1386,1627
1389,1625
1392,1624
1395,1623
1398,1622
1402,1621
1405,1620
1408,1620
1411,1619
1414,1618
1418,1617
1421,1616
1425,1615
1428,1614
1432,1613
1435,1612
1439,1611
1443,1610
1447,1608
1451,1607
1455,1606
1460,1604
1464,1603
1468,1601
1473,1599
1477,1598
1482,1596
1487,1594
1491,1592
1496,1591
1500,1589
1505,1587
1509,1586
1513,1584
1518,1583
1522,1582
1526,1581
1530,1579
1534,1578
1538,1577
1542,1577
1546,1576
1550,1575
1554,1574
1558,1573
1562,1573
1566,1572
1569,1571
1573,1571
1577,1570
1581,1570
1585,1569
1589,1569
1592,1568
1596,1568
1600,1567
1604,1567
1608,1566
1611,1566
1615,1565
1619,1565
1623,1564
1626,1564
1630,1563
1634,1563
1638,1562
1641,1561
1645,1561
1649,1560
1653,1560
1656,1559
1660,1558
1663,1558
1667,1557
1671,1556
1674,1556
1677,1555
1681,1554
1684,1554
1687,1553
1690,1553
1693,1552
1696,1552
1699,1551
1702,1550
1705,1550
1708,1549
1711,1549
1713,1548
1716,1547
1719,1546
1722,1545
1725,1544
1728,1543
1731,1542
1735,1541
1738,1540
1741,1538
1745,1537
1748,1535
1752,1533
1756,1532
1759,1530
1763,1528
1767,1526
1771,1524
1775,1522
1779,1521
1783,1519
1787,1517
1791,1515
1795,1513
1799,1512
1803,1510
1807,1508
1810,1506
1814,1504
1818,1503
1822,1501
1825,1500
1829,1498
1832,1497
1835,1495
1839,1494
1842,1493
1845,1491
1848,1490
1851,1489
1854,1488
1857,1487
1860,1485
1863,1484
1867,1483
1870,1482
1872,1481
1875,1480
1878,1479
1881,1477
1884,1476
1887,1475
1890,1474
1893,1473
1896,1472
1899,1471
1902,1470
1905,1470
1907,1469
1910,1468
1913,1467
1916,1466
1919,1465
1922,1464
1925,1464
1927,1463
1930,1462
1933,1461
1936,1460
1939,1459
1942,1458
1945,1457
1947,1457
1950,1456
1953,1455
1956,1454
1959,1453
1961,1453
1964,1452
1967,1451
1969,1450
1972,1450
1975,1449
1977,1448
1980,1448
1982,1447
1985,1447
1987,1446
1990,1445
1992,1445
1994,1444
1997,1444
1999,1443
2001,1442
2004,1442
2006,1441
2008,1441
2010,1440
2012,1440
2014,1440
2016,1439
2018,1439
2020,1439
2021,1439
2023,1439
2025,1439
2026,1439
2027,1439
2029,1439
2030,1439
2031,1439
2032,1440
2033,1440
2034,1441
2034,1441
2035,1442
2036,1443
2036,1443
2037,1444
2038,1444
2038,1445
2039,1445
2040,1446
2041,1446
2042,1445
2043,1445
2044,1445
2046,1444
2047,1443
2049,1441
2051,1439
2053,1437
2056,1435
2058,1433
2061,1430
2063,1428
2066,1425
2069,1422
2072,1418
2075,1415
2078,1412
2081,1409
2083,1406
2086,1402
2089,1399
2092,1397
2094,1394
2097,1391
2099,1388
2101,1386
2103,1384
2105,1382
2107,1380
2109,1378
2111,1377
2112,1375
2114,1374
2115,1372
2117,1371
2118,1370
2119,1369
2121,1368
2122,1367
2123,1366
2124,1365
2126,1365
2127,1364
2128,1363
2129,1362
2130,1361
2132,1361
2133,1360
2134,1359
2135,1358
2137,1357
2138,1356
2139,1355
2141,1354
2142,1353
2143,1353
2145,1352
2146,1351
2147,1350
2149,1349
2150,1348
2152,1347
2153,1346
2155,1345
2156,1344
2158,1342
2160,1341
2161,1340
2163,1338
2165,1337
2167,1336
2168,1334
2170,1333
2172,1332
2173,1331
2175,1330
2177,1329
2178,1328
2180,1328
2181,1327
2182,1327
2183,1327
2184,1327
2185,1327
2186,1327
2187,1327
2188,1328
2189,1328
2190,1329
2190,1330
2191,1331
2192,1331
2192,1332
2193,1333
2194,1334
2195,1334
2195,1335
2196,1336
2197,1336
2198,1337
2198,1338
2199,1338
2200,1339
2201,1339
2201,1340
2202,1340
2203,1341
2204,1341
2205,1342
2206,1342
2206,1343
2207,1343
2208,1344
2208,1345
2209,1345
2209,1346
2210,1347
2210,1348
2211,1349
2211,1350
2212,1351
2212,1352
2213,1353
2213,1353
2214,1354
2215,1354
2216,1355
2217,1355
2218,1355
2219,1355
2221,1354
2222,1354
2224,1353
2225,1352
2227,1352
2229,1351
2230,1350
2232,1349
2233,1348
2235,1348
2237,1347
2238,1347
2239,1346
2240,1346
2242,1346
2243,1346
2243,1346
2244,1346
2245,1347
2246,1347
2246,1348
2246,1349
2247,1350
2247,1351
2247,1352
2247,1353
2248,1354
2248,1355
2248,1356
2248,1357
2248,1358
2249,1359
2249,1359
2250,1360
2250,1361
2251,1361
2251,1361
2252,1361
2253,1361
2254,1361
2255,1361
2255,1361
2256,1361
2257,1360
2258,1360
2258,1360
2259,1360
2260,1360
2260,1361
2261,1361
2261,1361
2262,1361
2262,1362
2262,1362
2263,1363
2263,1363
2264,1363
2264,1364
2264,1364
2265,1364
2265,1365
2266,1365
2267,1365
2267,1365
2268,1365
2269,1364
2270,1364
2271,1364
2271,1363
2272,1363
2273,1362
2274,1362
2275,1361
2276,1360
2277,1360
2278,1359
2279,1359
2280,1358
2281,1357
2281,1357
2282,1357
2283,1356
2283,1356
2283,1356
2284,1356
2284,1356
2284,1356
2284,1356
2284,1357
2284,1357
2284,1357
2284,1358
2284,1358
2284,1359
2284,1359
2284,1360
2284,1361
2284,1361
2284,1362
2283,1362
2283,1363
2283,1363
2284,1363
2284,1364
2284,1364
2284,1364
2285,1364
2285,1364
2285,1364
2286,1363
2286,1363
2287,1363
2288,1362
2288,1361
2289,1361
2290,1360
2290,1359
2291,1359
2291,1358
2292,1358
2293,1357
2293,1356
2294,1356
2294,1355
2294,1355
2295,1354
2295,1354
2295,1353
2295,1353
2296,1352
2296,1352
2296,1352
2296,1351
2296,1351
2296,1351
2296,1350
2296,1350
2296,1350
2295,1350
2295,1350
2295,1350
2295,1349
2295,1349
2295,1348
2295,1348
2296,1347
2296,1346
2297,1345
2297,1343
2298,1341
2299,1339
2301,1337
2302,1335
2303,1332
2305,1329
2307,1326
2309,1323
2311,1319
2313,1316
2315,1312
2317,1309
2318,1305
2320,1302
2322,1298
2323,1295
2325,1292
2326,1290
2327,1287
2328,1285
2328,1283
2329,1281
2329,1280
2329,1279
2328,1278
2328,1278
2327,1278
2326,1278
2325,1279
2323,1280
2322,1281
2320,1282
2318,1284
2316,1285
2314,1286
2312,1288
2311,1289
2309,1290
2307,1291
2306,1292
2304,1293
2303,1294
2302,1294
2301,1294
2300,1294
2300,1294
2299,1293
2298,1293
2298,1292
2298,1292
2298,1291
2298,1290
2298,1288
2298,1287
2298,1286
2298,1285
2298,1283
2298,1282
2298,1281
2298,1279
2298,1278
2299,1276
2299,1275
2299,1274
2299,1272
2299,1271
2300,1269
2300,1268
2300,1266
2300,1265
2301,1263
2301,1262
2301,1261
2301,1259
2301,1258
2302,1256
2302,1255
2302,1254
2302,1252
2303,1251
2303,1249
2303,1248
2303,1246
2304,1245
2304,1244
2304,1242
2304,1241
2304,1239
2305,1238
2305,1237
2305,1236
2305,1234
2305,1233
2305,1232
2306,1231
2306,1229
2306,1228
2306,1227
2306,1226
2306,1225
2306,1224
2306,1223
2306,1222
2306,1222
2306,1221
2306,1220
2306,1220
2306,1219
2306,1219
2306,1218
2306,1218
2306,1218
2306,1217
2306,1217
2306,1217
2305,1217
2305,1217
2305,1217
2305,1217
2305,1217
2305,1217
2305,1217
2304,1217
2304,1217
2304,1217
2304,1217
2304,1218
2304,1218
2304,1218
2304,1218
2303,1218
2303,1219
2303,1219
2302,1219
2302,1220
2301,1221
2301,1221
2300,1222
2299,1223
2298,1224
2298,1225
2297,1226
2296,1227
2295,1228
2294,1229
2292,1231
2291,1232
2290,1234
2289,1235
2288,1237
2286,1238
2285,1240
2284,1242
2283,1243
2281,1245
2280,1247
2279,1248
2278,1250
2276,1252
2275,1253
2274,1255
2273,1256
2272,1258
2271,1259
2271,1260
2270,1261
2269,1262
2269,1263
2268,1264
2267,1265
2267,1265
2267,1266
2266,1266
2266,1267
2266,1267
2265,1267
2265,1267
2265,1267
2265,1267
2264,1267
2264,1267
2264,1267
2264,1266
2264,1266
2264,1265
2264,1264
2264,1264
2264,1263
2264,1262
2264,1260
2264,1259
2264,1258
2265,1256
2265,1254
2265,1253
2266,1251
2266,1250
2266,1248
2267,1246
2267,1245
2267,1243
2268,1242
2268,1240
2268,1239
2268,1238
2268,1237
2267,1237
2267,1236
2267,1236
2266,1236
2265,1236
2265,1236
2264,1236
2263,1236
2262,1237
2261,1237
2260,1238
2259,1239
2258,1239
2257,1240
2256,1240
2255,1241
2255,1241
2254,1241
2253,1241
2253,1241
2253,1241
2253,1240
2253,1239
2253,1238
2253,1237
2254,1235
2255,1233
2255,1231
2256,1229
2257,1227
2258,1225
2259,1223
2260,1221
2261,1219
2261,1217
2262,1215
2263,1213
2264,1211
2265,1210
2265,1208
2266,1206
2267,1205
2267,1204
2268,1202
2268,1201
2268,1200
2269,1199
2269,1199
2269,1198
2269,1197
2269,1196
2270,1195
2270,1194
2270,1194
2270,1193
2271,1192
2271,1191
2271,1190
2272,1189
2272,1188
2273,1187
2273,1186
2273,1185
2274,1184
2274,1183
2275,1182
2275,1181
2276,1179
2276,1178
2276,1178
2277,1177
2277,1176
2278,1175
2278,1174
2278,1173
2279,1172
2279,1171
2280,1170
2280,1169
2281,1168
2281,1167
2281,1166
2282,1165
2282,1164
2283,1163
2284,1162
2284,1161
2285,1160
2285,1159
2286,1158
2286,1157
2287,1156
2288,1155
2288,1153
2289,1152
2289,1151
2290,1150
2291,1149
2291,1148
2292,1147
2293,1146
2294,1145
2294,1144
2295,1143
2296,1142
2296,1141
2297,1140
2298,1139
2298,1138
2299,1136
2300,1135
2301,1134
2301,1133
2302,1132
2303,1131
2304,1130
2304,1129
2305,1128
2306,1127
2307,1126
2308,1125
2309,1124
2310,1122
2310,1121
2311,1120
2312,1119
2313,1118
2314,1117
2315,1115
2316,1114
2317,1113
2318,1112
2319,1111
2320,1110
2321,1109
2322,1108
2323,1107
2324,1106
2325,1105
2325,1104
2326,1103
2327,1103
2328,1102
2328,1101
2329,1100
2330,1099
2330,1098
2331,1098
2331,1097
2332,1096
2332,1096
2332,1095
2332,1095
2332,1094
2332,1094
2332,1094
2332,1094
2332,1094
2332,1094
2331,1094
2331,1095
2330,1095
2330,1096
2329,1097
2328,1098
2327,1099
2326,1100
2325,1101
2324,1102
2323,1104
2322,1105
2321,1107
2319,1109
2318,1110
2316,1112
2315,1114
2313,1116
2312,1117
2310,1119
2309,1121
2307,1122
2306,1124
2304,1125
2303,1127
2302,1128
2300,1129
2299,1130
2297,1131
2296,1132
2295,1133
2294,1134
2292,1134
2291,1135
2290,1135
2288,1136
2287,1137
2286,1137
2284,1138
2283,1138
2282,1139
2280,1139
2279,1140
2277,1140
2276,1141
2274,1141
2273,1142
2271,1143
2269,1143
2268,1144
2266,1145
2264,1145
2262,1146
2261,1147
2259,1147
2257,1148
2256,1149
2254,1149
2252,1150
2251,1151
2249,1151
2247,1152
2246,1152
2244,1153
2243,1153
2241,1154
2240,1154
2239,1154
2237,1155
2236,1155
2235,1155
2234,1155
2233,1156
2232,1156
2231,1156
2230,1156
2229,1156
2228,1156
2227,1156
2226,1156
2225,1156
2224,1156
2224,1156
2223,1156
2223,1156
2222,1156
2221,1156
2221,1156
2220,1156
2220,1156
2220,1156
2219,1156
2219,1156
2218,1156
2218,1156
2217,1157
2217,1157
2216,1158
2216,1158
2215,1159
2214,1159
2214,1160
2213,1161
2213,1161
2212,1162
2212,1163
2211,1164
2211,1165
2210,1166
2210,1167
2209,1167
2208,1168
2208,1169
2207,1170
2207,1171
2206,1172
2206,1173
2205,1174
2205,1174
2204,1175
2204,1176
2204,1177
2203,1177
2203,1178
2202,1178
2202,1179
2202,1180
2201,1180
2201,1181
2201,1181
2200,1182
2200,1182
2200,1183
2199,1183
2199,1184
2199,1184
2198,1185
2198,1185
2198,1185
2197,1186
2197,1186
2197,1186
2197,1186
2196,1186
2196,1186
2196,1186
2196,1186
2195,1186
2195,1186
2195,1186
2195,1186
2194,1186
2194,1187
2194,1187
2193,1187
2193,1187
2192,1188
2192,1188
2192,1188
2191,1189
2191,1189
2190,1190
2189,1190
2189,1191
2188,1192
2188,1192
2187,1193
2186,1194
2186,1195
2185,1196
2184,1196
2183,1197
2182,1198
2181,1199
2180,1201
2179,1202
2178,1203
2176,1204
2175,1206
2174,1207
2172,1208
2171,1210
2169,1211
2167,1213
2165,1214
2163,1216
2161,1218
2159,1219
2157,1221
2155,1223
2153,1225
2150,1227
2148,1229
2145,1231
2143,1233
2141,1235
2138,1237
2136,1239
2133,1241
2131,1243
2128,1245
2126,1247
2123,1249
2121,1251
2118,1253
2116,1256
2113,1258
2111,1260
2108,1262
2106,1264
2103,1266
2101,1268
2099,1270
2096,1273
2094,1275
2092,1277
2090,1279
2087,1281
2085,1283
2083,1285
2081,1288
2079,1290
2076,1292
2074,1294
2072,1297
2070,1299
2068,1301
2065,1304
2063,1306
2061,1308
2059,1311
2056,1313
2054,1316
2052,1318
2050,1320
2048,1323
2045,1325
2043,1328
2041,1330
2039,1332
2037,1335
2035,1337
2033,1339
2031,1342
2028,1344
2026,1346
2024,1348
2022,1350
2021,1352
2019,1354
2017,1356
2016,1358
2014,1359
2013,1361
2011,1362
2010,1364
2009,1365
2007,1366
2006,1367
2005,1369
2004,1370
2002,1371
2001,1373
2000,1375
1999,1376
1997,1378
1996,1380
1995,1382
1993,1384
1992,1386
1991,1388
1989,1390
1988,1393
1987,1395
1985,1398
1984,1400
1982,1402
1981,1405
1980,1407
1979,1409
1977,1412
1976,1414
1975,1416
1974,1419
1973,1421
1972,1423
1971,1425
1970,1428
1969,1430
1968,1432
1967,1434
1966,1436
1965,1439
1964,1441
1963,1443
1962,1445
1961,1448
1960,1450
1959,1453
1957,1456
1956,1459
1955,1462
1953,1465
1952,1469
1950,1472
1948,1476
1947,1479
1945,1483
1943,1487
1941,1491
1939,1495
1937,1498
1935,1502
1933,1506
1931,1510
1928,1514
1926,1518
1924,1521
1922,1525
1920,1529
1917,1532
1915,1536
1913,1539
1911,1543
1908,1547
1906,1550
1904,1554
1901,1557
1899,1561
1896,1565
1894,1568
1891,1572
1888,1576
1886,1580
1883,1584
1880,1587
1877,1591
1875,1595
1872,1599
1869,1603
1866,1606
1863,1610
1861,1613
1858,1617
1855,1620
1852,1624
1849,1627
1847,1631
1844,1634
1841,1637
1838,1640
1836,1643
1833,1646
1830,1649
1828,1652
1825,1654
1822,1657
1820,1660
1817,1662
1814,1665
1812,1667
1809,1669
1807,1672
1804,1674
1801,1676
1799,1678
1796,1680
1794,1682
1791,1684
1788,1686
1786,1689
1783,1691
1780,1693
1777,1695
1774,1697
1771,1699
1769,1701
1766,1703
1763,1705
1760,1707
1757,1709
1754,1711
1751,1713
1748,1714
1745,1716
1743,1718
1740,1720
1737,1721
1734,1723
1732,1724
1729,1726
1727,1727
1724,1729
1722,1730
1720,1731
1718,1732
1715,1734
1713,1735
1711,1736
1710,1737
1708,1738
1706,1739
1705,1739
1703,1740
1702,1741
1700,1742
1699,1743
1698,1743
1697,1744
1696,1745
1695,1745
1694,1746
1693,1747
1692,1747
1691,1748
1690,1749
1689,1750
1689,1751
1688,1751
1687,1752
1686,1753
1686,1754
1685,1755
1684,1756
1684,1757
1683,1759
1682,1760
1682,1761
1681,1762
1681,1763
1680,1764
1680,1766
1679,1767
1679,1768
1678,1770
1678,1771
1677,1773
1677,1774
1677,1775
1677,1777
1676,1778
1676,1780
1676,1781
1676,1783
1676,1785
1676,1786
1676,1788
1677,1789
1677,1791
1677,1792
1678,1794
1678,1795
1679,1797
1679,1798
1680,1800
1680,1802
1681,1804
1682,1805
1683,1807
1684,1809
1685,1811
1686,1813
1688,1815
1689,1816
1690,1818
1692,1820
1694,1822
1696,1824
1698,1826
1700,1827
1702,1829
1704,1831
1707,1832
1710,1833
1712,1835
1715,1836
1718,1837
1721,1839
1724,1840
1727,1841
1730,1842
1733,1842
1737,1843
1740,1843
1744,1844
1748,1844
1752,1844
1756,1844
1761,1843
1766,1842
1770,1841
1776,1840
1781,1839
1787,1838
1793,1836
1799,1834
1805,1832
1811,1830
1818,1828
1825,1825
1832,1823
1839,1820
1846,1817
1853,1814
1861,1811
1868,1807
1876,1804
1883,1800
1891,1796
1898,1793
1906,1789
1913,1785
1920,1781
1928,1777
1935,1773
1942,1769
1949,1765
1955,1761
1962,1757
1968,1753
1975,1749
1981,1745
1987,1742
1993,1738
1999,1733
2005,1729
2011,1725
2017,1721
2023,1717
2029,1713
2035,1709
2041,1705
2046,1701
2052,1697
2058,1693
2064,1689
2069,1685
2075,1681
2081,1677
2086,1673
2092,1669
2097,1666
2103,1662
2109,1658
2114,1655
2120,1651
2125,1648
2130,1644
2136,1641
2141,1638
2146,1635
2152,1632
2157,1629
2162,1626
2167,1623
2172,1620
2177,1617
2182,1615
2188,1612
2193,1609
2198,1607
2203,1604
2208,1602
2213,1599
2218,1597
2222,1594
2227,1592
2232,1590
2237,1587
2242,1585
2247,1583
2252,1580
2257,1578
2262,1576
2267,1573
2272,1571
2277,1569
2282,1567
2287,1565
2292,1563
2296,1561
2301,1559
2306,1557
2311,1555
2316,1554
2321,1552
2325,1550
2330,1549
2335,1548
2339,1546
2344,1545
2348,1545
2352,1544
2356,1543
2360,1543
2363,1543
2366,1543
2370,1544
2373,1544
2375,1545
2378,1545
2381,1546
2383,1547
2386,1548
2388,1549
2391,1550
2394,1551
2396,1552
2399,1553
2402,1554
2405,1555
2408,1555
2412,1556
2415,1556
2419,1556
2423,1557
2427,1557
2432,1556
2436,1556
2441,1556
2446,1556
2451,1555
2456,1555
2461,1554
2467,1554
2472,1553
2478,1552
2483,1552
2489,1551
2494,1551
2499,1550
2505,1550
2510,1550
2515,1550
2520,1550
2524,1550
2528,1551
2533,1551
2536,1552
2540,1553
2544,1555
2547,1556
2550,1557
2553,1559
2557,1560
2560,1562
2563,1563
2566,1565
2569,1567
2571,1568
2574,1570
2577,1572
2579,1574
2582,1576
2585,1578
2587,1580
2589,1582
2592,1584
2594,1586
2596,1588
2598,1590
2600,1592
2602,1594
2604,1596
2606,1598
2608,1600
2609,1602
2611,1605
2613,1607
2614,1609
2615,1611
2617,1613
2618,1615
2619,1617
2621,1619
2622,1620
2623,1622
2624,1624
2626,1626
2627,1627
2628,1629
2629,1630
2631,1632
2632,1633
2634,1635
2635,1636
2636,1637
2638,1639
2639,1640
2641,1641
2642,1643
2643,1644
2645,1646
2646,1647
2647,1649
2648,1651
2649,1653
2650,1655
2650,1657
2651,1659
2652,1661
2652,1663
2652,1666
2653,1668
2653,1670
2653,1673
2653,1675
2653,1678
2653,1680
2653,1682
2653,1685
2653,1687
2653,1689
2652,1691
2652,1693
2652,1695
2652,1696
2652,1698
2652,1699
2652,1701
2652,1702
2652,1703
2652,1704
2652,1705
2653,1706
2653,1707
2653,1708
2653,1709
2653,1710
2653,1710
2652,1711
2652,1712
2652,1713
2652,1713
2651,1714
2651,1715
2650,1716
2650,1716
2649,1717
2649,1718
2648,1719
2647,1720
2646,1720
2646,1721
2645,1722
2644,1723
2643,1724
2642,1725
2641,1726
2640,1727
2639,1727
2639,1728
2638,1729
2637,1730
2636,1731
2634,1732
2633,1732
2632,1733
2631,1734
2630,1735
2629,1736
2628,1736
2627,1737
2625,1738
2624,1738
2623,1739
2622,1739
2620,1740
2619,1741
2618,1741
2616,1742
2615,1742
2614,1742
2613,1743
2611,1743
2610,1744
2609,1744
2608,1744
2607,1744
2605,1745
2604,1745
2603,1745
2602,1745
2600,1745
2599,1745
2598,1746
2596,1746
2595,1746
2593,1746
2592,1746
2590,1746
2589,1747
2587,1747
2585,1747
2584,1747
2582,1747
2580,1747
2579,1747
2577,1747
2576,1747
2574,1747
2572,1747
2571,1747
2569,1747
2568,1747
2566,1747
2565,1747
2563,1746
2562,1746
2560,1746
2559,1746
2557,1745
2556,1745
2554,1745
2553,1744
2552,1744
2550,1744
2549,1743
2547,1743
2546,1743
2544,1742
2543,1742
2542,1741
2540,1741
2539,1741
2537,1740
2536,1740
2534,1740
2533,1740
2531,1739
2530,1739
2528,1739
2527,1739
2525,1739
2524,1738
2522,1738
2521,1738
2520,1738
2518,1738
2517,1738
2515,1738
2514,1738
2513,1738
2511,1738
2510,1738
2509,1738
2508,1738
2506,1738
2505,1739
2504,1739
2502,1739
2501,1740
2500,1740
2499,1740
2497,1741
2496,1741
2495,1742
2494,1743
2492,1743
2491,1744
2490,1745
2488,1745
2487,1746
2486,1747
2485,1747
2483,1748
2482,1749
2481,1749
2480,1750
2479,1751
2477,1751
2476,1752
2475,1753
2473,1753
2472,1754
2471,1754
2469,1755
2468,1755
2467,1756
2465,1756
2464,1756
2463,1757
2461,1757
2460,1757
2459,1758
2458,1758
2456,1758
2455,1758
2454,1758
2453,1758
2452,1758
2451,1758
2451,1757
2450,1757
2450,1757
2449,1756
2449,1756
2448,1755
2448,1755
2448,1754
2448,1753
2448,1753
2448,1752
2449,1751
2449,1750
2449,1749
2450,1748
2451,1747
2451,1746
2452,1745
2453,1744
2453,1743
2454,1742
2455,1741
2456,1740
2456,1739
2457,1738
2458,1737
2458,1737
2459,1736
2460,1736
2460,1735
2461,1735
2462,1735
2462,1735
2463,1735
2464,1735
2464,1735
2465,1735
2465,1736
2466,1736
2466,1737
2466,1738
2467,1738
2467,1739
2467,1741
2467,1742
2468,1743
2468,1744
2468,1746
2468,1747
2468,1749
2468,1751
2468,1752
2468,1754
2468,1756
2468,1757
2468,1759
2468,1761
2468,1762
2468,1764
2468,1766
2468,1768
2467,1769
2468,1771
2468,1773
2468,1774
2468,1776
2468,1777
2468,1779
2468,1780
2468,1782
2468,1784
2469,1785
2469,1787
2469,1788
2469,1790
2470,1791
2470,1793
2470,1794
2470,1796
2471,1797
2471,1799
2471,1800
2471,1802
2471,1804
2472,1805
2472,1807
2472,1809
2471,1811
2471,1813
2471,1814
2471,1816
2470,1818
2470,1820
2469,1822
2469,1824
2468,1826
2467,1829
2467,1831
2466,1833
2465,1835
2463,1838
2462,1840
2461,1843
2460,1845
2458,1848
2457,1851
2455,1854
2454,1856
2452,1859
2451,1862
2449,1865
2447,1868
2446,1870
2444,1873
2443,1876
2441,1879
2440,1881
2439,1884
2437,1886
2436,1889
2435,1891
2434,1893
2433,1895
2432,1897
2431,1898
2430,1900
2430,1901
2429,1903
2428,1904
2427,1905
2426,1906
2425,1906
2424,1907
2423,1908
2422,1908
2421,1908
2419,1909
2418,1909
2416,1909
2415,1909
2413,1909
2411,1909
2409,1909
2407,1909
2405,1908
2403,1908
2401,1908
2399,1908
2396,1908
2394,1909
2391,1909
2388,1909
2386,1909
2383,1909
2380,1910
2377,1910
2374,1911
2371,1912
2368,1912
2365,1913
2362,1914
2359,1915
2356,1916
2353,1917
2349,1918
2346,1920
2343,1921
2340,1922
2338,1924
2335,1925
2332,1927
2329,1928
2326,1930
2324,1932
2321,1933
2319,1935
2316,1936
2314,1938
2312,1940
2310,1941
2308,1942
2306,1944
2304,1945
2302,1947
2301,1948
2299,1949
2297,1950
2296,1951
2294,1952
2293,1953
2292,1954
2290,1954
2289,1955
2288,1955
2286,1956
2285,1956
2284,1957
2283,1957
2282,1957
2281,1957
2280,1957
2279,1957
2278,1957
2277,1956
2277,1956
2276,1955
2276,1955
2275,1954
2275,1954
2275,1953
2275,1952
2275,1952
2275,1951
2275,1950
2275,1949
2275,1948
2275,1948
2276,1947
2276,1946
2276,1946
2277,1945
2277,1944
2277,1944
2278,1943
2278,1943
2278,1942
2279,1942
2279,1941
2279,1941
2280,1941
2280,1941
2280,1940
2280,1940
2281,1940
2281,1940
2281,1940
2281,1940
2281,1940
2281,1940
2282,1940
2282,1940
2282,1940
2282,1940
2282,1940
2283,1940
2283,1940
2283,1939
2283,1939
2284,1939
2284,1939
2284,1939
2285,1939
2285,1939
2285,1939
2285,1939
2286,1939
2286,1939
2286,1938
2286,1938
2287,1938
2287,1938
2287,1938
2287,1938
2287,1937
2288,1937
2288,1937
2288,1937
2289,1936
2289,1936
2290,1935
2290,1935
2291,1934
2292,1933
2292,1932
2293,1931
2294,1930
2295,1929
2296,1928
2297,1927
2298,1926
2299,1924
2300,1923
2301,1922
2301,1921
2302,1919
2302,1918
2303,1917
2303,1916
2303,1915
2303,1914
2303,1913
2303,1912
2302,1911
2302,1910
2301,1910
2300,1909
2299,1908
2298,1908
2297,1907
2296,1907
2294,1907
2293,1906
2291,1906
2289,1906
2288,1905
2286,1905
2284,1905
2283,1904
2281,1904
2279,1904
2278,1903
2276,1903
2275,1902
2273,1902
2272,1901
2271,1901
2269,1900
2268,1899
2267,1899
2265,1898
2264,1897
2263,1896
2262,1896
2260,1895
2259,1894
2257,1894
2256,1893
2255,1893
2253,1892
2252,1891
2250,1891
2249,1890
2247,1890
2245,1889
2244,1889
2242,1888
2241,1887
2239,1887
2237,1886
2236,1886
2234,1885
2232,1885
2231,1884
2229,1884
2227,1883
2226,1883
2224,1882
2222,1882
2220,1882
2219,1881
2217,1881
2215,1880
2213,1880
2211,1879
2210,1879
2208,1878
2206,1878
2204,1878
2202,1877
2200,1877
2198,1877
2197,1876
2195,1876
2193,1876
2191,1875
2189,1875
2187,1875
2185,1875
2183,1874
2181,1874
2179,1874
2177,1874
2175,1874
2173,1874
2170,1873
2168,1873
2166,1873
2165,1873
2163,1873
2161,1872
2159,1872
2157,1872
2155,1871
2153,1871
2151,1871
2150,1870
2148,1870
2146,1870
2144,1869
2143,1869
2141,1868
2139,1868
2137,1867
2136,1867
2134,1867
2132,1866
2130,1866
2128,1866
2127,1865
2125,1865
2123,1864
2121,1864
2119,1864
2117,1864
2116,1863
2114,1863
2112,1863
2110,1862
2108,1862
2106,1862
2104,1862
2102,1862
2100,1862
2098,1862
2096,1862
2094,1862
2092,1862
2090,1862
2088,1862
2086,1862
2084,1862
2083,1862
2081,1862
2079,1862
2077,1862
2075,1862
2073,1861
2072,1861
2070,1861
2068,1861
2066,1861
2064,1861
2063,1861
2061,1861
2059,1861
2057,1861
2055,1862
2053,1862
2052,1862
2050,1862
2048,1862
2046,1862
2044,1862
2043,1862
2041,1863
2039,1863
2038,1863
2036,1863
2034,1863
2033,1862
2031,1862
2030,1862
2028,1862
2027,1862
2026,1862
2024,1861
2023,1861
2022,1861
2020,1861
2019,1860
2018,1860
2016,1860
2015,1860
2014,1859
2012,1859
2011,1859
2010,1859
2008,1859
2007,1858
2005,1858
2004,1858
2002,1859
2001,1859
1999,1859
1998,1859
1996,1859
1994,1859
1993,1859
1991,1860
1989,1860
1988,1860
1986,1860
1985,1860
1983,1860
1982,1860
1980,1860
1979,1860
1977,1860
1976,1860
1974,1860
1973,1860
1972,1860
1970,1860
1969,1860
1968,1860
1967,1859
1965,1859
1964,1859
1963,1859
1962,1858
1961,1858
1960,1858
1958,1857
1957,1857
1956,1857
1955,1856
1954,1856
1952,1856
1951,1855
1950,1855
1949,1855
1947,1854
1946,1854
1945,1854
1943,1854
1942,1853
1941,1853
1939,1853
1938,1853
1936,1853
1935,1853
1933,1853
1932,1853
1930,1853
1928,1853
1927,1853
1925,1854
1923,1854
1921,1855
1919,1855
1917,1856
1915,1857
1913,1857
1911,1858
1910,1858
1908,1859
1906,1859
1904,1860
1902,1860
1901,1861
1899,1861
1898,1861
1896,1862
1895,1862
1894,1862
1892,1861
1891,1861
1890,1861
1889,1861
1888,1860
1887,1860
1886,1859
1885,1859
1885,1858
1884,1857
1883,1856
1882,1856
1882,1855
1881,1854
1880,1853
1880,1853
1879,1852
1878,1851
1877,1851
1876,1851
1875,1850
1874,1850
1873,1850
1872,1850
1871,1850
1870,1850
1869,1850
1867,1850
1866,1851
1865,1851
1863,1852
1862,1852
1861,1852
1860,1853
1859,1853
1857,1853
1856,1854
1855,1854
1854,1854
1853,1854
1852,1854
1852,1854
1851,1854
1850,1854
1850,1854
1849,1853
1849,1853
1848,1852
1848,1852
1847,1851
1847,1851
1847,1850
1847,1849
1847,1848
1846,1848
1846,1847
1846,1846
1846,1845
1846,1845
1846,1844
1846,1843
1846,1842
1846,1842
1846,1841
1845,1840
1845,1839
1845,1839
1845,1838
1845,1837
1845,1836
1845,1836
1845,1835
1845,1834
1845,1833
1845,1832
1846,1832
1846,1831
1846,1830
1846,1829
1846,1828
1846,1827
1847,1825
1847,1824
1847,1823
1847,1822
1847,1821
1847,1820
1847,1819
1847,1817
1847,1816
1847,1816
1847,1815
1847,1814
1847,1813
1846,1813
1846,1812
1845,1812
1845,1811
1844,1811
1843,1811
1842,1811
1841,1811
1840,1811
1839,1811
1838,1811
1837,1812
1836,1812
1835,1812
1834,1812
1832,1813
1831,1813
1830,1813
1829,1813
1828,1813
1826,1814
1825,1814
1824,1814
1823,1814
1822,1814
1821,1814
1820,1814
1818,1814
1817,1814
1816,1814
1815,1814
1814,1814
1813,1814
1812,1814
1811,1814
1810,1815
1808,1815
1807,1815
1806,1816
1805,1816
1803,1816
1802,1817
1801,1817
1799,1818
1798,1818
1797,1819
1796,1819
1794,1820
1793,1820
1792,1821
1791,1821
1790,1821
1788,1822
1787,1822
1786,1822
1785,1822
1784,1822
1783,1822
1782,1822
1781,1822
1780,1822
1779,1822
1778,1821
1777,1821
1777,1821
1776,1820
1775,1820
1774,1819
1774,1818
1773,1817
1773,1816
1772,1816
1772,1814
1771,1813
1771,1812
1771,1811
1770,1810
1770,1809
1770,1807
1770,1806
1770,1804
1769,1803
1769,1802
1769,1800
1769,1798
1769,1797
1769,1795
1770,1794
1770,1792
1770,1790
1770,1789
1770,1787
1770,1785
1771,1784
1771,1782
1771,1781
1771,1779
1771,1777
1772,1776
1772,1774
1772,1773
1772,1771
1772,1770
1773,1768
1773,1767
1773,1766
1773,1764
1773,1763
1774,1761
1774,1760
1774,1758
1774,1757
1774,1755
1775,1754
1775,1752
1775,1751
1775,1749
1775,1748
1776,1746
1776,1745
1776,1743
1776,1742
1776,1740
1776,1738
1777,1737
1777,1735
1777,1734
1777,1732
1777,1730
1778,1728
1778,1726
1778,1724
1778,1722
1779,1720
1779,1718
1779,1716
1779,1714
1780,1712
1780,1709
1780,1707
1780,1705
1781,1703
1781,1700
1781,1698
1781,1696
1781,1694
1781,1691
1781,1689
1781,1687
1781,1685
1781,1683
1781,1681
1780,1680
1780,1678
1780,1676
1780,1675
1779,1673
1779,1672
1778,1670
1778,1669
1777,1667
1777,1666
1776,1665
1776,1664
1775,1663
1774,1662
1773,1661
1773,1660
1772,1659
1771,1658
1770,1657
1770,1657
1769,1656
1768,1655
1767,1654
1767,1653
1766,1652
1765,1651
1764,1650
1764,1649
1763,1648
1762,1647
1761,1646
1761,1646
1760,1645
1759,1644
1758,1643
1757,1642
1756,1642
1756,1641
1755,1640
1754,1640
1753,1639
1752,1638
1751,1638
1751,1637
1750,1636
1749,1635
1748,1634
1747,1634
1746,1633
1745,1632
1744,1632
1744,1631
1742,1631
1741,1630
1740,1630
1739,1630
1738,1630
1736,1631
1735,1631
1734,1631
1732,1632
1731,1632
1729,1633
1728,1634
1726,1635
1724,1636
1723,1637
1721,1638
1719,1639
1718,1640
1716,1641
1714,1643
1712,1644
1710,1646
1709,1648
1707,1649
1705,1651
1703,1653
1701,1655
1699,1656
1698,1658
1696,1660
1694,1661
1693,1663
1691,1664
1689,1666
1688,1667
1686,1668
1685,1669
1683,1670
1682,1671
1681,1672
1679,1674
1678,1675
1676,1676
1675,1677
1673,1678
1672,1679
1670,1680
1669,1681
1667,1682
1666,1683
1665,1685
1663,1686
1662,1687
1660,1688
1659,1689
1657,1690
1656,1691
1654,1693
1653,1694
1651,1695
1650,1696
1648,1698
1647,1699
1645,1700
1643,1701
1642,1703
1640,1704
1639,1705
1637,1706
1636,1707
1634,1708
1633,1709
1631,1710
1630,1711
1628,1712
1627,1713
1626,1713
1624,1714
1623,1715
1621,1715
1620,1716
1618,1716
1617,1717
1615,1717
1614,1718
1612,1718
1610,1718
1609,1718
1607,1718
1606,1718
1604,1718
1602,1718
1601,1718
1599,1717
1597,1717
1596,1717
1594,1716
1592,1715
1590,1715
1588,1714
1586,1714
1584,1713
1582,1713
1580,1712
1578,1712
1575,1711
1573,1711
1571,1711
1568,1711
1566,1710
1563,1710
1560,1710
1558,1711
1555,1711
1552,1711
1549,1712
1546,1712
1543,1713
1540,1713
1537,1714
1534,1715
1531,1715
1528,1716
1525,1717
1522,1718
1519,1719
1516,1720
1513,1720
1509,1721
1506,1722
1503,1723
1500,1724
1497,1724
1494,1725
1491,1725
1488,1726
1485,1726
1482,1726
1479,1726
1477,1726
1474,1726
1472,1726
1469,1726
1467,1726
1465,1725
1463,1725
1461,1724
1459,1723
1458,1723
1456,1722
1455,1721
1454,1720
1453,1719
1452,1718
1451,1717
1450,1716
1450,1715
1450,1714
1449,1714
1449,1713
1449,1712
1449,1712
1449,1711
1450,1711
1450,1711
1450,1710
1451,1710
1452,1710
1452,1710
1453,1710
1454,1710
1455,1710
1456,1709
1458,1709
1459,1708
1461,1708
1462,1707
1464,1706
1466,1706
1468,1704
1471,1703
1473,1702
1476,1700
1478,1699
1481,1697
1484,1696
1487,1694
1490,1692
1493,1691
1496,1689
1499,1688
1502,1686
1505,1684
1508,1683
1511,1681
1515,1680
1518,1678
1521,1677
1525,1676
1528,1674
1531,1673
1535,1672
1538,1671
1542,1670
1545,1670
1548,1669
1552,1669
1555,1668
1559,1668
1562,1668
1566,1667
1570,1667
1573,1667
1577,1667
1580,1667
1583,1667
1587,1667
1590,1667
1593,1667
1597,1668
1600,1668
1603,1669
1606,1669
1608,1670
1611,1671
1613,1673
1616,1674
1618,1675
1620,1677
1622,1679
1623,1681
1625,1682
1626,1684
1627,1687
1628,1689
1629,1691
1630,1693
1631,1695
1632,1697
1632,1699
1633,1701
1633,1702
1634,1704
1634,1706
1634,1708
1634,1710
1634,1711
1634,1713
1634,1715
1633,1716
1633,1718
1633,1719
1632,1720
1632,1722
1631,1723
1631,1724
1630,1725
1630,1726
1629,1727
1629,1728
1628,1729
1627,1729
1626,1730
1626,1731
1625,1732
1624,1732
1623,1733
1623,1734
1622,1734
1621,1735
1620,1736
1619,1736
1618,1737
1618,1737
1617,1737
1616,1738
1615,1738
1614,1738
1613,1739
1612,1739
1611,1739
1611,1739
1610,1740
1609,1740
1608,1740
1607,1739
1607,1739
1606,1739
1605,1738
1605,1738
1604,1737
1604,1737
1603,1736
1603,1735
1602,1734
1602,1733
1602,1732
1601,1731
1601,1729
1601,1728
1601,1727
1601,1726
1600,1725
1600,1724
1600,1723
1600,1722
1600,1721
1600,1720
1600,1719
1600,1719
1600,1718
1600,1718
1600,1717
1599,1717
1599,1717
1599,1717
1599,1717
1599,1716
1599,1716
1599,1717
1599,1717
1599,1717
1599,1717
1600,1717
1600,1717
1600,1717
1600,1717
1600,1716
1601,1716
1601,1716
1601,1715
1602,1715
1602,1715
1603,1714
1603,1713
1604,1713
1605,1712
1605,1711
1606,1710
1607,1710
1607,1709
1608,1708
1609,1707
1610,1707
1610,1706
1611,1705
1612,1705
1612,1704
1613,1704
1614,1704
1614,1704
1615,1704
1615,1704
1616,1704
1616,1704
1617,1705
1617,1705
1617,1706
1617,1707
1617,1707
1617,1708
1617,1709
1617,1711
1617,1712
1617,1713
1617,1714
1617,1716
1617,1717
1616,1718
1616,1720
1616,1721
1615,1722
1615,1724
1615,1725
1614,1726
1614,1727
1613,1728
1613,1729
1612,1729
1612,1730
1612,1731
1611,1731
1611,1732
1610,1732
1610,1733
1609,1733
1609,1733
1608,1734
1608,1734
1607,1735
1606,1735
1606,1736
1605,1736
1604,1737
1603,1737
1603,1738
1602,1739
1601,1739
1600,1740
1599,1741
1598,1742
1597,1742
1596,1743
1595,1744
1594,1745
1593,1746
1592,1747
1591,1748
1590,1748
1588,1749
1587,1750
1586,1751
1585,1752
1584,1753
1583,1754
1581,1754
1580,1755
1579,1756
1578,1757
1576,1758
1575,1759
1574,1760
1573,1760
1572,1761
1570,1762
1569,1763
1568,1764
1567,1764
1566,1765
1564,1766
1563,1767
1562,1768
1561,1769
1560,1770
1558,1771
1557,1772
1556,1773
1555,1774
1553,1775
1552,1776
1551,1777
1549,1778
1548,1779
1547,1781
1546,1782
1544,1783
1543,1784
1542,1785
1541,1786
1539,1787
1538,1787
1537,1788
1536,1789
1534,1790
1533,1791
1532,1791
1531,1792
1530,1793
1528,1793
1527,1794
1526,1794
1525,1795
1524,1795
1523,1796
1521,1796
1520,1796
1519,1797
1518,1797
1517,1797
1516,1798
1515,1798
1513,1798
1512,1799
1511,1799
1510,1799
1509,1800
1508,1800
1506,1800
1505,1801
1504,1801
1503,1802
1502,1802
1501,1803
1499,1803
1498,1804
1497,1804
1496,1805
1495,1806
1493,1806
1492,1807
1491,1808
1490,1809
1489,1810
1487,1810
1486,1811
1485,1812
1484,1813
1483,1814
1481,1815
1480,1816
1479,1818
1478,1819
1476,1820
1475,1821
1474,1822
1473,1823
1472,1825
1470,1826
1469,1827
1468,1828
1467,1829
1466,1830
1464,1831
1463,1832
1462,1833
1461,1834
1460,1835
1459,1835
1458,1836
1457,1837
1455,1837
1454,1838
1453,1839
1452,1839
1451,1840
1450,1840
1449,1840
1448,1841
1446,1841
1445,1841
1444,1842
1443,1842
1442,1842
1441,1842
1440,1842
1438,1842
1437,1842
1436,1843
1435,1843
1434,1843
1432,1843
1431,1843
1430,1843
1429,1843
1427,1844
1426,1844
1425,1844
1424,1844
1422,1844
1421,1845
1420,1845
1418,1845
1417,1845
1416,1846
1415,1846
1413,1846
1412,1846
1411,1847
1410,1847
1408,1847
1407,1847
1406,1847
1405,1848
1403,1848
1402,1848
1401,1848
1400,1848
1398,1848
1397,1848
1396,1848
1395,1848
1393,1848
1392,1848
1391,1848
1390,1848
1389,1848
1387,1848
1386,1847
1385,1847
1384,1847
1383,1847
1381,1847
1380,1846
1379,1846
1378,1846
1377,1845
1376,1845
1374,1845
1373,1844
1372,1844
1371,1843
1370,1843
1369,1842
1368,1842
1367,1842
1366,1841
1365,1841
1363,1840
1362,1840
1361,1840
1360,1839
1359,1839
1358,1839
1357,1838
1356,1838
1355,1838
1354,1838
1353,1838
1352,1837
1351,1837
1350,1837
1349,1837
1348,1837
1347,1837
1346,1836
1346,1836
1345,1836
1344,1836
1343,1835
1342,1835
1341,1835
1340,1834
1339,1834
1338,1834
1338,1833
1337,1833
1336,1832
1335,1832
1334,1831
1333,1831
1333,1830
1332,1830
1331,1829
1330,1829
1330,1828
1329,1828
1328,1827
1327,1826
1327,1826
1326,1825
1325,1824
1325,1823
1324,1823
1323,1822
1323,1821
1322,1820
1321,1819
1321,1818
1320,1817
1319,1816
1319,1815
1318,1814
1317,1813
1317,1812
1316,1811
1315,1810
1315,1810
1314,1809
1314,1808
1313,1808
1312,1807
1312,1807
1311,1806
1311,1806
1310,1805
1309,1805
1309,1804
1308,1804
1308,1804
1307,1803
1306,1803
1306,1802
1305,1801
1305,1801
1304,1800
1304,1799
1303,1798
1303,1797
1302,1795
1302,1794
1301,1793
1301,1791
1301,1789
1300,1787
1300,1785
1299,1783
1299,1781
1299,1779
1299,1777
1298,1775
1298,1773
1298,1771
1298,1769
1298,1767
1298,1766
1298,1764
1298,1762
1298,1761
1298,1760
1298,1758
1298,1757
1299,1756
1299,1755
1299,1754
1299,1753
1300,1752
1300,1751
1300,1750
1301,1749
1301,1748
1301,1746
1302,1745
1302,1744
1303,1742
1303,1741
1303,1740
1304,1738
1304,1737
1305,1735
1305,1733
1305,1732
1306,1730
1306,1728
1307,1726
1307,1725
1307,1723
1308,1721
1308,1719
1309,1717
1309,1715
1309,1713
1310,1711
1310,1709
1310,1707
1311,1705
1311,1703
1311,1701
1312,1699
1312,1697
1312,1695
1313,1693
1313,1692
1314,1690
1314,1688
1314,1686
1315,1684
1315,1682
1315,1680
1316,1678
1316,1677
1316,1675
1317,1673
1317,1671
1317,1669
1318,1667
1318,1665
1318,1663
1318,1661
1319,1659
1319,1657
1319,1655
1320,1653
1320,1652
1320,1650
1321,1648
1321,1647
1321,1645
1321,1644
1322,1642
1322,1640
1322,1639
1322,1637
1323,1635
1323,1634
1323,1632
1324,1630
1324,1628
1324,1627
1324,1625
1325,1623
1325,1622
1325,1620
1325,1618
1326,1617
1326,1615
1326,1613
1326,1612
1326,1610
1327,1608
1327,1607
1327,1606
1327,1604
1328,1603
1328,1602
1328,1602
1328,1601
1329,1601
1329,1601
1329,1601
1329,1602
1330,1602
1330,1603
1330,1604
1330,1605
1331,1607
1331,1609
1331,1610
1331,1612
1332,1614
1332,1616
1332,1617
1332,1619
1332,1620
1332,1621
1332,1622
1332,1622
1332,1622
1332,1622
1331,1621
1331,1620
1330,1619
1330,1617
1329,1614
1329,1611
1328,1608
1328,1604
1327,1600
1326,1596
1326,1592
1325,1587
1325,1582
1324,1577
1324,1572
1324,1566
1323,1561
1323,1556
1323,1551
1323,1546
1323,1541
1323,1536
1323,1531
1324,1527
1324,1523
1324,1519
1325,1516
1325,1512
1325,1509
1326,1507
1326,1504
1327,1502
1327,1499
1328,1497
1328,1495
1329,1494
1329,1492
1329,1490
1329,1489
1330,1487
1330,1486
1330,1485
1330,1483
1330,1482
1330,1481
1330,1480
1330,1478
1330,1477
1329,1476
1329,1475
1329,1475
1329,1474
1329,1473
1329,1472
1329,1472
1328,1471
1328,1471
1328,1471
1328,1470
1327,1470
1327,1470
1327,1470
1326,1470
1326,1470
1325,1470
1325,1470
1324,1471
1324,1471
1323,1471
1323,1471
1322,1471
1321,1471
1321,1471
1320,1472
1319,1472
1319,1472
1318,1472
1317,1471
1316,1471
1315,1471
1315,1472
1314,1472
1313,1472
1312,1472
1311,1472
1310,1472
1309,1472
1309,1472
1308,1473
1307,1473
1306,1473
1305,1473
1304,1474
1303,1474
1303,1474
1302,1474
1301,1474
1300,1474
1299,1474
1298,1474
1298,1474
1297,1474
1296,1473
1295,1473
1294,1473
1294,1472
1293,1471
1292,1471
1291,1470
1290,1469
1290,1468
1289,1467
1288,1466
1287,1465
1287,1464
1286,1463
1285,1463
1284,1462
1284,1462
1283,1462
1282,1462
1281,1462
1281,1462
1280,1463
1279,1463
1279,1464
1278,1465
1278,1467
1277,1468
1276,1470
1276,1471
1275,1473
1274,1475
1274,1477
1273,1479
1272,1481
1272,1483
1271,1485
1271,1487
1270,1488
1269,1490
1269,1492
1268,1494
1267,1495
1266,1497
1266,1499
1265,1500
1264,1501
1264,1502
1263,1503
1262,1504
1261,1505
1260,1506
1260,1507
1259,1507
1258,1508
1257,1508
1256,1509
1255,1509
1254,1510
1254,1510
1253,1511
1252,1511
1251,1512
1250,1512
1249,1513
1248,1514
1247,1514
1247,1515
1246,1516
1245,1516
1244,1517
1243,1518
1242,1519
1242,1520
1241,1520
1240,1521
1239,1522
1238,1523
1237,1524
1237,1524
1236,1525
1235,1526
1234,1527
1233,1527
1233,1528
1232,1529
1231,1529
1230,1530
1229,1531
1228,1531
1228,1531
1227,1532
1226,1532
1225,1533
1224,1533
1224,1533
1223,1534
1222,1534
1221,1535
1220,1535
1219,1536
1219,1536
1218,1537
1217,1538
1216,1538
1216,1539
1215,1540
1214,1541
1214,1542
1213,1543
1212,1544
1212,1545
1211,1546
1210,1547
1210,1548
1209,1549
1208,1550
1208,1551
1207,1551
1206,1552
1206,1553
1205,1553
1205,1554
1204,1554
1203,1555
1203,1555
1202,1556
1202,1556
1201,1556
1201,1556
1200,1556
1200,1557
1199,1557
1199,1557
1199,1557
1198,1557
1198,1556
1198,1556
1198,1556
1197,1556
1197,1556
1197,1556
1197,1555
1197,1555
1197,1555
1197,1554
1197,1554
1197,1554
1197,1553
1197,1553
1197,1552
1197,1552
1197,1551
1198,1551
1198,1550
1198,1550
1198,1549
1198,1549
1199,1549
1199,1548
1199,1548
1199,1548
1200,1547
1200,1547
1200,1547
1200,1547
1201,1546
1201,1546
1201,1546
1201,1545
1202,1545
1202,1544
1202,1543
1202,1543
1202,1542
1202,1541
1203,1540
1203,1539
1203,1538
1203,1537
1203,1536
1203,1534
1203,1533
1203,1532
1203,1530
1203,1529
1203,1528
1203,1526
1203,1525
1203,1524
1202,1522
1202,1521
1202,1520
1202,1519
1202,1518
1201,1518
1201,1517
1201,1517
1201,1516
1200,1516
1200,1516
1199,1516
1199,1516
1199,1516
1198,1516
1197,1516
1197,1517
1196,1517
1196,1517
1195,1518
1194,1518
1193,1518
1193,1518
1192,1519
1191,1519
1190,1519
1189,1519
1188,1519
1187,1518
1186,1518
1185,1518
1184,1518
1183,1517
1182,1517
1181,1517
1180,1517
1179,1516
1178,1516
1176,1516
1175,1516
1174,1515
1173,1515
1171,1515
1170,1515
1168,1515
1167,1515
1165,1516
1163,1516
1162,1517
1160,1517
1158,1518
1156,1519
1155,1520
1153,1521
1151,1522
1149,1523
1146,1524
1144,1525
1142,1527
1140,1528
1138,1530
1136,1531
1133,1533
1131,1535
1129,1536
1127,1538
1124,1539
1122,1541
1120,1543
1118,1544
1115,1546
1113,1548
1111,1549
1109,1551
1106,1553
1104,1555
1102,1556
1100,1558
1098,1560
1096,1561
1093,1563
1091,1564
1089,1565
1087,1567
1085,1568
1083,1569
1081,1570
1079,1571
1076,1572
1074,1573
1072,1574
1070,1575
1068,1576
1066,1577
1063,1578
1061,1578
1059,1579
1056,1580
1054,1580
1052,1581
1049,1581
1047,1582
1045,1582
1042,1582
1040,1583
1037,1583
1035,1583
1032,1583
1030,1583
1028,1583
1025,1583
1023,1583
1020,1583
1018,1582
1015,1582
1013,1582
1010,1581
1008,1581
1006,1580
1003,1579
1001,1578
999,1578
997,1577
995,1576
993,1575
991,1574
989,1574
987,1573
985,1572
983,1571
981,1571
980,1570
978,1569
976,1569
975,1568
973,1568
972,1568
970,1567
968,1567
967,1567
965,1567
963,1567
962,1567
960,1567
958,1568
956,1568
955,1569
953,1569
951,1570
949,1571
948,1572
946,1573
944,1574
943,1575
941,1576
939,1578
938,1579
937,1581
935,1582
934,1584
933,1586
932,1587
931,1589
929,1590
928,1592
927,1593
926,1594
925,1596
924,1597
923,1598
921,1599
920,1600
919,1601
917,1601
916,1602
914,1602
913,1603
911,1603
909,1603
908,1603
906,1604
904,1604
902,1604
900,1604
899,1604
897,1604
895,1604
893,1604
891,1604
890,1604
888,1604
887,1605
886,1605
884,1605
883,1605
883,1605
882,1605
881,1606
880,1606
880,1606
880,1606
879,1606
879,1606
879,1606
879,1606
880,1606
880,1606
880,1606
880,1606
881,1606
881,1606
882,1606
882,1606
883,1605
883,1605
884,1605
885,1605
885,1605
886,1604
887,1604
888,1604
889,1603
890,1603
891,1602
892,1602
893,1601
894,1601
895,1600
896,1599
897,1598
898,1597
899,1596
900,1595
901,1594
902,1593
903,1591
904,1590
905,1589
906,1587
906,1586
907,1584
908,1582
909,1581
910,1579
912,1578
913,1576
914,1574
915,1573
916,1571
917,1570
918,1568
919,1567
920,1565
922,1564
923,1563
924,1561
925,1560
926,1559
928,1557
929,1556
930,1555
932,1554
933,1553
934,1551
936,1550
937,1549
938,1548
940,1547
941,1545
942,1544
944,1543
945,1542
946,1540
948,1539
949,1538
950,1536
952,1535
953,1533
954,1532
955,1530
957,1529
958,1528
959,1526
961,1525
962,1523
963,1522
965,1520
966,1519
968,1518
969,1516
971,1515
972,1514
974,1512
976,1511
978,1510
979,1509
981,1507
983,1506
985,1505
987,1503
989,1502
992,1501
994,1500
996,1498
998,1497
1001,1496
1003,1495
1006,1494
1009,1493
1011,1492
1014,1491
1017,1490
1020,1489
1023,1488
1026,1487
1029,1487
1032,1486
1036,1485
1039,1485
1042,1484
1045,1484
1049,1484
1052,1483
1056,1483
1059,1483
1062,1483
1066,1483
1069,1483
1073,1483
1076,1483
1079,1483
1083,1484
1086,1485
1089,1486
1092,1487
1096,1488
1099,1489
1102,1490
1105,1492
1108,1493
1111,1495
1114,1497
1117,1498
1119,1500
1122,1502
1125,1503
1128,1505
1131,1506
1133,1508
1136,1509
1139,1510
1142,1512
1145,1513
1148,1514
1152,1515
1155,1516
1158,1517
1162,1517
1165,1518
1169,1519
1172,1519
1176,1520
1180,1520
1184,1520
1188,1521
1192,1521
1196,1522
1200,1522
1204,1522
1209,1523
1213,1524
1217,1525
1221,1526
1225,1527
1229,1528
1234,1529
1238,1530
1242,1531
1246,1533
1250,1534
1254,1535
1257,1537
1261,1538
1265,1540
1269,1541
1272,1542
1276,1544
1279,1545
1283,1546
1286,1547
1290,1549
1293,1550
1297,1551
1301,1552
1304,1553
1308,1554
1311,1555
1315,1556
1318,1557
1322,1557
1325,1558
1328,1559
1332,1559
1335,1560
1339,1560
1342,1561
1345,1562
1348,1563
1351,1564
1354,1565
1357,1566
1360,1567
1362,1569
1365,1570
1367,1572
1369,1574
1371,1577
1373,1579
1375,1582
1376,1585
1378,1588
1379,1591
1380,1595
1380,1599
1381,1603
1381,1607
1381,1611
1381,1616
1380,1620
1380,1625
1379,1630
1378,1634
1376,1639
1375,1644
1373,1648
1371,1653
1369,1657
1366,1661
1364,1665
1361,1669
1358,1673
1355,1677
1352,1680
1349,1683
1346,1686
1342,1690
1339,1692
1335,1695
1332,1698
1328,1700
1325,1703
1321,1705
1317,1707
1314,1710
1310,1712
1307,1714
1303,1716
1300,1718
1297,1719
1294,1721
1291,1723
1288,1724
1285,1726
1283,1728
1280,1729
1278,1731
1276,1732
1275,1734
1273,1735
1272,1737
1270,1738
1269,1739
1269,1741
1268,1742
1268,1743
1268,1745
1268,1746
1268,1747
1269,1748
1270,1749
1271,1750
1272,1751
1273,1752
1275,1752
1277,1753
1278,1754
1280,1754
1283,1754
1285,1755
1287,1755
1290,1755
1293,1755
1295,1755
1298,1755
1301,1755
1304,1755
1308,1755
1311,1754
1314,1754
1318,1753
1321,1753
1324,1752
1328,1751
1332,1750
1335,1750
1339,1749
1343,1748
1347,1747
1351,1746
1355,1746
1359,1745
1363,1744
1367,1743
1371,1742
1375,1742
1379,1741
1383,1740
1387,1739
1391,1738
1396,1738
1400,1737
1404,1736
1409,1735
1413,1734
1417,1733
1422,1732
1426,1731
1430,1730
1435,1729
1439,1728
1443,1726
1448,1725
1452,1724
1457,1722
1461,1721
1466,1719
1470,1717
1474,1716
1479,1714
1483,1712
1488,1711
1492,1709
1497,1707
1501,1705
1506,1703
1510,1702
1514,1700
1518,1698
1522,1697
1526,1695
1530,1694
1534,1693
1537,1692
1541,1691
1544,1690
1547,1689
1551,1688
1554,1687
1557,1686
1560,1685
1563,1684
1567,1684
1570,1683
1573,1682
1576,1681
1580,1680
1584,1679
1587,1677
1591,1676
1595,1674
1599,1672
1603,1671
1607,1669
1612,1667
1616,1664
1621,1662
1625,1659
1630,1656
1635,1654
1640,1651
1645,1648
1650,1644
1655,1641
1660,1638
1665,1634
1670,1631
1674,1628
1679,1625
1683,1621
1688,1618
1692,1615
1696,1612
1700,1609
1704,1606
1708,1603
1711,1601
1715,1598
1718,1595
1721,1593
1725,1590
1728,1587
1731,1585
1734,1582
1737,1580
1740,1577
1743,1574
1746,1572
1749,1569
1752,1567
1755,1564
1758,1561
1761,1558
1764,1555
1766,1552
1769,1549
1772,1546
1775,1542
1778,1539
1781,1536
1784,1532
1786,1529
1789,1525
1792,1522
1795,1518
1797,1515
1800,1511
1803,1508
1805,1504
1808,1501
1810,1497
1813,1494
1815,1491
1818,1488
1820,1485
1822,1481
1825,1478
1827,1476
1829,1473
1832,1470
1834,1467
1836,1464
1838,1461
1840,1459
1843,1456
1845,1453
1847,1450
1849,1447
1852,1444
1854,1441
1856,1438
1859,1435
1861,1432
1863,1429
1865,1426
1868,1423
1870,1420
1872,1417
1874,1414
1876,1412
1878,1409
1880,1406
1882,1404
1884,1401
1885,1399
1887,1397
1889,1395
1890,1393
1892,1390
1894,1388
1895,1386
1897,1383
1898,1381
1900,1378
1902,1375
1903,1372
1905,1369
1907,1366
1908,1363
1910,1361
1911,1358
1913,1355
1914,1352
1916,1350
1917,1347
1918,1345
1919,1342
1920,1340
1921,1338
1922,1336
1923,1334
1924,1332
1925,1331
1925,1329
1926,1328
1926,1326
1927,1325
1927,1324
1928,1323
1928,1322
1928,1321
1928,1320
1928,1319
1929,1319
1929,1318
1929,1317
1929,1316
1929,1315
1929,1315
1929,1314
1929,1313
1929,1312
1929,1311
1929,1311
1928,1310
1928,1309
1928,1308
1928,1308
1928,1307
1927,1307
1927,1307
1926,1307
1926,1307
1925,1307
1924,1307
1923,1308
1922,1308
1922,1309
1921,1309
1920,1310
1919,1311
1918,1311
1918,1312
1917,1313
1916,1314
1915,1315
1915,1316
1914,1317
1913,1317
1913,1318
1912,1319
1912,1320
1912,1321
1911,1321
1911,1322
1911,1322
1911,1323
1911,1323
1911,1323
1912,1323
1912,1322
1912,1322
1913,1322
1913,1321
1913,1321
1914,1320
1914,1319
1915,1318
1915,1318
1916,1317
1916,1316
1917,1316
1917,1315
1917,1315
1918,1314
1918,1314
1918,1314
1918,1314
1918,1315
1918,1315
1918,1316
1917,1316
1917,1317
1917,1318
1916,1320
1916,1321
1915,1323
1914,1324
1913,1326
1913,1328
1912,1331
1911,1333
1910,1335
1909,1337
1908,1340
1907,1342
1906,1344
1905,1346
1905,1348
1904,1350
1903,1352
1902,1354
1901,1356
1900,1359
1899,1361
1898,1363
1897,1365
1897,1367
1896,1369
1895,1371
1894,1373
1893,1376
1892,1378
1892,1380
1891,1382
1890,1384
1890,1386
1889,1388
1888,1390
1888,1393
1888,1395
1887,1397
1887,1399
1887,1401
1887,1403
1887,1406
1887,1408
1887,1411
1887,1413
1888,1416
1888,1418
1888,1421
1889,1424
1889,1427
1890,1430
1891,1433
1891,1436
1892,1439
1893,1442
1894,1446
1895,1449
1896,1452
1898,1456
1899,1459
1900,1463
1901,1466
1902,1470
1904,1473
1905,1477
1906,1481
1907,1485
1908,1488
1910,1492
1911,1496
1912,1500
1914,1504
1915,1508
1917,1512
1918,1516
1920,1520
1921,1524
1923,1528
1925,1532
1927,1536
1929,1540
1931,1544
1934,1548
1936,1552
1938,1556
1941,1559
1944,1563
1946,1567
1949,1570
1952,1574
1955,1577
1959,1581
1962,1584
1965,1587
1969,1590
1972,1593
1976,1595
1979,1598
1983,1601
1987,1603
1990,1605
1994,1608
1997,1610
2001,1612
2004,1614
2008,1616
2011,1618
2014,1620
2018,1622
2021,1624
2025,1625
2028,1627
2032,1629
2035,1630
2039,1631
2043,1632
2047,1633
2051,1634
2055,1635
2059,1636
2063,1636
2067,1636
2072,1637
2076,1637
2081,1637
2085,1638
2089,1638
2094,1638
2098,1638
2103,1638
2107,1638
2112,1639
2116,1639
2120,1639
2125,1640
2129,1640
2133,1641
2137,1642
2141,1643
2145,1643
2149,1644
2152,1645
2156,1646
2160,1648
2163,1649
2167,1650
2170,1652
2173,1654
2176,1655
2179,1657
2182,1659
2186,1661
2189,1663
2192,1665
2195,1667
2198,1669
2202,1671
2205,1672
2209,1674
2212,1676
2216,1678
2220,1679
2223,1681
2227,1683
2231,1684
2235,1686
2239,1687
2243,1689
2248,1690
2252,1692
2257,1693
2262,1694
2267,1695
2272,1695
2277,1696
2283,1696
2289,1697
2295,1697
2301,1697
2307,1697
2314,1696
2321,1696
2327,1695
2334,1694
2341,1694
2348,1693
2355,1692
2362,1691
2369,1690
2376,1689
2383,1688
2389,1688
2396,1687
2402,1686
2409,1686
2415,1685
2421,1685
2427,1685
2433,1685
2438,1685
2444,1685
2449,1685
2454,1685
2459,1686
2463,1687
2468,1687
2472,1688
2477,1689
2481,1690
2485,1691
2489,1692
2493,1693
2497,1695
2501,1696
2505,1697
2508,1699
2512,1700
2515,1701
2519,1703
2522,1704
2525,1706
2528,1708
2531,1709
2534,1711
2536,1713
2539,1715
2541,1716
2543,1718
2544,1720
2546,1723
2547,1725
2548,1727
2549,1729
2549,1732
2550,1734
2550,1736
2550,1739
2550,1741
2549,1743
2549,1746
2548,1748
2548,1751
2547,1753
2546,1755
2545,1757
2544,1759
2544,1762
2543,1764
2542,1766
2540,1767
2539,1769
2538,1771
2537,1773
2536,1775
2535,1776
2534,1778
2532,1779
2531,1781
2530,1782
2529,1784
2528,1785
2526,1786
2525,1787
2524,1789
2522,1790
2521,1791
2519,1792
2518,1793
2517,1795
2515,1796
2513,1797
2512,1798
2510,1799
2509,1800
2507,1801
2505,1802
2504,1803
2502,1804
2501,1805
2499,1806
2497,1807
2496,1808
2494,1809
2492,1810
2491,1811
2489,1811
2487,1812
2486,1813
2484,1814
2482,1814
2481,1815
2479,1816
2477,1817
2476,1817
2474,1818
2472,1818
2471,1819
2469,1820
2468,1820
2466,1821
2464,1821
2463,1822
2461,1822
2460,1823
2458,1823
2457,1824
2455,1824
2454,1824
2452,1825
2450,1825
2449,1826
2447,1826
2445,1826
2444,1827
2442,1827
2441,1827
2439,1828
2437,1828
2435,1829
2434,1829
2432,1829
2430,1830
2429,1830
2427,1831
2425,1831
2424,1831
2422,1832
2420,1832
2419,1833
2417,1833
2415,1833
2414,1834
2412,1834
2410,1834
2409,1835
2407,1835
2405,1835
2404,1836
2402,1836
2400,1836
2399,1837
2397,1837
2396,1837
2394,1838
2393,1838
2391,1838
2389,1838
2388,1838
2387,1839
2385,1839
2384,1839
2382,1839
2381,1839
2379,1839
2378,1839
2376,1840
2375,1840
2373,1840
2372,1840
2370,1841
2368,1841
2367,1841
2365,1842
2363,1842
2361,1842
2359,1843
2358,1843
2356,1844
2354,1844
2352,1845
2350,1845
2348,1846
2346,1847
2345,1847
2343,1848
2341,1848
2339,1848
2337,1849
2336,1849
2334,1850
2332,1850
2331,1850
2329,1851
2328,1851
2326,1851
2325,1851
2323,1851
2322,1852
2321,1852
2319,1852
2318,1852
2316,1852
2315,1852
2314,1852
2312,1852
2311,1852
2310,1852
2308,1852
2307,1852
2305,1852
2304,1852
2302,1852
2301,1852
2299,1852
2298,1852
2296,1852
2295,1853
2293,1853
2291,1853
2290,1853
2288,1853
2287,1853
2285,1853
2284,1853
2282,1853
2280,1853
2279,1853
2277,1853
2276,1853
2274,1853
2273,1853
2271,1853
2269,1852
2268,1852
2266,1852
2265,1852
2263,1852
2262,1852
2260,1852
2259,1852
2257,1852
2255,1852
2254,1851
2252,1851
2251,1851
2249,1851
2248,1851
2246,1850
2245,1850
2243,1850
2242,1850
2240,1850
2239,1849
2237,1849
2235,1849
2234,1849
2232,1849
2231,1849
2229,1849
2227,1849
2226,1849
2224,1849
2223,1849
2221,1849
2219,1849
2218,1849
2216,1849
2215,1849
2213,1849
2212,1849
2211,1849
2209,1849
2208,1849
2207,1849
2205,1849
2204,1849
2203,1849
2202,1849
2201,1849
2200,1850
2199,1850
2198,1850
2197,1850
2196,1851
2195,1851
2194,1852
2194,1852
2193,1853
2192,1853
2191,1854
2190,1855
2190,1856
2189,1857
2188,1858
2187,1859
2186,1860
2185,1861
2184,1863
2183,1864
2182,1865
2181,1867
2180,1868
2179,1870
2177,1871
2176,1873
2175,1875
2174,1876
2173,1878
2172,1879
2171,1881
2170,1882
2169,1884
2168,1885
2167,1886
2166,1888
2165,1889
2164,1890
2163,1891
2163,1892
2162,1893
2162,1893
2161,1894
2161,1895
2161,1895
2161,1896
2161,1896
2161,1896
2161,1896
2161,1896
2161,1896
2161,1896
2161,1896
2162,1896
2162,1896
2162,1896
2162,1895
2162,1895
2162,1895
2162,1895
2162,1895
2162,1894
2162,1894
2162,1894
2162,1894
2161,1894
2161,1894
2160,1893
2160,1893
2159,1893
2159,1893
2158,1892
2157,1892
2156,1892
2156,1891
2155,1891
2154,1891
2153,1890
2152,1890
2152,1890
2151,1889
2150,1889
2148,1888
2147,1888
2146,1888
2145,1887
2144,1887
2142,1887
2141,1886
2139,1886
2138,1886
2136,1886
2135,1886
2133,1886
2131,1885
2130,1885
2128,1885
2126,1885
2124,1885
2122,1885
2121,1884
2119,1884
2117,1884
2115,1884
2113,1884
2112,1883
2110,1883
2108,1883
2106,1882
2105,1882
2103,1882
2101,1881
2099,1881
2098,1881
2096,1880
2094,1880
2093,1879
2091,1879
2090,1878
2088,1878
2086,1877
2085,1877
2083,1876
2082,1876
2080,1875
2078,1874
2077,1874
2075,1873
2074,1873
2072,1872
2070,1872
2069,1872
2067,1871
2066,1871
2064,1870
2062,1870
2061,1869
2059,1869
2058,1868
2056,1868
2054,1867
2053,1867
2051,1867
2050,1867
2048,1866
2046,1866
2045,1866
2043,1866
2041,1866
2040,1866
2038,1866
2036,1866
2035,1866
2033,1866
2031,1866
2029,1866
2028,1866
2026,1866
2024,1866
2022,1866
2020,1866
2019,1866
2017,1866
2015,1866
2013,1866
2011,1865
2009,1865
2007,1865
2005,1864
2003,1864
2002,1863
2000,1863
1998,1862
1996,1861
1994,1861
1993,1860
1991,1859
1990,1857
1988,1856
1987,1855
1986,1854
1985,1852
1984,1851
1983,1849
1982,1848
1981,1846
1980,1845
1979,1843
1979,1841
1978,1840
1977,1838
1977,1837
1976,1835
1975,1833
1974,1832
1974,1830
1973,1829
1972,1827
1971,1826
1970,1825
1969,1823
1968,1822
1967,1821
1966,1820
1965,1819
1964,1818
1963,1817
1962,1816
1960,1815
1959,1814
1958,1813
1957,1812
1955,1811
1954,1810
1953,1809
1952,1808
1951,1807
1949,1806
1948,1804
1947,1803
1946,1802
1945,1801
1944,1799
1943,1798
1942,1797
1941,1795
1940,1794
1939,1792
1938,1791
1937,1790
1936,1788
1935,1787
1934,1786
1933,1784
1931,1783
1930,1782
1929,1781
1928,1780
1926,1779
1925,1778
1924,1777
1922,1776
1921,1775
1919,1774
1918,1773
1917,1772
1915,1772
1914,1771
1913,1770
1911,1769
1910,1768
1908,1767
1907,1766
1906,1765
1905,1764
1903,1763
1902,1762
1901,1760
1900,1759
1898,1758
1897,1757
1896,1756
1895,1755
1893,1754
1892,1753
1891,1751
1890,1750
1888,1749
1887,1748
1886,1747
1885,1746
1883,1745
1882,1744
1881,1743
1879,1742
1878,1741
1877,1740
1875,1739
1874,1738
1873,1737
1871,1736
1870,1734
1869,1733
1867,1732
1866,1731
1865,1730
1863,1729
1862,1727
1861,1726
1859,1725
1858,1724
1857,1722
1855,1721
1854,1720
1852,1719
1851,1718
1849,1717
1847,1716
1846,1715
1844,1714
1843,1713
1841,1712
1839,1711
1838,1710
1836,1709
1834,1708
1833,1707
1831,1706
1829,1705
1828,1704
1826,1703
1825,1701
1823,1700
1822,1699
1820,1697
1819,1695
1817,1694
1816,1692
1815,1690
1813,1688
1812,1686
1811,1684
1809,1682
1808,1680
1807,1678
1806,1675
1805,1673
1803,1671
1802,1668
1801,1666
1800,1664
1799,1661
1797,1659
1796,1657
1795,1654
1794,1652
1792,1650
1791,1648
1790,1645
1788,1643
1787,1641
1786,1639
1784,1636
1783,1634
1782,1632
1780,1630
1779,1628
1777,1625
1776,1623
1775,1621
1773,1619
1772,1616
1770,1614
1769,1612
1768,1610
1766,1608
1765,1605
1763,1603
1762,1601
1761,1599
1759,1596
1758,1594
1756,1592
1755,1590
1753,1588
1752,1586
1750,1583
1749,1581
1748,1579
1746,1577
1745,1575
1743,1573
1742,1571
1740,1569
1738,1567
1737,1565
1735,1564
1734,1562
1732,1560
1731,1558
1729,1556
1728,1555
1726,1553
1725,1551
1723,1550
1722,1548
1720,1546
1719,1545
1717,1543
1716,1541
1714,1540
1713,1538
1711,1536
1710,1534
1708,1533
1707,1531
1706,1529
1704,1528
1703,1526
1701,1524
1700,1523
1699,1522
1697,1520
1696,1519
1694,1518
1693,1516
1692,1515
1690,1514
1689,1513
1688,1512
1686,1511
1685,1510
1683,1510
1682,1509
1681,1509
1679,1508
1678,1508
1677,1508
1675,1508
1674,1508
1673,1508
1672,1508
1671,1507
1669,1507
1668,1506
1667,1506
1667,1505
1666,1503
1665,1501
1664,1499
1664,1497
1663,1495
1662,1492
1662,1489
1661,1485
1661,1482
1660,1478
1660,1475
1659,1471
1659,1468
1658,1464
1658,1460
1657,1457
1656,1453
1656,1450
1655,1447
1655,1444
1654,1441
1653,1438
1652,1436
1652,1433
1651,1431
1650,1430
1649,1428
1648,1427
1647,1426
1645,1425
1644,1424
1643,1424
1641,1424
1640,1424
1638,1424
1636,1424
1635,1424
1633,1424
1631,1424
1629,1424
1627,1424
1626,1424
1624,1424
1622,1424
1620,1424
1619,1423
1617,1423
1616,1423
1614,1423
1613,1423
1612,1423
1611,1423
1610,1423
1610,1423
1609,1423
1609,1423
