2438,861
2438,861
2439,860
2439,859
2440,858
2441,857
2443,856
2444,854
2446,852
2447,851
2449,849
2451,848
2453,846
2454,844
2456,843
2458,842
2460,841
2462,840
2463,839
2465,838
2467,838
2468,838
2470,838
2471,838
2472,839
2473,840
2474,841
2475,843
2476,845
2477,847
2478,850
2478,852
2479,855
2480,858
2481,862
2481,865
2482,868
2483,872
2484,875
2485,879
2486,882
2488,885
2489,888
2491,891
2493,894
2495,897
2498,899
2501,901
2504,903
2507,904
2510,906
2514,907
2517,908
2521,908
2525,909
2530,909
2534,909
2539,909
2543,909
2548,908
2553,908
2558,907
2563,906
2568,905
2573,904
2579,903
2584,902
2589,901
2594,901
2598,900
2603,899
2608,899
2613,899
2617,898
2622,898
2626,899
2631,899
2635,899
2639,900
2643,901
2647,902
2651,903
2655,904
2658,905
2662,907
2666,908
2669,910
2673,912
2677,914
2680,915
2684,917
2687,919
2691,921
2695,923
2698,925
2702,926
2706,928
2710,930
2713,931
2717,933
2721,934
2725,936
2728,937
2732,939
2736,940
2739,942
2743,943
2746,944
2750,946
2753,947
2756,949
2759,950
2762,952
2765,953
2768,955
2771,956
2774,958
2776,959
2779,961
2781,962
2783,964
2785,965
2787,967
2789,968
2791,970
2792,971
2794,973
2795,974
2796,975
2797,977
2798,978
2798,979
2799,981
2799,982
2799,983
2800,984
2800,985
2800,986
2799,986
2799,987
2799,988
2799,988
2798,989
2798,989
2797,990
2797,990
2796,990
2796,991
2795,991
2794,991
2793,991
2793,991
2792,992
2791,992
2790,992
2790,992
2789,991
2788,991
2788,991
2787,990
2787,990
2787,989
2787,989
2786,988
2786,987
2786,986
2786,985
2786,984
2787,983
2787,983
2787,982
2787,981
2786,981
2786,981
2786,981
2786,981
2785,981
2785,981
2785,981
2785,982
2784,983
2784,983
2784,984
2784,985
2784,986
2784,986
2784,987
2784,988
2785,989
2785,990
2785,991
2786,992
2787,993
2787,994
2788,995
2789,996
2789,997
2790,998
2791,999
2791,1000
2792,1001
2792,1003
2793,1004
2793,1006
2793,1008
2793,1010
2792,1012
2792,1015
2791,1017
2790,1020
2788,1023
2787,1027
2785,1030
2783,1034
2780,1037
2778,1041
2776,1045
2773,1049
2771,1052
2768,1056
2766,1059
2764,1063
2762,1066
2760,1068
2758,1071
2756,1073
2754,1076
2753,1078
2751,1079
2750,1081
2749,1082
2748,1084
2747,1085
2746,1085
2745,1086
2744,1087
2743,1087
2742,1087
2741,1087
2741,1088
2740,1088
2739,1088
2738,1088
2737,1088
2736,1088
2735,1088
2734,1088
2732,1088
2731,1088
2729,1088
2728,1089
2726,1089
2724,1090
2721,1090
2719,1091
2717,1092
2714,1093
2712,1094
2709,1095
2706,1095
2704,1096
2701,1097
2698,1098
2696,1099
2693,1100
2691,1100
2688,1101
2685,1102
2683,1103
2680,1103
2678,1104
2675,1104
2673,1105
2671,1105
2669,1105
2667,1105
2665,1105
2663,1104
2662,1104
2660,1103
2659,1103
2658,1102
2656,1101
2655,1100
2654,1100
2653,1099
2652,1098
2651,1097
2650,1096
2649,1095
2647,1095
2646,1094
2645,1093
2644,1093
2642,1092
2641,1092
2639,1091
2638,1091
2636,1091
2635,1091
2633,1091
2631,1091
2629,1092
2627,1092
2625,1093
2622,1094
2620,1094
2618,1095
2615,1096
2613,1097
2611,1098
2608,1099
2606,1100
2603,1101
2601,1102
2599,1103
2597,1104
2595,1104
2593,1105
2591,1106
2589,1106
2587,1107
2585,1108
2583,1108
2581,1109
2579,1110
2577,1111
2575,1112
2573,1113
2571,1115
2568,1116
2566,1118
2564,1119
2561,1121
2558,1123
2555,1126
2553,1128
2550,1130
2547,1133
2544,1136
2541,1138
2538,1141
2536,1143
2533,1145
2530,1148
2528,1150
2525,1152
2523,1155
2521,1157
2519,1159
2517,1161
2515,1163
2513,1164
2512,1166
2510,1168
2509,1169
2507,1171
2506,1172
2505,1174
2503,1175
2502,1176
2501,1178
2500,1179
2498,1181
2497,1183
2495,1185
2494,1186
2492,1188
2491,1190
2489,1193
2487,1195
2485,1197
2484,1199
2482,1202
2480,1204
2478,1207
2477,1209
2475,1211
2473,1214
2472,1216
2470,1218
2469,1220
2467,1222
2466,1224
2465,1226
2463,1228
2462,1230
2461,1232
2460,1234
2458,1236
2457,1238
2456,1241
2454,1243
2453,1245
2451,1247
2450,1249
2448,1252
2447,1254
2445,1256
2444,1259
2442,1261
2441,1263
2439,1265
2438,1268
2436,1270
2435,1272
2434,1274
2432,1276
2431,1278
2430,1280
2428,1282
2427,1284
2426,1286
2425,1287
2423,1289
2422,1291
2421,1293
2420,1294
2419,1296
2419,1298
2418,1299
2417,1301
2417,1302
2416,1304
2415,1305
2415,1307
2415,1308
2414,1310
2414,1311
2414,1312
2413,1314
2413,1315
2413,1317
2413,1318
2413,1320
2413,1321
2413,1323
2414,1325
2414,1326
2414,1328
2414,1329
2415,1331
2415,1333
2415,1334
2416,1336
2416,1338
2417,1339
2417,1341
2418,1343
2418,1345
2419,1346
2420,1348
2420,1350
2421,1351
2421,1353
2422,1355
2423,1357
2423,1358
2424,1360
2425,1362
2425,1364
2426,1365
2427,1367
2427,1369
2428,1371
2428,1372
2429,1374
2430,1376
2430,1378
2431,1379
2431,1381
2432,1382
2433,1384
2433,1386
2434,1387
2434,1389
2435,1390
2435,1392
2436,1393
2436,1395
2437,1396
2437,1398
2438,1399
2438,1401
2439,1402
2439,1404
2439,1405
2440,1407
2440,1408
2440,1410
2440,1412
2440,1413
2441,1415
2441,1416
2441,1418
2441,1420
2441,1421
2441,1423
2441,1425
2441,1426
2441,1428
2441,1430
2441,1432
2441,1433
2441,1435
2441,1437
2441,1438
2441,1440
2441,1442
2441,1443
2441,1445
2441,1446
2441,1448
2441,1450
2441,1451
2441,1453
2441,1454
2441,1456
2441,1457
2441,1459
2441,1460
2441,1462
2441,1463
2440,1465
2440,1466
2440,1468
2440,1469
2440,1471
2440,1472
2440,1474
2440,1475
2440,1476
2440,1477
2440,1479
2441,1480
2441,1481
2441,1482
2441,1483
2442,1484
2442,1486
2442,1487
2442,1488
2442,1489
2442,1491
2442,1492
2442,1494
2441,1496
2441,1498
2440,1499
2440,1501
2439,1504
2438,1506
2437,1508
2436,1510
2435,1512
2434,1515
2433,1517
2432,1519
2432,1521
2431,1523
2430,1525
2429,1527
2429,1529
2428,1531
2428,1532
2428,1534
2428,1535
2428,1536
2428,1537
2428,1538
2428,1539
2429,1540
2429,1541
2430,1542
2430,1543
2430,1543
2431,1544
2431,1545
2432,1546
2432,1546
2433,1547
2433,1548
2434,1549
2434,1549
2434,1550
2434,1551
2435,1552
2435,1553
2435,1554
2435,1555
2435,1556
2435,1557
2435,1558
2435,1559
2435,1560
2435,1562
2436,1563
2436,1564
2436,1565
2436,1566
2436,1567
2437,1568
2437,1569
2437,1570
2438,1571
2438,1572
2439,1573
2439,1574
2440,1574
2441,1575
2441,1575
2442,1576
2443,1576
2444,1577
2445,1577
2446,1577
2447,1577
2448,1578
2449,1578
2450,1578
2451,1578
2452,1578
2453,1578
2454,1577
2455,1577
2456,1577
2457,1577
2458,1577
2458,1576
2459,1576
2460,1576
2460,1576
2460,1575
2461,1575
2461,1575
2460,1575
2460,1575
2460,1575
2459,1575
2459,1574
2458,1574
2457,1574
2456,1574
2455,1573
2454,1573
2453,1573
2452,1572
2451,1571
2450,1570
2449,1570
2447,1569
2446,1568
2444,1567
2443,1565
2441,1564
2440,1563
2438,1562
2436,1561
2434,1559
2432,1558
2430,1557
2428,1556
2425,1554
2423,1553
2420,1552
2418,1551
2415,1549
2412,1548
2410,1547
2407,1546
2404,1545
2401,1544
2398,1542
2395,1541
2391,1540
2388,1539
2385,1538
2381,1538
2378,1537
2374,1536
2371,1535
2367,1535
2363,1534
2359,1533
2356,1533
2352,1532
2348,1532
2344,1531
2340,1530
2336,1530
2332,1529
2328,1529
2325,1528
2321,1528
2317,1528
2313,1527
2309,1527
2305,1526
2301,1526
2297,1526
2293,1526
2289,1525
2286,1525
2282,1525
2278,1525
2274,1525
2270,1525
2266,1525
2262,1525
2259,1525
2255,1525
2251,1525
2247,1525
2243,1526
2239,1526
2236,1526
2232,1527
2228,1527
2224,1527
2220,1528
2216,1529
2213,1529
2209,1530
2205,1531
2201,1531
2198,1532
2194,1533
2190,1533
2186,1534
2183,1535
2179,1536
2175,1537
2172,1537
2168,1538
2165,1539
2161,1539
2158,1540
2154,1541
2151,1541
2148,1542
2144,1542
2141,1543
2138,1543
2134,1544
2131,1544
2128,1544
2125,1545
2122,1545
2119,1545
2116,1545
2113,1545
2110,1545
2107,1545
2104,1545
2101,1545
2098,1545
2095,1545
2093,1544
2090,1544
2087,1544
2085,1543
2082,1543
2080,1542
2077,1542
2075,1541
2073,1541
2070,1540
2068,1539
2066,1539
2064,1538
2062,1537
2060,1536
2058,1535
2056,1535
2054,1534
2052,1533
2050,1532
2049,1531
2047,1530
2045,1528
2044,1527
2042,1526
2041,1525
2039,1524
2038,1522
2037,1521
2035,1520
2034,1518
2033,1517
2032,1515
2031,1514
2029,1512
2028,1510
2027,1509
2026,1507
2025,1506
2024,1504
2023,1502
2022,1500
2021,1499
2020,1497
2020,1495
2019,1494
2018,1492
2017,1491
2016,1489
2015,1487
2014,1486
2013,1484
2012,1483
2012,1482
2011,1481
2010,1479
2009,1478
2008,1477
2007,1476
2006,1475
2006,1473
2005,1472
2004,1471
2004,1470
2003,1469
2003,1467
2003,1466
2003,1464
2003,1462
2003,1461
2003,1459
2004,1457
2004,1454
2005,1452
2006,1449
2007,1447
2009,1444
2010,1440
2012,1437
2014,1433
2016,1429
2019,1425
2021,1421
2024,1417
2026,1412
2029,1408
2032,1403
2035,1398
2038,1394
2041,1389
2044,1384
2047,1380
2050,1375
2053,1371
2056,1366
2059,1362
2061,1358
2064,1354
2067,1350
2069,1346
2072,1342
2074,1338
2077,1335
2080,1331
2082,1327
2085,1324
2087,1320
2090,1316
2093,1313
2095,1309
2098,1306
2101,1302
2103,1299
2106,1295
2109,1292
2112,1289
2114,1286
2117,1283
2120,1280
2122,1277
2125,1274
2127,1271
2130,1269
2132,1267
2134,1265
2136,1263
2138,1261
2139,1260
2141,1259
2142,1258
2143,1258
2144,1257
2144,1257
2145,1257
2145,1258
2145,1258
2145,1259
2145,1260
2144,1261
2144,1263
2143,1264
2142,1266
2141,1267
2140,1269
2139,1271
2137,1273
2136,1275
2134,1277
2132,1279
2130,1281
2128,1284
2126,1286
2123,1289
2121,1291
2118,1294
2115,1297
2112,1300
2109,1303
2105,1306
2102,1309
2098,1312
2095,1315
2091,1319
2087,1322
2083,1326
2079,1329
2075,1333
2071,1337
2066,1340
2062,1344
2058,1348
2054,1352
2049,1356
2045,1360
2041,1364
2037,1368
2032,1372
2028,1376
2024,1381
2020,1385
2016,1389
2012,1393
2008,1398
2005,1402
2001,1406
1997,1411
1994,1415
1991,1419
1987,1424
1984,1428
1981,1433
1978,1437
1975,1442
1972,1446
1969,1451
1967,1455
1964,1460
1961,1465
1959,1469
1957,1474
1954,1478
1952,1483
1950,1487
1948,1492
1946,1496
1944,1501
1942,1505
1940,1510
1938,1514
1936,1519
1934,1523
1932,1527
1930,1531
1929,1536
1927,1540
1925,1544
1924,1548
1922,1552
1920,1556
1919,1560
1917,1564
1915,1568
1913,1571
1912,1575
1910,1579
1908,1582
1906,1586
1905,1589
1903,1593
1901,1596
1899,1599
1897,1603
1896,1606
1894,1609
1892,1612
1890,1615
1888,1617
1886,1620
1884,1623
1883,1625
1881,1628
1879,1630
1877,1633
1875,1635
1873,1637
1871,1640
1869,1642
1867,1644
1865,1646
1863,1648
1861,1650
1859,1652
1857,1654
1855,1656
1853,1657
1851,1659
1849,1660
1847,1662
1845,1663
1843,1664
1841,1665
1839,1666
1837,1667
1835,1668
1834,1669
1832,1670
1830,1670
1828,1671
1827,1671
1825,1671
1823,1672
1822,1672
1820,1672
1818,1672
1817,1672
1815,1672
1813,1672
1812,1672
1810,1672
1808,1671
1807,1671
1805,1671
1804,1671
1802,1671
1800,1670
1799,1670
1797,1670
1795,1670
1793,1669
1792,1669
1790,1668
1788,1668
1787,1667
1785,1667
1783,1666
1782,1665
1780,1665
1779,1664
1777,1663
1776,1662
1775,1661
1773,1660
1772,1659
1770,1658
1769,1656
1768,1655
1767,1654
1766,1652
1764,1651
1763,1649
1762,1648
1761,1647
1760,1645
1759,1644
1758,1642
1757,1641
1756,1640
1755,1638
1754,1637
1753,1636
1752,1635
1751,1635
1750,1634
1749,1633
1748,1633
1747,1632
1746,1632
1745,1632
1744,1632
1743,1632
1742,1632
1741,1632
1740,1632
1739,1632
1738,1632
1737,1632
1736,1631
1736,1631
1735,1631
1735,1631
1734,1630
1734,1630
1734,1629
1733,1629
1733,1628
1733,1627
1733,1626
1733,1624
1734,1623
1734,1622
1734,1620
1735,1619
1735,1617
1735,1616
1736,1614
1736,1612
1737,1611
1738,1609
1738,1607
1739,1605
1740,1603
1740,1601
1741,1600
1742,1598
1742,1596
1743,1594
1744,1592
1745,1590
1745,1588
1746,1586
1747,1584
1748,1582
1748,1580
1749,1578
1750,1576
1750,1574
1751,1572
1752,1570
1752,1568
1753,1567
1754,1565
1754,1563
1755,1561
1756,1559
1756,1557
1757,1555
1757,1553
1758,1551
1759,1549
1759,1547
1760,1545
1761,1543
1761,1540
1762,1538
1763,1536
1764,1534
1764,1532
1765,1529
1766,1527
1767,1525
1768,1522
1768,1520
1769,1518
1770,1515
1771,1513
1772,1511
1772,1509
1773,1507
1774,1505
1775,1503
1775,1501
1776,1500
1777,1498
1777,1496
1778,1495
1779,1493
1779,1492
1780,1491
1781,1489
1782,1488
1782,1486
1783,1485
1784,1483
1785,1481
1786,1480
1787,1478
1788,1476
1789,1474
1790,1472
1791,1470
1792,1468
1794,1466
1795,1464
1797,1461
1798,1459
1800,1456
1801,1454
1803,1451
1805,1448
1807,1445
1809,1441
1811,1438
1813,1434
1815,1431
1817,1427
1819,1424
1822,1420
1824,1416
1826,1412
1829,1408
1831,1404
1833,1401
1835,1397
1838,1393
1840,1389
1842,1386
1844,1382
1846,1378
1848,1375
1850,1372
1852,1368
1854,1365
1856,1362
1858,1359
1859,1356
1861,1353
1862,1350
1864,1348
1865,1345
1867,1342
1868,1340
1869,1337
1870,1335
1872,1332
1873,1329
1874,1327
1875,1324
1876,1321
1877,1318
1878,1315
1880,1312
1881,1309
1882,1305
1883,1302
1885,1298
1886,1294
1887,1290
1888,1287
1890,1283
1891,1279
1892,1275
1893,1271
1894,1267
1895,1263
1896,1260
1897,1256
1898,1252
1899,1248
1900,1245
1901,1241
1901,1238
1902,1234
1903,1231
1904,1227
1904,1224
1905,1220
1905,1217
1906,1214
1906,1211
1907,1207
1907,1204
1908,1201
1908,1198
1909,1194
1909,1191
1909,1188
1910,1185
1910,1181
1910,1178
1911,1175
1911,1171
1912,1168
1912,1164
1913,1160
1913,1157
1913,1153
1914,1150
1914,1146
1914,1143
1914,1139
1915,1136
1915,1133
1915,1130
1915,1128
1915,1125
1915,1122
1915,1119
1915,1117
1915,1114
1914,1111
1914,1108
1914,1105
1914,1103
1914,1100
1914,1097
1914,1094
1914,1091
1914,1088
1914,1084
1914,1081
1914,1078
1914,1075
1913,1072
1913,1068
1913,1065
1913,1062
1913,1058
1913,1055
1913,1052
1912,1049
1912,1046
1912,1043
1912,1040
1911,1037
1911,1034
1910,1031
1910,1029
1909,1026
1909,1024
1908,1022
1907,1020
1906,1018
1905,1016
1904,1014
1903,1013
1902,1011
1901,1009
1900,1007
1899,1005
1898,1004
1897,1002
1896,1000
1895,998
1894,996
1893,994
1892,993
1891,991
1890,989
1889,987
1888,986
1887,984
1886,983
1884,981
1883,980
1882,978
1881,977
1880,976
1879,974
1878,973
1877,972
1876,971
1875,970
1874,968
1873,967
1872,966
1871,965
1870,964
1870,963
1869,962
1868,961
1868,959
1867,958
1866,958
1866,957
1866,956
1865,955
1865,954
1865,953
1864,952
1864,951
1864,950
1865,949
1865,947
1865,946
1865,944
1866,943
1867,941
1867,939
1868,937
1869,936
1870,934
1870,932
1871,930
1872,928
1873,926
1875,924
1876,923
1877,921
1878,919
1879,918
1881,916
1882,915
1883,914
1884,913
1886,912
1887,911
1888,911
1890,910
1891,910
1892,910
1894,910
1895,911
1896,911
1897,912
1898,913
1900,914
1901,915
1902,917
1903,918
1904,920
1905,921
1906,923
1907,925
1908,927
1909,929
1910,931
1911,933
1912,936
1913,938
1914,941
1915,944
1915,947
1916,950
1917,953
1917,956
1918,959
1918,962
1919,966
1919,969
1920,972
1920,976
1921,979
1921,983
1922,986
1922,990
1922,993
1923,997
1923,1000
1923,1004
1923,1008
1923,1011
1924,1015
1924,1019
1924,1022
1924,1026
1924,1030
1924,1034
1923,1038
1923,1042
1923,1046
1922,1051
1922,1055
1921,1059
1920,1064
1920,1068
1919,1073
1918,1078
1916,1082
1915,1087
1914,1092
1912,1097
1911,1102
1909,1107
1907,1111
1905,1116
1903,1121
1901,1126
1899,1130
1897,1135
1894,1140
1892,1144
1889,1149
1887,1154
1884,1159
1881,1163
1878,1168
1875,1173
1872,1178
1868,1182
1865,1187
1862,1192
1858,1196
1854,1201
1851,1205
1847,1210
1843,1214
1839,1219
1835,1223
1831,1228
1826,1232
1822,1237
1818,1241
1813,1246
1808,1250
1804,1255
1799,1259
1794,1264
1789,1268
1784,1273
1779,1277
1774,1282
1768,1286
1763,1291
1758,1295
1752,1300
1747,1304
1741,1308
1736,1313
1730,1317
1725,1321
1719,1325
1714,1329
1708,1333
1702,1337
1697,1341
1691,1345
1685,1349
1679,1352
1674,1356
1668,1359
1662,1362
1657,1365
1651,1368
1646,1371
1640,1373
1635,1376
1630,1378
1624,1381
1619,1383
1614,1385
1608,1387
1603,1389
1598,1391
1592,1393
1587,1395
1581,1397
1576,1399
1570,1401
1564,1403
1559,1405
1553,1408
1547,1410
1541,1412
1535,1414
1529,1417
1522,1419
1516,1422
1510,1424
1504,1427
1498,1430
1491,1433
1485,1436
1479,1439
1472,1443
1466,1446
1460,1449
1454,1453
1447,1456
1441,1459
1435,1462
1429,1465
1423,1468
1417,1471
1411,1474
1405,1476
1399,1479
1394,1481
1388,1483
1382,1485
1377,1487
1371,1489
1366,1490
1361,1492
1355,1493
1350,1495
1344,1496
1339,1497
1334,1498
1329,1499
1324,1500
1319,1501
1314,1502
1309,1503
1305,1504
1300,1505
1296,1505
1291,1506
1287,1507
1283,1508
1279,1509
1275,1510
1272,1511
1268,1512
1265,1514
1261,1515
1258,1516
1255,1517
1252,1519
1249,1520
1246,1521
1244,1522
1241,1523
1239,1524
1236,1525
1234,1526
1232,1527
1230,1527
1228,1528
1226,1528
1225,1528
1223,1528
1222,1528
1221,1528
1220,1527
1219,1527
1218,1526
1218,1524
1217,1523
1217,1522
1217,1520
1217,1518
1217,1516
1217,1514
1218,1511
1218,1509
1219,1506
1220,1504
1221,1501
1222,1498
1224,1495
1225,1492
1227,1489
1229,1486
1231,1483
1233,1481
1235,1478
1238,1475
1240,1473
1243,1470
1246,1468
1249,1466
1251,1464
1255,1462
1258,1460
1261,1458
1264,1456
1267,1454
1271,1452
1274,1450
1278,1448
1282,1446
1285,1444
1289,1443
1293,1441
1296,1439
1300,1437
1304,1435
1308,1433
1312,1431
1316,1429
1320,1427
1324,1425
1328,1423
1332,1421
1336,1419
1341,1418
1345,1416
1349,1414
1353,1413
1357,1412
1361,1411
1365,1410
1369,1409
1373,1409
1377,1409
1381,1408
1385,1409
1389,1409
1393,1409
1396,1410
1400,1410
1404,1411
1407,1412
1411,1413
1415,1414
1418,1415
1422,1416
1425,1417
1429,1418
1433,1420
1436,1421
1440,1422
1443,1423
1447,1425
1450,1426
1454,1427
1457,1428
1461,1429
1465,1430
1468,1431
1472,1432
1476,1432
1479,1433
1483,1433
1487,1434
1491,1434
1495,1434
1499,1434
1503,1433
1507,1433
1511,1432
1516,1432
1520,1431
1524,1430
1528,1429
1533,1427
1537,1426
1541,1425
1545,1423
1550,1422
1554,1420
1558,1419
1563,1417
1567,1415
1571,1414
1575,1412
1579,1411
1583,1410
1587,1408
1591,1407
1595,1406
1599,1405
1603,1404
1606,1404
1610,1403
1614,1402
1617,1401
1621,1400
1624,1400
1628,1399
1631,1398
1635,1397
1638,1395
1642,1394
1645,1393
1648,1391
1652,1389
1655,1387
1659,1384
1662,1382
1666,1379
1669,1376
1673,1373
1676,1370
1680,1366
1684,1363
1687,1359
1691,1355
1694,1351
1698,1347
1701,1343
1705,1339
1708,1335
1712,1331
1715,1328
1718,1324
1722,1320
1725,1317
1728,1313
1731,1310
1734,1307
1737,1303
1740,1300
1743,1297
1746,1295
1749,1292
1752,1289
1754,1287
1757,1284
1759,1281
1762,1279
1765,1277
1767,1274
1770,1272
1772,1270
1774,1268
1777,1266
1779,1264
1781,1262
1783,1260
1785,1259
1787,1257
1790,1255
1792,1253
1794,1252
1796,1250
1798,1248
1800,1247
1802,1245
1803,1243
1805,1242
1807,1240
1809,1238
1811,1237
1812,1236
1814,1234
1816,1233
1817,1232
1819,1230
1821,1229
1822,1228
1824,1226
1825,1225
1827,1224
1828,1222
1830,1220
1832,1218
1834,1216
1835,1213
1837,1211
1839,1208
1841,1206
1843,1203
1845,1200
1847,1197
1849,1194
1851,1191
1853,1187
1855,1184
1857,1181
1859,1178
1861,1175
1863,1172
1865,1169
1867,1166
1869,1163
1870,1160
1872,1157
1874,1155
1875,1152
1877,1150
1879,1148
1880,1146
1881,1144
1883,1142
1884,1141
1885,1140
1886,1138
1887,1137
1888,1136
1889,1135
1891,1134
1892,1133
1893,1132
1894,1131
1895,1130
1896,1129
1897,1129
1898,1128
1899,1127
1900,1126
1901,1125
1902,1124
1903,1123
1905,1123
1906,1122
1907,1121
1908,1120
1909,1119
1911,1118
1912,1117
1914,1116
1915,1114
1917,1113
1918,1112
1920,1110
1922,1108
1923,1107
1925,1105
1927,1103
1929,1101
1930,1099
1932,1098
1934,1096
1936,1094
1937,1093
1939,1091
1941,1090
1942,1088
1944,1087
1945,1086
1947,1085
1948,1084
1950,1083
1951,1082
1953,1081
1954,1080
1956,1079
1957,1079
1958,1078
1960,1077
1961,1076
1963,1076
1964,1075
1965,1074
1967,1073
1968,1072
1970,1071
1971,1070
1973,1069
1974,1068
1976,1067
1977,1066
1979,1065
1980,1064
1981,1062
1983,1061
1984,1060
1986,1059
1987,1058
1989,1057
1990,1056
1992,1055
1993,1054
1995,1053
1996,1051
1997,1050
1999,1049
2000,1048
2002,1046
2004,1045
2005,1043
2007,1042
2008,1040
2010,1038
2012,1036
2014,1035
2016,1033
2017,1031
2019,1029
2021,1027
2023,1026
2025,1024
2027,1023
2028,1021
2030,1020
2032,1019
2034,1018
2035,1017
2037,1016
2039,1016
2040,1015
2042,1015
2044,1014
2045,1014
2047,1014
2048,1014
2050,1014
2052,1014
2053,1013
2055,1013
2056,1013
2058,1013
2060,1013
2061,1012
2063,1012
2065,1012
2067,1011
2068,1011
2070,1011
2072,1010
2074,1010
2075,1009
2077,1009
2079,1008
2080,1008
2082,1008
2084,1007
2086,1007
2087,1006
2089,1006
2090,1005
2092,1005
2094,1005
2095,1004
2097,1004
2098,1004
2099,1004
2101,1004
2102,1004
2104,1004
2105,1004
2106,1004
2107,1004
2108,1004
2110,1004
2111,1004
2112,1005
2113,1005
2114,1005
2115,1005
2116,1005
2117,1006
2118,1006
2119,1006
2120,1006
2121,1006
2123,1006
2124,1006
2125,1005
2126,1005
2127,1005
2129,1004
2130,1004
2132,1003
2133,1002
2134,1002
2136,1001
2137,1000
2139,999
2140,998
2142,997
2143,997
2145,996
2146,995
2148,995
2149,994
2150,994
2151,993
2153,993
2154,993
2155,993
2156,993
2157,993
2158,993
2159,993
2160,993
2161,993
2163,993
2164,994
2165,994
2166,994
2167,994
2168,994
2169,994
2171,994
2172,994
2173,994
2174,994
2176,994
2177,993
2178,993
2180,993
2181,993
2182,993
2183,993
2184,993
2186,993
2187,993
2188,994
2189,994
2190,994
2191,995
2192,995
2193,996
2193,997
2194,998
2195,998
2196,999
2197,1000
2197,1001
2198,1002
2199,1003
2200,1003
2201,1004
2202,1004
2203,1005
2204,1005
2205,1006
2206,1006
2207,1006
2208,1007
2210,1007
2211,1007
2212,1007
2213,1007
2215,1007
2216,1007
2217,1007
2218,1007
2219,1007
2221,1007
2222,1007
2223,1008
2224,1008
2225,1008
2226,1008
2227,1009
2228,1009
2229,1009
2231,1009
2232,1010
2233,1010
2234,1010
2235,1011
2236,1011
2237,1011
2239,1012
2240,1012
2241,1012
2242,1012
2243,1013
2244,1013
2246,1013
2247,1013
2248,1014
2249,1014
2250,1015
2251,1015
2252,1015
2253,1016
2254,1017
2255,1017
2256,1018
2256,1019
2257,1020
2258,1020
2259,1021
2260,1022
2260,1023
2261,1024
2262,1024
2263,1025
2264,1025
2265,1026
2266,1026
2267,1026
2268,1027
2269,1027
2271,1027
2272,1027
2273,1027
2275,1027
2276,1027
2277,1026
2279,1026
2280,1026
2281,1026
2283,1026
2284,1026
2285,1025
2287,1025
2288,1025
2289,1025
2290,1025
2291,1025
2293,1025
2294,1025
2295,1025
2296,1025
2297,1025
2299,1025
2300,1025
2301,1025
2302,1024
2304,1024
2305,1024
2306,1024
2307,1023
2308,1023
2310,1023
2311,1022
2312,1022
2313,1022
2314,1021
2315,1021
2316,1021
2317,1021
2318,1020
2319,1020
2320,1020
2321,1020
2321,1020
2322,1020
2322,1020
2323,1020
2323,1020
2323,1020
2324,1020
2324,1019
2324,1019
2324,1019
2324,1018
2325,1018
2325,1017
2325,1017
2325,1016
2325,1015
2325,1014
2325,1014
2325,1013
2325,1011
2325,1010
2324,1009
2324,1008
2324,1007
2324,1006
2323,1005
2323,1003
2322,1002
2321,1002
2321,1001
2320,1000
2319,999
2318,998
2317,998
2316,997
2315,996
2314,996
2313,995
2312,994
2311,993
2310,992
2309,992
2308,991
2307,990
2306,989
2305,988
2304,987
2303,987
2302,986
2301,985
2301,984
2300,983
2299,982
2298,981
2297,981
2296,980
2295,980
2294,979
2293,978
2292,978
2290,978
2289,977
2288,977
2287,977
2286,977
2285,977
2284,977
2283,977
2281,977
2280,977
2279,977
2278,977
2277,977
2276,977
2275,977
2274,976
2273,976
2273,976
2272,975
2272,975
2271,974
2271,973
2271,972
2271,971
2270,970
2270,969
2270,968
2270,967
2270,965
2271,964
2271,962
2271,960
2272,959
2272,957
2273,955
2274,952
2274,950
2275,948
2276,945
2277,943
2278,940
2279,938
2280,936
2281,933
2282,931
2283,928
2284,926
2285,924
2285,923
2286,921
2287,920
2287,918
2287,917
2288,916
2288,916
2288,915
2288,914
2288,914
2288,914
2288,914
2288,913
2288,913
2288,913
2288,913
2288,913
2287,912
2287,912
2288,911
2288,911
2288,910
2288,909
2289,908
2289,906
2290,905
2290,903
2291,901
2292,899
2293,897
2294,894
2295,892
2296,889
2298,886
2299,884
2300,881
2302,878
2303,875
2304,872
2305,870
2306,867
2307,865
2308,863
2308,861
2309,859
2310,858
2310,856
2310,855
2311,854
2311,853
2311,852
2311,851
2311,850
2311,849
2311,848
2311,848
2311,847
2311,847
2311,846
2311,846
2310,845
2310,845
2310,844
2309,844
2309,844
2309,844
2308,843
2308,843
2308,842
2307,842
2307,841
2307,841
2306,840
2306,840
2305,839
2305,838
2305,838
2304,837
2304,837
2303,836
2303,836
2302,835
2301,835
2301,834
2300,834
2299,834
2299,833
2298,833
2297,833
2296,833
2295,833
2294,833
2294,834
2293,834
2292,834
2291,835
2290,836
2289,836
2288,837
2287,838
2286,839
2285,841
2283,842
2282,843
2281,844
2280,846
2279,847
2279,848
2278,849
2277,850
2276,851
2276,852
2275,853
2275,854
2274,854
2274,855
2274,856
2273,856
2273,857
2272,858
2272,859
2271,859
2271,860
2270,861
2270,862
2269,863
2268,864
2268,865
2267,866
2266,867
2265,869
2264,870
2262,872
2261,873
2260,875
2259,877
2257,878
2256,880
2254,882
2252,883
2251,885
2249,886
2248,887
2246,888
2244,889
2243,890
2241,891
2240,891
2239,891
2237,891
2236,891
2235,891
2233,891
2232,890
2231,890
2230,889
2228,888
2227,888
2226,887
2225,886
2224,885
2223,884
2221,883
2220,882
2219,881
2218,880
2217,879
2216,878
2215,877
2214,876
2214,874
2213,873
2212,872
2211,871
2210,870
2209,869
2209,868
2208,866
2207,865
2207,864
2206,863
2205,862
2205,861
2204,860
2204,859
2204,858
2204,857
2203,856
2203,855
2203,854
2203,853
2203,852
2204,851
2204,851
2204,850
2204,849
2204,849
2205,849
2205,848
2205,848
2206,848
2206,848
2207,848
2208,848
2208,848
2209,847
2210,847
2211,847
2212,846
2213,846
2215,845
2216,845
2218,844
2219,843
2221,842
2222,841
2224,840
2226,839
2228,838
2229,837
2231,836
2233,835
2235,834
2237,832
2239,831
2241,830
2243,828
2245,826
2247,825
2249,823
2251,822
2253,820
2255,818
2257,817
2258,815
2260,813
2262,811
2264,810
2266,808
2267,806
2269,804
2271,802
2272,800
2274,797
2276,795
2277,793
2279,790
2281,788
2283,786
2284,783
2286,781
2287,779
2289,776
2290,774
2291,772
2292,771
2293,769
2294,768
2295,766
2296,765
2296,764
2297,763
2298,763
2298,762
2298,761
2299,761
2299,761
2299,761
2299,760
2299,760
2299,760
2299,760
2299,760
2299,760
2300,760
2300,760
2300,760
2300,760
2300,760
2301,759
2301,759
2301,759
2301,759
2301,758
2302,758
2302,758
2302,758
2302,758
2302,758
2302,758
2302,758
2301,759
2301,759
2300,760
2300,760
2299,761
2298,762
2297,763
2296,763
2295,764
2294,765
2293,766
2292,767
2291,768
2289,769
2288,770
2286,771
2285,772
2283,773
2282,773
2281,774
2279,775
2278,775
2276,776
2275,776
2274,777
2273,777
2271,777
2270,777
2269,777
2268,777
2268,777
2267,776
2266,776
2265,776
2265,776
2264,776
2263,775
2263,775
2262,775
2262,775
2262,775
2261,775
2261,775
2261,775
2260,775
2260,775
2260,775
2259,775
2259,775
2259,776
2258,776
2258,776
2257,777
2257,777
2256,778
2256,778
2255,779
2254,779
2254,780
2253,780
2252,781
2251,782
2250,782
2249,783
2248,784
2247,785
2246,785
2245,786
2244,787
2242,788
2241,789
2240,790
2238,790
2237,791
2236,792
2235,793
2233,793
2232,794
2231,795
2230,795
2228,796
2227,796
2226,797
2225,797
2224,798
2222,798
2221,799
2220,799
2219,800
2218,801
2216,801
2215,802
2214,803
2213,803
2212,804
2210,805
2209,806
2208,806
2207,807
2206,808
2205,808
2204,809
2203,810
2202,810
2201,811
2200,812
2199,812
2199,813
2198,813
2197,814
2197,814
2196,815
2196,815
2196,815
2195,815
2195,815
2195,815
2195,815
2195,815
2195,815
2195,815
2195,815
2196,815
2196,814
2196,814
2196,814
2196,814
2196,814
2197,814
2197,814
2197,814
2197,814
2197,814
2197,814
2197,814
2197,815
2196,815
2196,815
2196,815
2196,815
2195,816
2195,816
2195,816
2194,816
2194,816
2193,817
2193,817
2192,817
2191,817
2191,817
2190,817
2189,817
2188,816
2188,816
2187,816
2186,815
2185,815
2184,814
2184,814
2183,813
2182,813
2181,812
2180,811
2179,811
2178,810
2176,809
2175,809
2174,808
2173,808
2172,807
2170,806
2169,806
2168,805
2166,805
2165,805
2163,804
2161,804
2160,804
2158,804
2157,803
2155,803
2153,803
2151,803
2150,803
2148,803
2146,803
2145,803
2143,803
2141,803
2139,803
2137,803
2136,803
2134,803
2132,803
2130,804
2129,804
2127,804
2125,804
2123,805
2122,805
2120,806
2118,806
2117,807
2115,807
2113,808
2111,809
2110,809
2108,810
2106,811
2105,812
2103,812
2101,813
2100,814
2098,815
2096,816
2095,817
2093,817
2092,818
2090,819
2089,820
2088,821
2086,822
2085,822
2083,823
2082,824
2081,825
2080,825
2079,826
2077,827
2076,827
2075,828
2074,829
2073,830
2071,831
2070,832
2069,833
2068,834
2066,835
2065,836
2064,838
2062,839
2061,840
2060,842
2058,843
2057,844
2056,846
2055,847
2053,849
2052,850
2051,851
2049,853
2048,854
2047,856
2046,857
2045,858
2043,860
2042,861
2041,863
2040,864
2038,866
2037,868
2036,869
2035,871
2033,872
2032,874
2031,876
2030,878
2028,879
2027,881
2026,883
2025,885
2023,887
2022,889
2021,891
2019,892
2018,894
2017,896
2016,898
2015,900
2013,902
2012,903
2011,905
2010,907
2009,909
2008,910
2007,912
2006,914
2005,916
2004,918
2002,920
2001,922
2000,924
1999,926
1998,928
1997,931
1996,933
1994,935
1993,938
1992,940
1991,943
1990,945
1988,948
1987,950
1986,952
1985,955
1984,957
1983,959
1982,961
1981,963
1980,965
1979,967
1978,969
1977,971
1977,972
1976,974
1975,975
1975,977
1974,978
1973,980
1973,981
1972,982
1972,984
1971,985
1971,986
1970,988
1970,989
1969,991
1969,992
1968,994
1968,996
1967,997
1967,999
1966,1001
1966,1003
1965,1004
1965,1006
1965,1008
1964,1010
1964,1011
1964,1013
1964,1015
1963,1017
1963,1018
1963,1020
1963,1022
1963,1023
1962,1025
1962,1027
1962,1028
1962,1030
1962,1032
1962,1034
1962,1035
1962,1037
1962,1038
1962,1040
1963,1041
1963,1043
1963,1044
1963,1045
1964,1046
1964,1047
1965,1048
1965,1049
1966,1049
1967,1050
1967,1050
1968,1050
1969,1051
1970,1051
1971,1051
1971,1051
1972,1050
1973,1050
1974,1050
1975,1050
1976,1050
1977,1050
1978,1050
1979,1050
1979,1051
1980,1051
1981,1052
1981,1053
1981,1054
1982,1056
1982,1057
1982,1059
1982,1061
1982,1063
1982,1066
1981,1068
1981,1071
1981,1073
1980,1076
1980,1078
1979,1081
1979,1084
1979,1086
1978,1088
1978,1091
1977,1093
1977,1095
1977,1097
1977,1098
1976,1100
1976,1101
1976,1103
1976,1104
1976,1105
1976,1106
1976,1106
1976,1107
1976,1107
1977,1107
1977,1107
1977,1107
1978,1107
1978,1107
1979,1107
1979,1106
1980,1106
1980,1105
1981,1104
1981,1104
1982,1103
1983,1102
1984,1102
1984,1101
1985,1100
1986,1100
1987,1099
1987,1099
1988,1099
1989,1098
1989,1098
1990,1099
1990,1099
1991,1099
1991,1100
1992,1101
1992,1102
1992,1103
1992,1104
1993,1105
1993,1107
1993,1108
1993,1110
1994,1111
1994,1112
1994,1114
1994,1115
1995,1116
1995,1117
1996,1118
1996,1119
1997,1119
1998,1120
1999,1120
1999,1121
2000,1121
2001,1121
2002,1121
2003,1121
2004,1122
2004,1122
2005,1123
2006,1124
2006,1124
2007,1126
2007,1127
2007,1129
2007,1131
2007,1133
2007,1136
2006,1138
2006,1141
2005,1144
2005,1148
2004,1151
2003,1155
2003,1158
2002,1162
2001,1166
2000,1169
1999,1173
1999,1176
1998,1180
1997,1183
1997,1186
1996,1189
1996,1191
1996,1194
1995,1196
1995,1199
1995,1201
1995,1203
1995,1205
1995,1207
1995,1208
1995,1210
1995,1212
1995,1214
1995,1215
1995,1217
1996,1219
1996,1221
1996,1223
1996,1225
1996,1227
1996,1230
1996,1232
1997,1235
1997,1238
1997,1240
1998,1243
1998,1246
1998,1250
1999,1253
2000,1256
2000,1260
2001,1263
2002,1267
2003,1271
2005,1275
2006,1279
2008,1283
2009,1287
2011,1292
2012,1296
2014,1301
2016,1305
2018,1310
2021,1315
2023,1320
2025,1325
2028,1330
2031,1335
2034,1341
2037,1346
2040,1351
2043,1357
2047,1362
2051,1368
2055,1373
2059,1379
2063,1385
2067,1390
2072,1396
2077,1402
2082,1407
2087,1413
2092,1419
2098,1425
2104,1430
2110,1436
2116,1442
2122,1447
2128,1453
2135,1459
2141,1465
2148,1471
2154,1477
2161,1483
2168,1488
2175,1494
2182,1500
2189,1506
2195,1512
2202,1518
2209,1523
2216,1529
2223,1535
2230,1541
2237,1546
2244,1552
2251,1558
2258,1563
2265,1569
2272,1574
2280,1580
2287,1585
2294,1590
2301,1596
2308,1601
2315,1606
2322,1611
2329,1616
2336,1621
2343,1626
2350,1631
2357,1636
2363,1641
2370,1646
2376,1651
2382,1656
2388,1661
2394,1666
2399,1670
2405,1675
2410,1680
2415,1685
2419,1690
2424,1696
2428,1701
2432,1706
2436,1711
2440,1716
2443,1721
2447,1726
2451,1730
2454,1735
2458,1740
2461,1744
2464,1749
2468,1753
2471,1757
2475,1761
2478,1765
2482,1769
2485,1773
2489,1776
2493,1779
2497,1782
2502,1784
2506,1787
2510,1789
2515,1791
2520,1793
2525,1794
2529,1795
2534,1796
2539,1797
2544,1798
2549,1798
2553,1798
2558,1798
2563,1798
2568,1798
2572,1797
2577,1796
2581,1796
2586,1794
2590,1793
2594,1792
2598,1790
2602,1788
2606,1787
2610,1785
2614,1782
2617,1780
2621,1778
2624,1775
2627,1773
2630,1770
2633,1767
2636,1764
2639,1761
2642,1757
2645,1754
2648,1750
2651,1746
2653,1742
2656,1738
2659,1734
2662,1730
2664,1725
2667,1721
2669,1717
2671,1712
2673,1708
2675,1703
2677,1699
2679,1695
2680,1690
2681,1686
2683,1681
2684,1677
2685,1673
2686,1668
2687,1664
2688,1660
2688,1655
2689,1651
2690,1646
2691,1641
2692,1637
2693,1632
2693,1628
2694,1623
2695,1618
2696,1614
2696,1609
2697,1604
2697,1600
2697,1595
2698,1591
2698,1587
2698,1582
2699,1578
2699,1574
2699,1569
2699,1565
2699,1561
2698,1557
2698,1553
2698,1549
2698,1545
2697,1541
2697,1537
2697,1534
2696,1530
2696,1526
2695,1522
2695,1519
2694,1515
2694,1511
2694,1507
2694,1503
2694,1499
2694,1495
2694,1491
2694,1487
2694,1483
2694,1479
2695,1475
2695,1471
2695,1467
2696,1463
2696,1459
2696,1455
2697,1451
2697,1447
2698,1444
2698,1440
2698,1436
2698,1433
2699,1429
2699,1426
2699,1423
2699,1419
2699,1416
2700,1413
2700,1410
2700,1407
2700,1404
2700,1401
2701,1398
2701,1396
2701,1393
2701,1391
2701,1388
2701,1386
2701,1384
2702,1381
2702,1379
2702,1377
2702,1375
2702,1374
2702,1372
2702,1370
2702,1368
2702,1367
2702,1365
2701,1364
2701,1362
2701,1361
2701,1359
2701,1358
2702,1357
2702,1355
2702,1354
2702,1352
2702,1351
2702,1350
2702,1349
2702,1347
2702,1346
2702,1345
2702,1344
2702,1343
2702,1342
2702,1341
2702,1340
2702,1339
2701,1338
2701,1337
2701,1336
2701,1335
2700,1335
2700,1334
2700,1333
2699,1333
2699,1332
2698,1332
2698,1331
2698,1331
2697,1330
2697,1330
2697,1329
2696,1329
2696,1329
2696,1328
2696,1328
2695,1327
2695,1327
2695,1327
2695,1327
2695,1326
2695,1326
2695,1326
2695,1325
2695,1325
2695,1325
2695,1325
2695,1325
2695,1325
2695,1324
2695,1324
2695,1324
2695,1324
2695,1324
2695,1324
2695,1324
2694,1324
2694,1324
2694,1324
2694,1324
2694,1324
2694,1325
2694,1325
2694,1325
2694,1325
2694,1325
2694,1325
2694,1325
2694,1325
2695,1324
2695,1324
2695,1324
2695,1324
2695,1324
2696,1324
2696,1323
2696,1323
2697,1323
2697,1323
2697,1322
2697,1322
2698,1321
2698,1321
2698,1321
2699,1320
2699,1320
2699,1320
2699,1319
2699,1319
2699,1319
2699,1318
2699,1318
2699,1318
2699,1317
2698,1317
2698,1317
2697,1317
2697,1317
2696,1317
2695,1317
2694,1317
2694,1317
2693,1317
2692,1317
2690,1317
2689,1317
2688,1316
2687,1316
2686,1316
2685,1316
2683,1316
2682,1315
2681,1315
2680,1315
2678,1314
2677,1313
2676,1313
2675,1312
2673,1311
2672,1311
2671,1310
2670,1309
2668,1308
2667,1307
2666,1306
2664,1306
2663,1305
2661,1304
2660,1304
2658,1303
2656,1303
2654,1303
2652,1303
2650,1303
2648,1303
2646,1304
2643,1304
2641,1304
2639,1304
2637,1304
2636,1304
2634,1303
2632,1303
2631,1302
2629,1301
2628,1300
2627,1299
2626,1298
2625,1296
2624,1294
2623,1292
2623,1290
2623,1287
2622,1284
2622,1282
2622,1279
2622,1275
2622,1272
2622,1269
2622,1266
2622,1263
2622,1260
2622,1257
2621,1254
2621,1251
2620,1248
2620,1246
2619,1244
2618,1241
2617,1240
2616,1238
2615,1236
2613,1235
2612,1234
2610,1233
2608,1232
2607,1231
2605,1231
2603,1230
2602,1230
2600,1229
2598,1229
2596,1228
2595,1228
2593,1227
2591,1227
2589,1227
2587,1227
2586,1227
2584,1227
2582,1227
2580,1227
2578,1227
2576,1228
2574,1228
2572,1228
2570,1229
2568,1229
2566,1230
2564,1231
2562,1231
2560,1232
2559,1232
2557,1233
2555,1233
2554,1234
2553,1234
2552,1234
2551,1234
2550,1234
2549,1234
2549,1233
2549,1233
2549,1232
2549,1231
2550,1230
2550,1228
2551,1227
2552,1225
2553,1223
2554,1221
2555,1219
2556,1217
2558,1215
2559,1213
2560,1211
2562,1208
2563,1206
2564,1204
2566,1202
2567,1200
2568,1198
2569,1196
2570,1194
2571,1193
2571,1191
2572,1190
2572,1190
2572,1189
2572,1189
2571,1188
2571,1189
2570,1189
2569,1189
2568,1190
2567,1191
2566,1192
2565,1193
2564,1194
2563,1195
2561,1196
2560,1198
2559,1199
2557,1200
2556,1201
2555,1203
2554,1204
2552,1205
2551,1206
2550,1207
2550,1208
2549,1208
2548,1209
2548,1209
2548,1209
2547,1209
2548,1209
2548,1209
2549,1208
2549,1207
2550,1206
2552,1205
2553,1204
2555,1202
2556,1201
2558,1199
2560,1197
2562,1196
2563,1194
2565,1193
2567,1192
2568,1190
2570,1189
2571,1188
2573,1188
2574,1187
2574,1187
2575,1187
2576,1187
2576,1187
2576,1188
2576,1189
2576,1190
2575,1191
2574,1193
2573,1194
2572,1196
2571,1198
2570,1200
2569,1202
2567,1205
2566,1207
2565,1209
2563,1211
2562,1213
2561,1214
2561,1216
2560,1217
2560,1218
2559,1218
2559,1219
2559,1219
2560,1219
2560,1220
2560,1219
2561,1219
2561,1219
2562,1219
2562,1219
2562,1219
2562,1219
2562,1219
2562,1220
2562,1220
2561,1220
2561,1221
2560,1222
2559,1223
2558,1224
2556,1226
2555,1227
2553,1229
2552,1231
2550,1232
2548,1234
2545,1237
2543,1239
2541,1241
2539,1243
2537,1246
2534,1248
2532,1250
2530,1252
2529,1254
2527,1256
2525,1258
2524,1259
2523,1261
2522,1262
2521,1263
2521,1264
2520,1265
2520,1265
2520,1266
2520,1266
2520,1266
2521,1267
2521,1267
2522,1267
2522,1267
2523,1267
2524,1267
2525,1267
2526,1266
2527,1266
2528,1266
2529,1266
2530,1265
2531,1265
2533,1265
2534,1265
2535,1264
2537,1264
2538,1264
2539,1264
2541,1264
2542,1263
2544,1263
2545,1263
2547,1262
2549,1262
2550,1261
2552,1261
2554,1260
2557,1259
2559,1258
2561,1257
2564,1255
2566,1254
2569,1253
2571,1251
2574,1250
2577,1249
2579,1247
2581,1246
2584,1245
2586,1244
2588,1243
2590,1242
2592,1242
2594,1241
2596,1240
2598,1240
2599,1240
2601,1240
2602,1240
2603,1240
2604,1241
2605,1241
2606,1242
2607,1242
2608,1243
2608,1244
2609,1245
2609,1246
2610,1247
2610,1248
2610,1250
2611,1251
2611,1252
2611,1253
2611,1255
2611,1256
2612,1257
2612,1258
2612,1260
2612,1261
2612,1262
2612,1264
2611,1265
2611,1267
2611,1268
2611,1270
2610,1271
2609,1273
2609,1275
2608,1277
2607,1279
2606,1281
2605,1283
2604,1285
2603,1286
2602,1288
2601,1290
2599,1292
2598,1294
2597,1296
2596,1297
2595,1299
2593,1301
2592,1302
2591,1304
2589,1305
2588,1306
2587,1308
2585,1309
2584,1310
2582,1312
2581,1313
2579,1314
2578,1315
2576,1316
2575,1317
2574,1317
2572,1318
2571,1319
2569,1319
2567,1320
2566,1321
2564,1321
2563,1322
2561,1322
2559,1323
2558,1323
2556,1323
2554,1324
2552,1324
2551,1324
2549,1325
2547,1325
2545,1326
2543,1326
2541,1326
2539,1327
2536,1327
2534,1327
2532,1328
2530,1328
2528,1328
2526,1329
2523,1329
2521,1330
2519,1330
2517,1330
2515,1330
2512,1331
2510,1331
2508,1331
2506,1332
2504,1332
2502,1332
2499,1332
2497,1332
2495,1332
2493,1332
2491,1332
2489,1332
2487,1332
2485,1332
2483,1332
2482,1332
2480,1332
2478,1332
2476,1332
2474,1332
2472,1331
2470,1331
2468,1331
2466,1331
2464,1331
2462,1331
2459,1331
2457,1331
2455,1331
2453,1331
2451,1331
2449,1331
2446,1331
2444,1332
2442,1332
2439,1332
2437,1332
2435,1333
2432,1333
2430,1333
2428,1334
2425,1334
2423,1334
2421,1335
2418,1335
2416,1336
2414,1336
2411,1336
2409,1336
2407,1337
2405,1337
2402,1337
2400,1337
2398,1337
2396,1338
2394,1338
2392,1338
2389,1338
2387,1339
2385,1339
2383,1339
2381,1339
2378,1340
2376,1340
2374,1340
2372,1340
2369,1341
2367,1341
2365,1341
2363,1342
2360,1342
2358,1342
2356,1343
2354,1343
2351,1343
2349,1344
2347,1344
2344,1344
2342,1345
2339,1345
2337,1346
2334,1346
2332,1347
2329,1347
2327,1348
2324,1348
2321,1349
2319,1349
2316,1350
2313,1350
2310,1351
2307,1351
2304,1352
2301,1352
2298,1353
2295,1353
2291,1354
2288,1354
2285,1355
2282,1355
2278,1355
2275,1355
2271,1356
2268,1356
2264,1356
2261,1356
2257,1356
2254,1356
2250,1356
2246,1357
2243,1357
2239,1357
2235,1357
2232,1357
2228,1357
2224,1357
2220,1357
2217,1357
2213,1358
2209,1358
2205,1358
2201,1359
2197,1359
2193,1360
2188,1360
2184,1361
2180,1362
2176,1363
2172,1363
2168,1364
2163,1365
2159,1366
2155,1367
2151,1368
2147,1369
2142,1370
2138,1371
2134,1372
2130,1373
2126,1373
2122,1374
2117,1375
2113,1376
2109,1377
2105,1378
2101,1379
2097,1380
2093,1381
2089,1381
2084,1382
2080,1383
2076,1384
2072,1385
2069,1385
2065,1386
2061,1387
2057,1387
2053,1388
2050,1388
2046,1389
2043,1389
2039,1390
2036,1390
2033,1391
2030,1391
2027,1392
2024,1392
2021,1392
2018,1393
2015,1393
2013,1394
2010,1394
2008,1394
2005,1395
2003,1395
2000,1396
1998,1396
1996,1397
1994,1397
1992,1398
1990,1398
1988,1399
1986,1400
1984,1400
1982,1401
1980,1401
1979,1402
1977,1403
1975,1404
1973,1404
1972,1405
1970,1406
1969,1406
1967,1407
1966,1408
1964,1409
1963,1410
1961,1410
1960,1411
1959,1412
1958,1413
1956,1413
1955,1414
1954,1415
1953,1416
1952,1416
1951,1417
1950,1418
1949,1418
1948,1419
1947,1420
1946,1420
1945,1421
1945,1421
1944,1422
1943,1422
1943,1422
1942,1423
1942,1423
1941,1423
1941,1423
1941,1423
1940,1423
1940,1423
1940,1423
1940,1423
1940,1423
1940,1423
1939,1423
1939,1423
1939,1423
1939,1422
1939,1422
1939,1422
1939,1422
1939,1422
1939,1422
1939,1422
1939,1422
1939,1422
1939,1422
1939,1422
1939,1423
1939,1423
1939,1423
1939,1423
1939,1424
1938,1424
1938,1424
1938,1424
1938,1425
1938,1425
1938,1425
1937,1426
1937,1426
1937,1426
1937,1426
1937,1426
1937,1426
1937,1426
1937,1426
1937,1426
1937,1426
1936,1426
1936,1426
1936,1426
1936,1426
1936,1425
1936,1425
1936,1425
1936,1425
1936,1425
1936,1425
1936,1424
1936,1424
1936,1424
1936,1424
1936,1424
1936,1424
1935,1424
1935,1424
1935,1424
1935,1425
1935,1425
1935,1425
1935,1425
1934,1426
1934,1426
1934,1426
1934,1426
1934,1427
1934,1427
1934,1427
1934,1427
1934,1427
1934,1427
1933,1428
1933,1428
1933,1428
1933,1428
1933,1428
1933,1428
1933,1428
1933,1428
1933,1428
1933,1428
1933,1428
1933,1428
1933,1428
1933,1428
1933,1429
1933,1429
1933,1429
1933,1429
1933,1429
1933,1429
1933,1429
1933,1430
1933,1430
1933,1430
1933,1430
1933,1431
1933,1431
1932,1431
1932,1432
1932,1432
1932,1432
1932,1433
1931,1433
1931,1434
1931,1434
1931,1434
1930,1435
1930,1435
1930,1436
1929,1436
1929,1436
1928,1437
1928,1437
1927,1438
1927,1438
1926,1438
1926,1439
1925,1439
1925,1439
1924,1440
1923,1440
1923,1440
1922,1440
1921,1440
1921,1440
1920,1440
1919,1440
1918,1440
1918,1440
1917,1440
1916,1440
1915,1440
1914,1439
1913,1439
1912,1439
1912,1438
1911,1438
1910,1438
1909,1437
1908,1437
1907,1436
1906,1435
1905,1435
1904,1434
1903,1434
1902,1433
1901,1432
1900,1432
1898,1431
1897,1430
1896,1430
1895,1429
1894,1429
1893,1428
1891,1428
1890,1428
1889,1427
1887,1427
1886,1427
1884,1427
1883,1427
1882,1426
1880,1426
1879,1426
1877,1426
1876,1426
1874,1425
1873,1425
1872,1424
1871,1424
1869,1423
1868,1422
1867,1421
1866,1420
1865,1418
1864,1417
1864,1415
1863,1414
1862,1412
1861,1410
1861,1409
1860,1407
1860,1405
1859,1403
1859,1400
1858,1398
1858,1396
1857,1393
1857,1391
1857,1388
1856,1386
1856,1383
1856,1381
1855,1378
1855,1375
1855,1373
1854,1370
1854,1368
1853,1365
1853,1363
1852,1360
1852,1358
1852,1355
1851,1353
1851,1351
1850,1348
1850,1346
1849,1343
1849,1341
1849,1338
1848,1336
1848,1333
1848,1330
1847,1328
1847,1325
1847,1323
1846,1320
1846,1318
1845,1315
1845,1313
1844,1310
1844,1308
1844,1306
1843,1303
1843,1301
1842,1298
1842,1295
1841,1293
1841,1290
1841,1287
1840,1284
1840,1281
1840,1279
1839,1276
1839,1273
1839,1270
1838,1267
1838,1265
1837,1262
1837,1260
1836,1257
1836,1255
1835,1252
1835,1250
1834,1247
1834,1245
1834,1243
1833,1240
1833,1238
1832,1235
1832,1233
1831,1231
1831,1228
1831,1226
1830,1224
1830,1221
1829,1219
1829,1217
1829,1215
1828,1213
1828,1211
1827,1209
1827,1207
1826,1205
1826,1203
1826,1201
1825,1199
1825,1197
1824,1195
1824,1193
1824,1191
1823,1189
1823,1187
1822,1185
1822,1183
1821,1181
1821,1179
1820,1178
1820,1176
1819,1175
1818,1174
1818,1173
1817,1171
1816,1170
1816,1169
1815,1168
1814,1167
1813,1166
1813,1165
1812,1165
1811,1164
1811,1163
1810,1162
1809,1161
1808,1160
1808,1159
1807,1159
1806,1158
1806,1157
1805,1156
1804,1156
1803,1155
1803,1154
1802,1154
1801,1153
1800,1152
1799,1152
1799,1151
1798,1151
1797,1150
1796,1150
1795,1150
1794,1150
1793,1149
1792,1149
1790,1149
1789,1150
1788,1150
1787,1150
1785,1151
1784,1152
1782,1153
1781,1154
1779,1155
1777,1156
1776,1157
1774,1158
1772,1160
1771,1161
1769,1163
1767,1164
1766,1166
1764,1167
1762,1169
1760,1170
1759,1172
1757,1173
1755,1175
1753,1177
1751,1178
1750,1180
1748,1182
1746,1183
1744,1184
1743,1186
1741,1187
1739,1188
1738,1189
1736,1190
1735,1190
1733,1191
1732,1191
1730,1192
1729,1192
1728,1192
1726,1191
1725,1191
1724,1191
1722,1191
1721,1190
1720,1190
1719,1189
1717,1189
1716,1189
1714,1188
1713,1188
1712,1188
1710,1188
1709,1188
1707,1188
1706,1188
1704,1188
1702,1188
1701,1189
1699,1189
1697,1190
1696,1190
1694,1191
1692,1192
1690,1193
1689,1194
1687,1194
1685,1195
1683,1196
1681,1197
1680,1198
1678,1199
1676,1200
1674,1201
1673,1201
1671,1202
1669,1203
1667,1204
1666,1204
1664,1205
1662,1206
1661,1206
1659,1207
1657,1208
1655,1209
1654,1210
1652,1210
1650,1211
1649,1212
1647,1213
1645,1213
1644,1214
1642,1215
1641,1215
1639,1216
1638,1217
1636,1217
1634,1218
1633,1218
1632,1219
1630,1220
1629,1220
1627,1220
1626,1221
1625,1221
1623,1221
1622,1222
1621,1222
1620,1222
1619,1222
1618,1222
1617,1221
1616,1221
1615,1221
1615,1221
1614,1220
1613,1220
1613,1220
1612,1220
1612,1220
1611,1221
1611,1221
1611,1222
1610,1222
1610,1223
1610,1225
1610,1226
1610,1228
1610,1230
1610,1232
1610,1234
1610,1236
1611,1239
1611,1242
1611,1245
1612,1248
1612,1252
1613,1255
1614,1259
1614,1263
1615,1266
1616,1270
1617,1274
1618,1278
1619,1281
1620,1285
1622,1288
1623,1292
1625,1295
1626,1298
1628,1301
1630,1304
1632,1306
1634,1309
1636,1312
1638,1314
1640,1317
1643,1319
1645,1322
1647,1324
1650,1327
1652,1329
1654,1332
1657,1334
1659,1337
1662,1339
1665,1342
1667,1344
1670,1347
1672,1349
1675,1352
1678,1354
1680,1357
1683,1359
1686,1362
1688,1364
1691,1367
1693,1369
1696,1372
1698,1374
1701,1376
1703,1379
1706,1381
1708,1383
1710,1386
1713,1388
1715,1390
1717,1392
1720,1394
1722,1395
1724,1397
1726,1399
1728,1400
1731,1402
1733,1403
1735,1404
1737,1406
1739,1407
1741,1408
1743,1409
1745,1411
1746,1412
1748,1414
1750,1415
1751,1417
1753,1418
1754,1420
1756,1421
1757,1423
1758,1425
1759,1426
1761,1428
1762,1430
1762,1432
1763,1434
1764,1436
1765,1439
1766,1441
1766,1443
1767,1445
1767,1447
1768,1450
1768,1452
1768,1454
1769,1456
1769,1457
1769,1459
1770,1460
1770,1462
1771,1463
1771,1464
1771,1464
1772,1465
1772,1465
1773,1465
1774,1464
1774,1464
1775,1463
1776,1462
1776,1461
1777,1459
1778,1458
1778,1456
1779,1455
1780,1453
1781,1451
1781,1449
1782,1447
1782,1445
1783,1443
1783,1441
1784,1439
1784,1437
1784,1435
1785,1434
1785,1432
1785,1430
1785,1429
1785,1428
1785,1426
1784,1425
1784,1424
1784,1423
1783,1422
1783,1420
1783,1419
1782,1418
1782,1417
1781,1416
1781,1415
1780,1414
1780,1412
1779,1411
1779,1410
1779,1408
1778,1407
1778,1405
1777,1403
1777,1402
1777,1400
1776,1398
1776,1397
1775,1395
1775,1393
1774,1392
1774,1390
1773,1389
1773,1387
1772,1385
1772,1384
1771,1382
1771,1380
1770,1379
1769,1377
1769,1375
1768,1373
1768,1372
1767,1370
1766,1368
1766,1366
1765,1364
1764,1362
1763,1360
1763,1358
1762,1356
1761,1354
1760,1352
1760,1350
1759,1348
1758,1346
1757,1344
1757,1342
1756,1340
1755,1338
1754,1336
1753,1334
1752,1332
1751,1331
1750,1329
1749,1328
1748,1326
1746,1325
1745,1324
1744,1323
1743,1321
1741,1320
1740,1320
1739,1319
1737,1318
1736,1317
1734,1316
1733,1316
1732,1315
1730,1315
1729,1314
1727,1314
1726,1313
1724,1313
1722,1313
1721,1314
1719,1314
1717,1315
1716,1315
1714,1316
1712,1317
1710,1318
1708,1320
1706,1321
1704,1322
1702,1324
1700,1325
1698,1327
1696,1328
1694,1330
1693,1331
1691,1332
1689,1334
1687,1335
1685,1336
1683,1337
1682,1338
1680,1338
1678,1339
1677,1339
1675,1339
1673,1340
1672,1339
1670,1339
1669,1339
1667,1338
1666,1338
1665,1337
1663,1337
1662,1336
1660,1335
1659,1334
1658,1333
1656,1332
1655,1332
1653,1331
1652,1330
1650,1330
1649,1329
1647,1329
1645,1328
1644,1328
1642,1328
1641,1328
1639,1328
1637,1328
1635,1328
1634,1329
1632,1329
1630,1329
1628,1330
1626,1330
1624,1331
1623,1331
1621,1332
1619,1333
1617,1333
1615,1334
1613,1335
1611,1336
1609,1337
1607,1338
1606,1339
1604,1340
1602,1341
1600,1342
1598,1343
1596,1344
1594,1345
1592,1346
1590,1347
1588,1349
1586,1350
1584,1351
1583,1353
1581,1354
1579,1356
1577,1357
1575,1359
1573,1360
1571,1362
1569,1364
1567,1365
1565,1367
1564,1369
1562,1371
1560,1373
1558,1374
1556,1376
1554,1378
1553,1379
1551,1381
1549,1383
1547,1384
1546,1386
1544,1387
1542,1389
1541,1390
1539,1391
1538,1392
1536,1393
1535,1394
1533,1395
1532,1395
1530,1396
1529,1396
1527,1397
1526,1397
1525,1398
1523,1398
1522,1399
1521,1399
1520,1400
1518,1401
1517,1401
1516,1402
1514,1404
1513,1405
1512,1406
1510,1408
1509,1410
1508,1412
1506,1414
1505,1417
1503,1419
1502,1422
1500,1425
1499,1428
1497,1431
1496,1434
1494,1437
1493,1440
1491,1443
1490,1446
1488,1449
1487,1452
1485,1455
1484,1458
1483,1460
1481,1463
1480,1465
1478,1467
1477,1468
1476,1470
1474,1472
1473,1473
1472,1474
1471,1475
1469,1476
1468,1477
1467,1478
1465,1479
1464,1480
1463,1480
1461,1481
1460,1482
1459,1483
1457,1483
1456,1484
1454,1485
1453,1486
1451,1487
1450,1488
1448,1489
1447,1490
1445,1491
1443,1493
1442,1494
1440,1495
1438,1497
1436,1498
1434,1499
1433,1501
1431,1502
1429,1504
1427,1506
1425,1507
1423,1509
1421,1511
1419,1512
1417,1514
1415,1516
1413,1518
1411,1519
1409,1521
1407,1523
1406,1524
1404,1526
1402,1527
1400,1528
1398,1529
1396,1530
1394,1531
1393,1532
1391,1533
1389,1533
1388,1534
1386,1534
1385,1534
1384,1534
1382,1533
1381,1533
1380,1532
1379,1532
1378,1531
1377,1530
1376,1529
1375,1528
1374,1526
1374,1525
1373,1523
1372,1522
1372,1520
1371,1518
1371,1516
1370,1514
1370,1512
1369,1510
1369,1508
1368,1506
1368,1504
1368,1501
1367,1499
1367,1496
1367,1493
1366,1491
1366,1488
1366,1485
1366,1482
1365,1479
1365,1476
1365,1472
1365,1469
1365,1466
1364,1463
1364,1459
1364,1456
1364,1452
1364,1448
1364,1444
1364,1440
1364,1436
1364,1432
1364,1427
1364,1423
1364,1418
1364,1413
1364,1408
1364,1403
1364,1398
1364,1393
1364,1388
1364,1383
1364,1378
1364,1373
1364,1368
1364,1363
1364,1358
1364,1354
1364,1350
1364,1347
1364,1343
1364,1340
1364,1338
1364,1335
1364,1333
1364,1331
1364,1329
1364,1328
1364,1327
1364,1326
1364,1325
1364,1324
1364,1324
1364,1323
1364,1323
1364,1322
1364,1322
1364,1321
1364,1320
1365,1320
1365,1319
1365,1318
1365,1317
1365,1316
1365,1315
1365,1314
1365,1313
1365,1311
1366,1310
1366,1309
1366,1309
1366,1308
1366,1307
1366,1306
1366,1306
1366,1305
1367,1305
1367,1305
1367,1305
1367,1305
1367,1306
1367,1306
1367,1307
1368,1307
1368,1308
1368,1309
1369,1310
1369,1311
1369,1311
1370,1312
1370,1313
1371,1314
1371,1315
1372,1315
1372,1316
1373,1317
1373,1318
1374,1319
1375,1320
1375,1321
1376,1322
1377,1323
1378,1324
1378,1325
1379,1326
1380,1327
1381,1329
1381,1330
1382,1331
1383,1332
1384,1332
1384,1333
1385,1334
1386,1334
1387,1334
1388,1334
1388,1334
1389,1333
1390,1332
1391,1331
1392,1329
1393,1327
1394,1325
1395,1323
1395,1320
1396,1318
1397,1315
1398,1312
1399,1308
1400,1305
1401,1302
1402,1299
1403,1296
1404,1292
1405,1289
1406,1286
1407,1283
1407,1280
1408,1277
1409,1274
1410,1272
1411,1269
1411,1267
1412,1265
1413,1263
1414,1262
1414,1260
1415,1259
1416,1258
1416,1257
1417,1257
1417,1256
1418,1256
1418,1256
1419,1256
1419,1256
1419,1256
1420,1257
1420,1257
1421,1257
1421,1258
1421,1258
1421,1258
1422,1259
1422,1259
1422,1259
1422,1260
1423,1260
1423,1260
1423,1260
1423,1259
1423,1259
1423,1259
1424,1258
1424,1257
1424,1257
1424,1255
1424,1254
1424,1253
1424,1251
1425,1249
1425,1248
1425,1246
1425,1244
1425,1242
1425,1239
1426,1237
1426,1235
1426,1233
1426,1230
1426,1228
1427,1226
1427,1223
1427,1221
1427,1218
1428,1216
1428,1213
1428,1209
1428,1206
1429,1202
1429,1199
1429,1195
1430,1191
1430,1187
1430,1182
1431,1178
1431,1174
1432,1169
1432,1165
1432,1160
1433,1156
1433,1151
1433,1147
1434,1143
1434,1139
1434,1135
1435,1131
1435,1128
1435,1124
1436,1121
1436,1118
1436,1115
1437,1112
1437,1109
1437,1107
1437,1104
1438,1102
1438,1100
1438,1097
1439,1095
1439,1093
1439,1090
1440,1088
1440,1085
1440,1082
1441,1079
1441,1076
1441,1073
1442,1070
1442,1066
1442,1062
1443,1059
1443,1055
1443,1051
1443,1047
1443,1043
1444,1040
1444,1036
1444,1032
1444,1028
1444,1025
1443,1021
1443,1018
1443,1014
1443,1011
1442,1008
1442,1005
1442,1002
1441,999
1441,996
1440,993
1439,991
1438,988
1438,985
1437,983
1436,980
1435,978
1434,976
1433,973
1432,971
1431,969
1430,967
1428,965
1427,963
1426,961
1425,959
1423,958
1422,956
1421,955
1419,954
1418,953
1416,952
1415,951
1413,951
1412,951
1410,950
1409,950
1407,950
1406,951
1404,951
1402,952
1401,952
1399,953
1398,954
1396,955
1395,956
1393,958
1392,959
1390,960
1389,961
1387,962
1386,964
1384,965
1383,966
1381,967
1380,969
1379,970
1377,971
1376,972
1375,974
1373,975
1372,976
1371,977
1369,979
1368,980
1367,981
1366,983
1365,984
1363,986
1362,987
1361,989
1360,990
1359,992
1358,993
1357,995
1356,997
1355,998
1354,1000
1353,1002
1352,1003
1351,1005
1350,1007
1349,1009
1348,1011
1347,1013
1347,1015
1346,1017
1345,1019
1344,1021
1344,1023
1343,1025
1343,1027
1342,1029
1342,1031
1341,1033
1341,1034
1340,1036
1340,1037
1340,1039
1339,1040
1339,1041
1339,1042
1338,1042
1338,1043
1338,1044
1338,1044
1338,1045
1337,1045
1337,1046
1337,1046
1337,1047
1337,1048
1337,1048
1337,1049
1337,1050
1337,1051
1337,1053
1337,1054
1337,1056
1337,1058
1337,1060
1337,1062
1337,1064
1337,1066
1338,1068
1338,1071
1338,1073
1338,1076
1338,1079
1338,1081
1339,1084
1339,1087
1339,1089
1339,1092
1339,1094
1340,1097
1340,1100
1340,1102
1340,1105
1340,1107
1340,1109
1340,1112
1341,1114
1341,1117
1341,1119
1341,1122
1341,1124
1341,1127
1341,1130
1341,1133
1341,1136
1341,1139
1341,1143
1341,1146
1341,1149
1341,1153
1341,1156
1341,1160
1341,1163
1341,1166
1341,1169
1340,1172
1340,1175
1340,1177
1340,1180
1340,1182
1340,1184
1340,1185
1339,1187
1339,1189
1339,1190
1339,1191
1339,1192
1339,1193
1338,1194
1338,1194
1338,1195
1338,1195
1338,1195
1338,1195
1338,1195
1337,1195
1337,1195
1337,1195
1337,1194
1337,1194
1337,1194
1337,1193
1337,1193
1337,1192
1337,1192
1337,1192
1337,1192
1337,1192
1336,1192
1336,1192
1336,1192
1336,1193
1336,1193
1336,1194
1336,1195
1336,1196
1336,1197
1336,1198
1336,1199
1336,1200
1336,1202
1336,1203
1336,1204
1336,1205
1335,1206
1335,1207
1335,1208
1335,1209
1334,1210
1334,1210
1334,1211
1334,1211
1333,1211
1333,1210
1332,1210
1332,1209
1331,1209
1331,1208
1330,1207
1330,1206
1329,1204
1329,1203
1328,1202
1327,1200
1327,1199
1326,1197
1325,1196
1325,1194
1324,1193
1323,1192
1322,1191
1321,1190
1320,1189
1319,1189
1318,1188
1318,1188
1317,1188
1316,1188
1315,1188
1314,1188
1313,1189
1312,1189
1311,1189
1310,1190
1309,1190
1308,1190
1307,1191
1306,1191
1305,1191
1303,1192
1302,1192
1301,1192
1300,1193
1299,1193
1298,1193
1297,1193
1296,1193
1295,1193
1294,1193
1293,1193
1292,1193
1291,1193
1290,1193
1289,1193
1288,1192
1287,1192
1286,1192
1285,1192
1283,1191
1282,1191
1281,1191
1280,1191
1279,1191
1278,1191
1276,1191
1275,1191
1274,1191
1273,1191
1272,1191
1270,1192
1269,1192
1268,1192
1267,1192
1265,1193
1264,1193
1263,1194
1262,1194
1261,1195
1259,1196
1258,1197
1257,1197
1256,1198
1255,1199
1254,1200
1253,1201
1251,1202
1250,1203
1249,1204
1248,1205
1247,1205
1246,1206
1245,1206
1244,1207
1243,1207
1242,1208
1241,1208
1240,1208
1239,1209
1238,1209
1237,1209
1237,1209
1236,1209
1235,1209
1234,1209
1234,1209
1233,1209
1233,1209
1232,1209
1232,1208
1231,1208
1231,1208
1231,1207
1230,1207
1230,1207
1230,1207
1230,1206
1230,1206
1230,1206
1230,1206
1230,1206
1230,1206
1230,1206
1230,1207
1231,1207
1231,1207
1231,1208
1232,1208
1232,1209
1232,1209
1233,1210
1233,1210
1234,1211
1234,1212
1234,1213
1235,1213
1235,1214
1236,1215
1236,1216
1236,1217
1237,1218
1237,1218
1237,1219
1238,1220
1238,1221
1238,1222
1239,1223
1239,1224
1239,1225
1239,1226
1240,1226
1240,1227
1240,1227
1240,1228
1240,1228
1240,1228
1240,1228
1240,1229
1240,1229
1240,1229
1240,1230
1240,1230
1240,1231
1240,1232
1241,1232
1241,1233
1241,1235
1241,1236
1241,1237
1241,1239
1241,1241
1241,1243
1241,1245
1242,1247
1242,1250
1242,1252
1242,1255
1243,1257
1243,1260
1243,1263
1243,1265
1243,1268
1244,1271
1244,1274
1244,1276
1244,1279
1244,1281
1245,1284
1245,1286
1245,1288
1245,1290
1245,1292
1245,1293
1245,1295
1245,1296
1245,1297
1245,1299
1245,1300
1245,1301
1244,1302
1244,1304
1244,1305
1244,1306
1244,1308
1243,1309
1243,1311
1243,1312
1242,1314
1242,1315
1242,1317
1241,1319
1241,1320
1240,1322
1240,1323
1239,1325
1238,1326
1238,1328
1237,1329
1236,1330
1236,1331
1235,1332
1234,1333
1233,1334
1232,1335
1231,1336
1231,1336
1230,1336
1229,1336
1228,1336
1227,1336
1226,1336
1225,1335
1224,1334
1223,1333
1223,1332
1222,1331
1221,1330
1220,1329
1219,1327
1218,1325
1218,1324
1217,1322
1216,1320
1216,1317
1215,1315
1214,1313
1214,1310
1213,1308
1213,1305
1212,1302
1212,1299
1211,1296
1211,1293
1210,1290
1210,1287
1210,1284
1209,1281
1209,1278
1209,1275
1209,1273
1208,1270
1208,1267
1208,1265
1208,1262
1208,1260
1208,1258
1208,1256
1209,1255
1209,1253
1209,1252
1209,1251
1209,1250
1210,1249
1210,1249
1211,1248
1211,1247
1212,1247
1212,1246
1213,1246
1213,1246
1214,1245
1214,1244
1215,1244
1215,1243
1216,1242
1217,1241
1217,1240
1218,1238
1218,1236
1219,1235
1219,1233
1220,1231
1221,1229
1221,1227
1222,1226
1222,1224
1223,1222
1224,1220
1224,1219
1225,1217
1225,1216
1226,1214
1227,1213
1227,1212
1228,1211
1229,1210
1230,1209
1230,1209
1231,1208
1232,1207
1232,1206
1233,1206
1234,1205
1235,1204
1235,1202
1236,1201
1237,1199
1238,1197
1238,1195
1239,1193
1240,1190
1241,1188
1241,1185
1242,1182
1243,1179
1243,1176
1244,1173
1245,1170
1245,1167
1246,1164
1247,1161
1248,1158
1248,1156
1249,1154
1250,1152
1251,1150
1252,1148
1252,1147
1253,1146
1254,1146
1255,1145
1256,1145
1257,1145
1258,1146
1259,1146
1261,1147
1262,1147
1263,1148
1264,1149
1265,1150
1267,1151
1268,1151
1270,1152
1271,1153
1273,1154
1274,1154
1276,1155
1278,1155
1279,1155
1281,1155
1283,1155
1285,1155
1287,1155
1289,1155
1291,1155
1293,1154
1296,1154
1298,1153
1301,1152
1303,1151
1306,1150
1308,1149
1311,1148
1314,1147
1317,1146
1320,1145
1323,1144
1326,1142
1329,1141
1332,1139
1336,1138
1339,1136
1343,1134
1346,1133
1350,1131
1353,1129
1357,1127
1361,1125
1365,1123
1369,1121
1373,1119
1377,1117
1381,1115
1385,1113
1389,1112
1393,1110
1397,1108
1402,1106
1406,1105
1410,1103
1414,1102
1419,1101
1423,1100
1427,1099
1431,1098
1436,1098
1440,1097
1444,1097
1449,1096
1453,1096
1457,1096
1462,1096
1466,1096
1470,1096
1474,1096
1478,1096
1483,1096
1487,1096
1491,1097
1495,1097
1499,1098
1503,1098
1507,1098
1511,1099
1515,1099
1519,1099
1523,1100
1527,1100
1531,1100
1535,1101
1538,1101
1542,1101
1546,1102
1550,1102
1553,1102
1557,1102
1561,1103
1564,1103
1568,1104
1572,1104
1575,1104
1579,1105
1582,1105
1585,1106
1589,1106
1592,1107
1595,1108
1599,1108
1602,1108
1605,1109
1608,1109
1611,1110
1615,1110
1618,1111
1621,1111
1624,1112
1627,1112
1630,1113
1633,1113
1636,1113
1639,1114
1641,1114
1644,1115
1647,1115
1650,1115
1653,1116
1655,1116
1658,1116
1660,1116
1663,1117
1665,1117
1668,1117
1670,1118
1672,1118
1675,1118
1677,1119
1679,1119
1681,1120
1683,1120
1685,1121
1687,1121
1688,1122
1690,1122
1692,1123
1693,1124
1694,1125
1696,1126
1697,1127
1698,1129
1699,1130
1700,1131
1700,1132
1701,1134
1702,1135
1702,1137
1702,1138
1703,1140
1703,1141
1703,1143
1703,1145
1703,1146
1703,1148
1702,1150
1702,1152
1702,1154
1701,1156
1701,1158
1700,1160
1699,1162
1698,1164
1698,1166
1697,1168
1696,1170
1695,1171
1694,1173
1693,1175
1692,1177
1691,1178
1690,1180
1689,1181
1688,1182
1688,1182
1687,1183
1686,1183
1685,1183
1684,1183
1684,1183
1683,1182
1683,1181
1682,1180
1681,1179
1681,1178
1680,1177
1680,1176
1680,1175
1679,1174
1679,1172
1678,1171
1678,1170
1677,1169
1677,1168
1677,1167
1676,1167
1676,1166
1675,1166
1675,1166
1674,1165
1674,1165
1673,1165
1673,1166
1672,1166
1672,1167
1671,1167
1671,1168
1670,1169
1670,1170
1669,1171
1669,1172
1669,1173
1668,1174
1668,1175
1667,1175
1667,1176
1667,1176
1666,1177
1666,1177
1666,1177
1666,1176
1666,1176
1666,1176
1665,1175
1665,1175
1665,1174
1665,1173
1665,1173
1665,1172
1664,1172
1664,1171
1664,1170
1664,1170
1664,1169
1664,1168
1664,1167
1664,1166
1663,1165
1663,1164
1664,1163
1664,1162
1664,1161
1664,1160
1664,1158
1664,1157
1665,1155
1665,1154
1665,1152
1666,1151
1666,1149
1667,1147
1668,1145
1669,1143
1669,1140
1670,1138
1671,1135
1673,1132
1674,1130
1675,1127
1676,1124
1678,1121
1679,1117
1680,1115
1682,1112
1683,1109
1684,1106
1686,1104
1687,1102
1689,1100
1690,1098
1691,1096
1693,1095
1694,1093
1695,1092
1696,1092
1697,1091
1699,1091
1700,1090
1701,1090
1702,1089
1703,1089
1704,1089
1705,1089
1707,1089
1708,1088
1709,1088
1710,1088
1712,1088
1713,1087
1714,1087
1716,1086
1717,1085
1718,1084
1720,1083
1721,1082
1723,1081
1725,1080
1726,1078
1728,1077
1730,1076
1731,1074
1733,1073
1734,1072
1736,1071
1738,1070
1739,1069
1741,1068
1742,1067
1744,1066
1746,1066
1747,1065
1749,1065
1750,1065
1751,1065
1753,1065
1754,1066
1755,1066
1757,1067
1758,1068
1759,1069
1760,1070
1761,1071
1762,1072
1763,1074
1764,1075
1765,1076
1767,1078
1768,1079
1769,1080
1770,1080
1771,1081
1773,1081
1774,1082
1776,1081
1777,1081
1779,1081
1780,1080
1782,1079
1784,1078
1786,1076
1787,1075
1789,1073
1791,1071
1793,1069
1795,1068
1797,1066
1799,1064
1800,1062
1802,1060
1804,1058
1806,1056
1808,1054
1809,1052
1811,1051
1813,1049
1814,1047
1816,1046
1817,1044
1819,1043
1820,1041
1822,1040
1823,1039
1824,1037
1826,1036
1827,1034
1829,1033
1830,1032
1831,1030
1832,1029
1834,1027
1835,1026
1836,1024
1837,1023
1838,1021
1840,1020
1841,1019
1842,1017
1843,1016
1844,1014
1845,1013
1845,1012
1846,1011
1847,1010
1847,1009
1848,1008
1849,1007
1849,1007
1849,1006
1850,1006
1850,1005
1850,1005
1850,1005
1850,1004
1850,1004
1851,1003
1851,1003
1851,1002
1851,1002
1851,1001
1851,1001
1851,1000
1851,999
1851,999
1850,998
1850,997
1850,996
1850,995
1851,994
1851,993
1851,992
1851,991
1851,990
1851,989
1851,988
1851,987
1851,986
1851,985
1851,984
1851,983
1851,983
1851,982
1851,981
1851,981
1851,980
1851,980
1851,979
1851,979
1851,978
1851,978
1851,977
1852,977
1852,976
1852,975
1852,974
1853,974
1853,973
1854,971
1854,970
1855,969
1855,968
1856,966
1856,965
1857,964
1858,962
1858,961
1859,960
1860,958
1861,957
1861,956
1862,954
1863,953
1864,952
1865,951
1866,950
1866,949
1867,949
1868,948
1869,947
1870,947
1870,947
1871,946
1872,946
1873,946
1874,946
1874,946
1875,945
1876,945
1877,945
1878,944
1879,944
1880,943
1881,943
1881,942
1882,942
1883,941
1884,941
1885,941
1885,941
1886,941
1887,941
1887,941
1888,942
1888,943
1888,943
1889,944
1889,945
1889,947
1889,948
1889,950
1889,951
1889,953
1889,955
1889,957
1889,959
1888,961
1888,963
1888,965
1888,967
1887,969
1887,971
1887,974
1887,975
1887,977
1886,979
1886,981
1886,983
1886,984
1886,986
1887,987
1887,989
1887,990
1887,991
1888,992
1888,994
1889,995
1889,996
1890,997
1890,998
1891,999
1892,1000
1893,1001
1894,1002
1894,1003
1895,1004
1896,1005
1897,1006
1898,1007
1899,1009
1900,1010
1901,1011
1903,1012
1904,1014
1905,1015
1906,1016
1907,1018
1909,1019
1910,1021
1911,1023
1913,1024
1914,1026
1916,1028
1917,1030
1919,1032
1920,1034
1922,1036
1924,1038
1926,1040
1928,1042
1930,1044
1932,1045
1934,1047
1936,1049
1938,1051
1941,1053
1943,1055
1946,1057
1949,1059
1951,1061
1954,1063
1957,1065
1960,1067
1963,1069
1966,1071
1969,1073
1972,1075
1975,1077
1978,1080
1982,1082
1985,1084
1988,1087
1992,1089
1995,1091
1999,1094
2002,1096
2006,1098
2009,1101
2013,1103
2017,1105
2020,1107
2024,1109
2028,1111
2032,1113
2036,1115
2040,1116
2044,1118
2048,1120
2053,1121
2057,1122
2061,1124
2066,1125
2070,1126
2075,1127
2079,1128
2084,1129
2088,1130
2092,1131
2097,1133
2101,1134
2105,1136
2109,1138
2112,1140
2116,1143
2119,1146
2122,1149
2125,1152
2127,1155
2129,1159
2131,1163
2133,1167
2135,1171
2136,1175
2138,1179
2140,1182
2142,1186
2144,1190
2146,1193
2148,1196
2151,1199
2153,1202
2156,1204
2160,1207
2163,1209
2167,1211
2171,1212
2176,1214
2181,1215
2186,1216
2191,1218
2197,1219
2202,1220
2208,1222
2214,1223
2221,1225
2227,1227
2234,1229
2240,1231
2247,1233
2253,1236
2260,1239
2266,1242
2272,1246
2278,1250
2284,1254
2289,1258
2294,1263
2299,1268
2304,1273
2308,1279
2312,1285
2316,1291
2320,1298
2323,1304
2327,1311
2330,1318
2333,1326
2337,1333
2340,1340
2343,1347
2347,1354
2350,1362
2354,1368
2358,1375
2362,1382
2367,1388
2371,1395
2376,1401
2381,1406
2387,1412
2393,1417
2400,1421
2407,1426
2414,1430
2422,1433
2430,1437
2439,1439
2448,1442
2457,1444
2466,1446
2476,1448
2486,1449
2496,1450
2506,1451
2517,1452
2527,1453
2537,1453
2547,1454
2557,1455
2567,1456
2577,1457
2587,1458
2596,1460
2605,1462
2614,1463
2623,1466
2631,1468
2640,1470
2648,1473
2655,1476
2663,1479
2670,1482
2677,1485
2684,1488
2690,1491
2697,1494
2703,1498
2710,1501
2716,1504
2722,1507
2727,1511
2733,1514
2739,1517
2744,1521
2749,1524
2754,1527
2760,1530
2765,1533
2769,1536
2774,1539
2779,1542
2783,1545
2788,1547
2792,1550
2796,1553
2800,1555
2805,1558
2809,1560
2812,1563
2816,1565
2820,1567
2823,1569
2827,1572
2830,1574
2833,1576
2836,1578
2839,1580
2842,1582
2845,1584
2848,1586
2851,1588
2854,1589
2857,1591
2860,1592
2863,1593
2866,1594
2869,1595
2872,1596
2875,1597
2878,1598
2881,1598
2884,1599
2887,1599
2890,1600
2893,1600
2895,1601
2898,1601
2901,1601
2903,1602
2905,1602
2907,1603
2909,1603
2911,1603
2913,1603
2915,1604
2917,1604
2919,1604
2920,1604
2922,1604
2924,1604
2925,1604
2927,1604
2929,1603
2931,1603
2933,1602
2935,1601
2937,1600
2939,1599
2942,1597
2944,1596
2947,1594
2950,1592
2952,1590
2955,1587
2958,1585
2961,1583
2963,1580
2966,1578
2968,1575
2971,1573
2973,1570
2975,1568
2977,1566
2978,1564
2979,1562
2981,1560
2982,1558
2982,1556
2983,1555
2984,1553
2985,1552
2985,1550
2986,1549
2986,1547
2987,1546
2987,1544
2987,1543
2987,1542
2987,1541
2987,1540
2986,1538
2986,1537
2986,1536
2985,1535
2984,1534
2984,1533
2983,1532
2982,1532
2980,1531
2979,1530
2977,1530
2976,1530
2974,1529
2972,1529
2970,1529
2967,1529
2965,1529
2963,1530
2960,1530
2958,1530
2956,1530
2953,1530
2951,1531
2950,1531
2948,1531
2946,1530
2945,1530
2944,1530
2943,1529
2942,1529
2942,1528
2941,1528
2941,1527
2941,1526
2940,1525
2940,1524
2940,1523
2940,1522
2939,1521
2939,1521
2938,1520
2938,1519
2937,1518
2937,1518
2936,1517
2935,1517
2934,1516
2933,1516
2932,1516
2931,1516
2929,1515
2928,1515
2926,1516
2924,1516
2922,1516
2921,1516
2919,1516
2917,1517
2915,1517
2913,1517
2911,1517
2910,1518
2908,1518
2907,1518
2905,1518
2904,1519
2902,1519
2901,1519
2900,1519
2899,1519
2898,1519
2897,1519
2896,1520
2895,1520
2894,1520
2894,1520
2893,1520
2893,1520
2892,1520
2891,1520
2891,1520
2891,1520
2890,1520
2890,1520
2890,1520
2890,1519
2890,1519
2889,1519
2889,1519
2889,1518
2889,1518
2889,1517
2889,1517
2889,1517
2888,1516
2888,1516
2887,1516
2887,1515
2886,1515
2885,1515
2884,1515
2883,1514
2882,1514
2881,1514
2880,1514
2878,1514
2877,1515
2875,1515
2873,1515
2871,1516
2869,1516
2866,1517
2864,1517
2861,1518
2859,1519
2856,1520
2853,1521
2850,1522
2847,1523
2844,1524
2840,1525
2837,1526
2834,1527
2831,1528
2827,1529
2824,1530
2821,1531
2818,1532
2815,1533
2811,1533
2808,1534
2805,1535
2802,1536
2799,1536
2796,1537
2793,1537
2790,1538
2787,1538
2784,1539
2781,1539
2778,1539
2775,1540
2772,1540
2769,1540
2765,1541
2762,1541
2759,1541
2755,1541
2752,1541
2748,1541
2744,1542
2740,1542
2736,1542
2732,1542
2728,1542
2724,1542
2720,1542
2715,1542
2711,1542
2706,1542
2702,1541
2698,1541
2693,1541
2689,1540
2684,1540
2680,1539
2675,1539
2671,1538
2666,1537
2662,1536
2657,1536
2653,1535
2648,1534
2643,1533
2639,1532
2634,1531
2629,1530
2625,1529
2620,1529
2615,1528
2610,1527
2605,1526
2600,1525
2595,1524
2590,1523
2585,1522
2580,1521
2574,1521
2569,1520
2564,1519
2558,1518
2553,1518
2547,1517
2542,1516
2536,1515
2530,1515
2525,1514
2519,1513
2514,1512
2508,1511
2503,1510
2498,1509
2492,1508
2487,1507
2482,1506
2477,1504
2472,1503
2467,1501
2463,1500
2458,1498
2453,1497
2449,1495
2444,1493
2440,1491
2435,1490
2431,1488
2427,1486
2422,1484
2418,1482
2414,1480
2410,1479
2405,1477
2401,1475
2397,1474
2393,1473
2388,1471
2384,1470
2380,1469
2375,1469
2371,1468
2367,1468
2362,1468
2358,1468
2354,1468
2349,1469
2345,1469
2341,1470
2337,1471
2333,1472
2329,1472
2325,1473
2321,1474
2318,1475
2314,1475
2310,1476
2307,1476
2303,1477
2299,1477
2296,1477
2292,1477
2288,1477
2285,1476
2281,1475
2277,1474
2273,1473
2269,1472
2265,1470
2262,1469
2258,1467
2254,1464
2250,1462
2246,1460
2242,1457
2238,1455
2234,1452
2230,1450
2226,1447
2222,1445
2218,1442
2214,1440
2210,1438
2206,1435
2202,1433
2199,1431
2195,1429
2192,1427
2189,1425
2186,1423
2183,1421
2180,1419
2177,1417
2174,1415
2171,1413
2169,1411
2166,1410
2164,1408
2161,1406
2159,1404
2156,1403
2154,1401
2151,1399
2149,1398
2146,1396
2144,1394
2142,1393
2140,1391
2138,1389
2136,1387
2134,1385
2132,1384
2130,1382
2128,1380
2127,1378
2125,1376
2124,1374
2122,1372
2121,1370
2119,1368
2118,1366
2117,1364
2115,1362
2114,1360
2113,1358
2112,1357
2111,1355
2109,1353
2108,1351
2107,1350
2106,1348
2105,1346
2105,1345
2104,1343
2103,1341
2102,1339
2102,1338
2101,1336
2101,1334
2100,1332
2100,1330
2099,1328
2099,1326
2099,1324
2099,1322
2098,1320
2098,1318
2098,1316
2098,1314
2098,1313
2097,1311
2097,1309
2097,1307
2097,1305
2097,1303
2097,1301
2097,1299
2097,1297
2097,1295
2098,1293
2098,1291
2098,1289
2099,1286
2099,1284
2100,1281
2100,1278
2101,1276
2101,1273
2102,1270
2103,1268
2103,1265
2104,1262
2105,1259
2106,1256
2106,1253
2107,1250
2108,1247
2109,1245
2110,1242
2111,1239
2111,1236
2112,1233
2113,1231
2113,1228
2114,1226
2114,1223
2115,1221
2115,1218
2116,1216
2116,1214
2116,1212
2117,1210
2117,1209
2117,1207
2117,1205
2117,1204
2117,1202
2116,1200
2116,1199
2116,1197
2116,1196
2116,1194
2116,1192
2116,1191
2116,1189
2115,1187
2115,1185
2115,1184
2115,1182
2115,1180
2114,1178
2114,1176
2113,1174
2113,1173
2113,1171
2112,1169
2112,1167
2111,1165
2111,1163
2110,1161
2109,1159
2109,1157
2108,1155
2108,1153
2107,1151
2106,1148
2105,1146
2105,1144
2104,1142
2103,1139
2102,1137
2101,1135
2100,1133
2099,1131
2098,1129
2097,1128
2095,1126
2094,1124
2092,1123
2091,1121
2089,1120
2087,1118
2086,1117
2084,1115
2082,1114
2080,1112
2078,1111
2076,1109
2074,1108
2072,1107
2069,1105
2067,1104
2064,1103
2062,1101
2059,1100
2056,1099
2053,1098
2050,1097
2047,1096
2044,1095
2041,1094
2038,1093
2034,1092
2031,1091
2027,1090
2024,1089
2021,1088
2017,1087
2014,1085
2010,1084
2007,1082
2003,1081
2000,1079
1996,1078
1992,1077
1989,1075
1985,1073
1981,1072
1978,1070
1974,1068
1970,1067
1967,1065
1963,1063
1959,1061
1956,1059
1952,1056
1948,1054
1945,1052
1941,1050
1938,1047
1934,1045
1931,1043
1927,1041
1923,1039
1920,1037
1916,1035
1912,1034
1909,1032
1905,1031
1901,1029
1898,1028
1894,1027
1890,1026
1886,1025
1882,1024
1879,1023
1875,1023
1871,1022
1867,1022
1863,1022
1859,1022
1856,1022
1852,1022
1848,1022
1844,1022
1841,1022
1837,1022
1833,1022
1830,1022
1826,1021
1823,1021
1820,1020
1817,1020
1814,1019
1811,1018
1808,1017
1805,1015
1803,1014
1800,1012
1798,1010
1795,1008
1793,1006
1791,1004
1789,1002
1787,1000
1785,998
1783,995
1781,993
1780,990
1778,988
1776,985
1775,982
1774,980
1772,977
1771,974
1770,971
1768,969
1767,966
1766,963
1764,961
1763,959
1762,956
1760,954
1759,952
1758,951
1756,949
1755,948
1753,946
1752,945
1750,944
1749,943
1747,942
1745,942
1744,941
1742,941
1740,941
1738,941
1737,941
1735,940
1733,940
1731,940
1729,940
1728,940
1726,940
1724,940
1722,940
1720,939
1719,939
1717,938
1715,937
1714,936
1712,935
1710,934
1709,933
1707,932
1706,930
1704,930
1702,929
1701,928
1699,928
1697,928
1696,928
1694,929
1692,930
1690,930
1688,931
1687,932
1685,933
1683,934
1681,935
1680,937
1678,938
1676,938
1674,939
1672,940
1671,940
1669,940
1667,940
1666,940
1664,939
1662,938
1661,938
1659,937
1657,936
1656,935
1654,934
1652,933
1651,932
1649,930
1648,929
1646,928
1645,927
1643,926
1642,925
1641,925
1640,924
1639,923
1638,922
1637,922
1636,921
1636,921
1635,921
1635,921
1635,921
