2391,746
2391,746
2392,746
2392,745
2393,744
2394,743
2395,742
2397,740
2398,739
2399,737
2401,736
2402,734
2404,732
2406,730
2407,729
2409,727
2411,725
2412,724
2414,722
2416,721
2417,719
2419,718
2420,718
2422,717
2423,717
2424,716
2425,716
2425,717
2426,717
2427,718
2427,719
2427,721
2428,722
2428,724
2428,726
2428,729
2428,731
2428,734
2428,736
2428,739
2428,742
2428,744
2429,747
2429,750
2430,753
2431,756
2431,758
2432,761
2434,764
2435,766
2436,769
2438,772
2440,774
2442,776
2444,779
2447,781
2449,783
2452,785
2455,787
2458,789
2461,791
2465,793
2468,794
2471,796
2475,798
2478,800
2482,802
2486,803
2489,805
2493,807
2497,809
2501,810
2505,812
2509,813
2513,815
2517,816
2521,817
2525,819
2529,820
2533,821
2537,822
2541,823
2546,824
2550,824
2554,825
2559,826
2563,826
2567,827
2572,827
2576,828
2580,828
2585,829
2589,829
2593,829
2597,830
2602,830
2606,830
2610,831
2614,831
2618,832
2622,832
2626,833
2629,834
2633,834
2637,835
2640,836
2644,837
2647,838
2651,839
2654,840
2658,841
2662,841
2665,842
2669,843
2672,844
2676,845
2680,845
2683,846
2687,847
2690,847
2694,848
2698,849
2701,849
2705,850
2708,851
2712,851
2715,852
2719,853
2722,853
2725,854
2729,855
2732,856
2735,856
2738,857
2741,858
2744,859
2746,860
2749,860
2752,861
2754,862
2757,863
2759,864
2762,864
2764,865
2766,866
2769,867
2771,867
2773,868
2775,868
2777,869
2779,869
2780,870
2782,870
2784,871
2785,871
2786,871
2788,872
2789,872
2790,872
2790,872
2791,873
2791,873
2792,874
2792,874
2792,875
2791,875
2791,876
2791,876
2790,877
2789,877
2789,878
2788,878
2787,879
2786,879
2785,880
2784,880
2784,880
2783,881
2782,881
2781,881
2780,882
2779,882
2779,882
2778,882
2777,883
2777,883
2776,883
2776,883
2776,883
2775,883
2775,883
2775,883
2775,883
2775,883
2775,883
2774,883
2774,884
2774,884
2774,884
2774,885
2774,885
2774,886
2773,886
2773,887
2773,888
2772,889
2772,890
2771,891
2771,892
2770,893
2769,895
2769,896
2768,897
2767,899
2766,900
2765,902
2764,903
2763,904
2762,906
2761,907
2760,908
2759,910
2758,911
2757,912
2755,913
2754,915
2753,916
2752,917
2750,918
2749,919
2748,920
2746,921
2745,922
2743,924
2741,925
2740,926
2738,927
2736,928
2734,929
2732,930
2730,932
2728,933
2725,934
2723,935
2721,936
2718,938
2716,939
2714,940
2711,941
2709,942
2706,943
2704,944
2702,944
2699,945
2697,946
2694,947
2692,947
2690,948
2687,948
2685,949
2683,949
2681,949
2679,950
2676,950
2674,950
2672,950
2669,951
2667,951
2664,951
2662,952
2659,952
2657,952
2654,953
2652,953
2649,953
2646,954
2643,954
2640,955
2637,955
2635,955
2632,955
2629,956
2625,956
2622,957
2619,957
2615,958
2612,959
2608,960
2604,961
2600,963
2596,965
2591,967
2587,969
2582,972
2577,974
2573,977
2568,980
2563,983
2558,987
2553,990
2548,992
2543,995
2538,998
2533,1000
2529,1002
2524,1003
2520,1004
2516,1004
2512,1004
2509,1004
2506,1003
2502,1002
2500,1000
2497,998
2494,995
2492,992
2490,988
2488,985
2486,981
2484,976
2482,972
2480,968
2478,963
2476,959
2475,955
2473,950
2471,946
2469,942
2467,939
2465,936
2462,933
2460,931
2457,929
2454,928
2451,928
2448,927
2445,928
2441,928
2438,929
2434,930
2430,931
2426,932
2422,933
2418,934
2414,935
2410,936
2406,937
2402,938
2398,939
2394,940
2390,940
2386,941
2382,941
2378,941
2373,941
2369,941
2365,941
2361,941
2357,940
2353,939
2350,938
2346,937
2342,935
2339,934
2335,933
2332,931
2329,930
2325,928
2322,927
2319,926
2316,925
2313,924
2311,923
2308,923
2305,923
2301,924
2298,925
2295,926
2291,928
2288,930
2284,933
2280,936
2276,939
2272,943
2267,946
2263,950
2258,954
2254,957
2249,961
2244,965
2240,968
2235,971
2230,974
2225,977
2221,979
2216,980
2211,982
2207,982
2203,983
2198,982
2194,981
2191,980
2187,978
2183,976
2180,974
2177,971
2174,968
2171,965
2168,962
2165,958
2163,955
2160,952
2158,949
2155,946
2153,944
2150,941
2148,939
2146,938
2143,936
2141,935
2138,934
2135,934
2132,934
2129,934
2126,935
2122,935
2119,936
2115,937
2111,938
2108,939
2104,940
2100,941
2097,942
2093,943
2089,943
2085,944
2081,945
2077,945
2074,946
2070,946
2066,947
2062,947
2058,947
2055,948
2051,948
2047,949
2044,949
2040,949
2037,950
2033,950
2030,951
2027,952
2023,952
2020,953
2017,953
2014,954
2011,955
2008,956
2005,956
2002,957
1999,958
1996,959
1993,960
1991,961
1988,962
1985,963
1982,964
1979,965
1976,966
1973,967
1971,968
1968,970
1965,971
1962,972
1959,974
1957,975
1954,977
1951,978
1948,980
1946,982
1943,983
1940,985
1938,987
1935,988
1932,990
1930,992
1927,993
1925,995
1922,996
1920,998
1917,1000
1915,1001
1913,1003
1910,1004
1908,1006
1906,1007
1904,1009
1901,1010
1899,1012
1897,1013
1895,1015
1893,1016
1891,1018
1889,1019
1887,1021
1885,1022
1883,1024
1881,1025
1880,1027
1878,1028
1876,1030
1874,1031
1873,1032
1871,1034
1869,1035
1868,1036
1866,1038
1865,1039
1863,1040
1862,1042
1860,1043
1859,1044
1857,1045
1856,1047
1854,1048
1853,1049
1851,1050
1850,1051
1848,1053
1847,1054
1846,1055
1844,1056
1843,1058
1841,1059
1840,1060
1838,1061
1837,1063
1835,1064
1834,1065
1832,1066
1831,1068
1829,1069
1828,1070
1826,1072
1825,1073
1823,1074
1822,1075
1820,1076
1819,1078
1817,1079
1816,1080
1814,1081
1813,1082
1812,1083
1810,1085
1809,1086
1807,1087
1806,1088
1804,1089
1803,1090
1802,1091
1800,1092
1799,1094
1798,1095
1796,1096
1795,1097
1794,1099
1792,1100
1791,1101
1790,1103
1788,1104
1787,1106
1786,1107
1784,1108
1783,1110
1782,1111
1780,1113
1779,1114
1778,1116
1777,1117
1775,1119
1774,1120
1773,1122
1772,1123
1770,1125
1769,1126
1768,1128
1767,1129
1766,1131
1765,1132
1763,1134
1762,1135
1761,1136
1760,1138
1759,1139
1758,1141
1757,1142
1756,1144
1755,1145
1754,1147
1753,1148
1752,1149
1751,1151
1750,1152
1749,1154
1748,1155
1747,1156
1746,1158
1745,1159
1744,1161
1743,1162
1742,1163
1741,1165
1740,1166
1739,1167
1738,1169
1737,1170
1737,1171
1736,1173
1735,1174
1734,1175
1733,1177
1732,1178
1732,1179
1731,1180
1730,1182
1729,1183
1729,1184
1728,1185
1727,1187
1727,1188
1726,1189
1725,1190
1725,1191
1724,1192
1724,1194
1723,1195
1723,1196
1722,1197
1722,1198
1721,1199
1720,1200
1720,1201
1720,1202
1719,1203
1719,1204
1718,1204
1718,1205
1717,1206
1717,1207
1716,1207
1716,1208
1715,1208
1715,1209
1714,1209
1713,1210
1713,1210
1712,1211
1711,1211
1711,1211
1710,1212
1709,1212
1708,1212
1707,1212
1707,1213
1706,1213
1705,1213
1704,1213
1703,1213
1702,1213
1701,1213
1699,1213
1698,1213
1697,1214
1696,1214
1695,1214
1693,1214
1692,1214
1691,1214
1690,1214
1688,1214
1687,1214
1686,1214
1684,1214
1683,1214
1682,1214
1681,1214
1679,1214
1678,1214
1677,1214
1676,1213
1674,1213
1673,1212
1672,1212
1671,1211
1669,1211
1668,1210
1667,1210
1666,1209
1665,1208
1664,1207
1662,1207
1661,1206
1660,1205
1659,1204
1658,1203
1657,1202
1656,1201
1655,1200
1654,1199
1653,1198
1652,1197
1651,1197
1650,1196
1649,1195
1648,1195
1647,1194
1646,1193
1645,1192
1644,1191
1644,1190
1643,1189
1643,1187
1642,1186
1642,1184
1641,1183
1641,1181
1641,1179
1641,1176
1641,1174
1641,1171
1641,1168
1641,1165
1642,1161
1642,1158
1643,1154
1643,1150
1644,1146
1644,1142
1645,1138
1645,1134
1646,1130
1647,1126
1647,1122
1648,1118
1648,1114
1649,1111
1649,1107
1649,1104
1650,1101
1650,1099
1650,1096
1650,1094
1650,1092
1651,1091
1651,1089
1651,1088
1651,1087
1651,1087
1650,1086
1650,1085
1650,1085
1650,1084
1650,1083
1650,1082
1651,1082
1651,1081
1651,1080
1651,1079
1651,1077
1651,1076
1651,1075
1652,1073
1652,1072
1652,1070
1653,1068
1653,1066
1653,1064
1654,1062
1654,1060
1654,1058
1655,1055
1655,1053
1656,1050
1656,1048
1656,1046
1657,1043
1657,1041
1657,1038
1658,1035
1658,1033
1658,1030
1659,1027
1659,1025
1659,1022
1660,1019
1660,1016
1661,1013
1661,1009
1661,1006
1661,1003
1662,1000
1662,997
1662,993
1663,990
1663,986
1663,983
1664,979
1664,975
1664,972
1664,968
1665,965
1665,961
1665,958
1665,954
1665,951
1665,948
1665,945
1665,942
1665,939
1664,937
1664,935
1664,933
1663,931
1663,929
1663,928
1662,926
1662,925
1661,924
1661,922
1660,921
1660,919
1660,918
1660,916
1659,914
1659,912
1659,909
1659,907
1659,904
1659,901
1659,898
1659,894
1660,891
1660,887
1660,883
1661,879
1661,874
1662,870
1662,865
1663,860
1664,855
1664,850
1665,846
1666,841
1667,836
1667,831
1668,827
1669,822
1670,818
1670,815
1671,811
1672,808
1672,805
1673,802
1673,799
1674,797
1675,794
1675,792
1676,789
1677,787
1677,784
1678,782
1679,780
1680,777
1681,775
1682,772
1683,769
1684,767
1685,764
1686,761
1687,758
1688,756
1690,753
1691,750
1692,748
1693,745
1695,743
1696,741
1697,739
1698,737
1700,735
1701,734
1702,732
1704,731
1705,730
1706,729
1707,728
1708,728
1710,728
1711,728
1712,728
1713,728
1714,729
1715,730
1716,731
1717,733
1718,734
1719,735
1720,737
1721,738
1722,740
1723,741
1724,743
1725,744
1726,745
1728,746
1729,747
1730,748
1732,748
1733,748
1735,748
1736,747
1738,747
1740,745
1742,744
1743,742
1745,741
1747,739
1749,737
1751,736
1753,735
1755,733
1757,733
1759,732
1760,731
1762,731
1764,731
1765,732
1767,733
1768,734
1769,735
1770,737
1771,738
1772,741
1773,743
1774,746
1775,749
1775,752
1776,755
1777,758
1777,761
1778,764
1778,767
1778,770
1779,773
1779,776
1779,779
1780,781
1780,783
1780,785
1781,787
1781,789
1782,790
1783,791
1783,791
1784,791
1785,791
1786,791
1786,791
1787,790
1788,790
1789,790
1789,790
1790,790
1790,790
1791,790
1791,791
1792,791
1792,792
1792,793
1793,794
1793,795
1793,796
1793,797
1793,799
1793,800
1793,802
1792,804
1792,806
1792,809
1791,812
1791,815
1790,818
1790,821
1789,824
1788,828
1787,832
1787,836
1786,839
1785,843
1784,847
1783,851
1783,855
1782,858
1781,861
1781,865
1780,867
1780,870
1780,873
1779,875
1779,878
1779,880
1779,882
1779,884
1779,886
1779,888
1779,890
1779,892
1779,894
1779,895
1779,897
1779,898
1780,900
1780,902
1780,903
1781,905
1781,906
1782,907
1782,909
1782,910
1783,912
1783,913
1784,914
1784,916
1784,917
1785,918
1785,919
1786,920
1786,922
1787,923
1787,924
1787,925
1788,927
1788,928
1788,930
1789,931
1789,933
1789,935
1789,936
1790,938
1790,940
1790,942
1791,944
1791,946
1792,948
1792,950
1793,952
1793,955
1794,957
1794,959
1795,962
1796,964
1797,967
1798,969
1799,972
1800,974
1801,976
1802,979
1804,981
1805,983
1807,985
1808,987
1810,989
1812,991
1814,992
1815,994
1817,996
1819,997
1821,998
1823,1000
1825,1001
1827,1003
1829,1004
1831,1006
1833,1007
1835,1009
1837,1010
1839,1012
1840,1014
1842,1015
1844,1017
1846,1018
1847,1020
1849,1022
1851,1023
1852,1025
1854,1026
1855,1028
1857,1029
1858,1030
1860,1032
1861,1033
1862,1034
1864,1036
1865,1037
1866,1038
1867,1039
1868,1040
1869,1041
1870,1043
1871,1044
1871,1045
1872,1046
1872,1046
1873,1047
1873,1048
1873,1049
1873,1050
1873,1050
1873,1051
1872,1052
1872,1052
1871,1052
1870,1053
1869,1053
1868,1053
1867,1054
1866,1054
1864,1054
1863,1054
1861,1054
1859,1053
1857,1053
1855,1053
1853,1053
1851,1053
1849,1052
1847,1052
1844,1052
1842,1051
1840,1051
1837,1050
1835,1050
1832,1050
1830,1049
1827,1049
1824,1049
1822,1049
1819,1049
1816,1049
1814,1049
1811,1049
1808,1049
1806,1050
1803,1051
1800,1052
1797,1053
1794,1055
1791,1057
1788,1059
1785,1061
1782,1063
1779,1066
1777,1068
1774,1071
1771,1073
1768,1076
1765,1078
1762,1081
1759,1083
1756,1085
1754,1087
1751,1089
1748,1091
1745,1092
1742,1093
1740,1094
1737,1095
1734,1095
1732,1096
1729,1096
1726,1095
1724,1095
1721,1094
1719,1093
1716,1092
1713,1091
1711,1089
1708,1088
1705,1086
1703,1084
1700,1083
1697,1082
1695,1081
1692,1080
1689,1080
1686,1079
1684,1080
1681,1080
1678,1081
1675,1082
1672,1083
1669,1085
1666,1086
1664,1088
1661,1089
1658,1090
1655,1091
1652,1093
1649,1094
1646,1095
1644,1096
1641,1098
1638,1099
1635,1100
1632,1101
1629,1102
1626,1104
1623,1105
1620,1105
1617,1106
1614,1106
1611,1106
1608,1106
1605,1105
1602,1105
1600,1103
1597,1102
1594,1100
1591,1098
1588,1096
1586,1093
1583,1090
1580,1087
1578,1084
1575,1080
1573,1076
1570,1072
1568,1068
1566,1064
1564,1059
1561,1054
1559,1050
1557,1045
1555,1040
1553,1034
1551,1029
1549,1024
1547,1020
1545,1015
1543,1011
1541,1007
1539,1003
1537,1001
1535,998
1533,996
1531,994
1529,993
1527,992
1526,991
1524,991
1522,990
1520,989
1518,988
1517,987
1515,986
1513,984
1511,983
1510,981
1508,980
1506,978
1505,976
1503,974
1501,972
1500,969
1498,966
1497,963
1495,959
1493,955
1492,951
1490,946
1489,942
1487,937
1486,932
1484,927
1483,922
1481,917
1479,913
1478,908
1476,904
1475,901
1473,897
1472,894
1470,891
1469,888
1467,886
1466,883
1464,881
1463,879
1461,876
1460,874
1458,871
1457,868
1455,865
1454,861
1452,858
1451,854
1449,850
1448,845
1446,841
1445,836
1443,831
1442,826
1440,821
1439,815
1437,809
1436,803
1434,797
1433,790
1432,784
1430,777
1429,771
1427,764
1426,758
1425,752
1423,747
1422,742
1421,738
1420,734
1419,731
1417,729
1416,728
1415,726
1414,725
1413,725
1413,725
1412,724
1411,724
1410,724
1409,724
1408,723
1407,722
1406,721
1405,719
1404,717
1404,715
1403,712
1402,708
1400,704
1399,699
1398,694
1397,689
1396,683
1395,676
1394,669
1393,662
1392,655
1390,647
1389,639
1388,631
1387,623
1386,616
1385,608
1384,601
1383,593
1382,587
1381,580
1380,575
1380,570
1379,565
1378,561
1378,558
1377,556
1377,554
1376,552
1376,551
1375,550
1375,549
1374,549
1374,548
1373,548
1373,548
1372,548
1372,548
1371,548
1370,548
1370,548
1369,548
1369,549
1368,549
1367,548
1366,548
1365,547
1364,546
1363,544
1362,542
1361,539
1359,536
1358,532
1357,528
1355,524
1353,520
1352,515
1350,510
1348,505
1346,500
1344,496
1342,491
1340,487
1338,484
1336,481
1335,479
1333,477
1331,476
1329,476
1328,476
1326,477
1324,479
1323,481
1321,483
1320,485
1319,488
1317,491
1316,494
1315,497
1314,500
1313,504
1312,508
1311,512
1310,515
1309,519
1308,523
1307,526
1307,529
1306,531
1305,533
1304,534
1303,536
1302,537
1302,537
1301,538
1300,539
1300,540
1299,540
1298,541
1298,542
1298,543
1297,544
1297,545
1297,547
1297,548
1297,550
1297,552
1297,555
1297,557
1297,560
1298,562
1298,565
1299,567
1299,570
1300,572
1300,575
1301,577
1302,579
1302,581
1303,584
1304,586
1305,589
1305,591
1306,594
1307,598
1308,601
1309,605
1310,609
1311,613
1312,618
1313,623
1314,628
1315,633
1316,638
1317,643
1318,649
1320,655
1321,661
1322,666
1323,672
1324,678
1326,684
1327,689
1328,694
1329,699
1331,704
1332,709
1333,713
1334,717
1336,721
1337,725
1338,729
1339,733
1341,736
1342,739
1343,743
1344,745
1345,748
1347,751
1348,753
1349,756
1350,758
1351,760
1353,762
1354,764
1355,766
1356,768
1357,770
1358,772
1360,774
1361,775
1362,777
1363,778
1365,779
1366,781
1367,782
1368,783
1370,783
1371,784
1373,784
1374,785
1375,785
1377,785
1378,785
1380,785
1382,786
1383,786
1385,786
1386,786
1388,787
1390,787
1391,788
1393,789
1395,790
1397,791
1398,793
1400,794
1402,796
1404,798
1406,800
1408,802
1409,805
1411,807
1413,809
1415,811
1417,814
1419,816
1421,818
1423,821
1425,823
1427,825
1429,828
1431,830
1433,832
1435,835
1437,837
1439,839
1441,841
1443,844
1445,846
1447,848
1449,851
1451,853
1453,856
1456,858
1458,861
1460,863
1462,866
1464,869
1466,871
1468,874
1470,877
1472,879
1474,882
1476,885
1477,888
1479,891
1481,894
1483,897
1485,900
1486,903
1488,906
1490,908
1491,911
1493,914
1495,917
1496,920
1497,922
1499,925
1500,927
1501,930
1503,933
1504,935
1505,938
1506,941
1507,944
1508,946
1509,949
1509,952
1510,955
1511,958
1511,961
1512,964
1512,968
1512,971
1513,974
1513,977
1513,981
1513,984
1513,987
1513,991
1513,994
1512,997
1512,1001
1512,1004
1511,1007
1511,1010
1511,1013
1510,1017
1510,1020
1509,1022
1509,1025
1508,1028
1508,1031
1507,1034
1507,1036
1506,1039
1506,1041
1505,1044
1505,1047
1505,1049
1504,1052
1504,1055
1504,1057
1504,1060
1504,1063
1504,1066
1504,1069
1504,1072
1504,1075
1505,1078
1505,1081
1506,1084
1507,1086
1507,1089
1508,1091
1509,1094
1510,1096
1512,1098
1513,1100
1514,1102
1516,1104
1517,1105
1519,1107
1521,1108
1522,1110
1524,1111
1526,1112
1528,1112
1530,1113
1532,1113
1534,1114
1536,1114
1538,1114
1540,1114
1541,1114
1543,1113
1545,1113
1546,1113
1548,1112
1549,1112
1550,1111
1551,1110
1552,1110
1553,1109
1554,1108
1554,1108
1554,1108
1554,1108
1554,1108
1554,1108
1554,1108
1554,1108
1553,1108
1552,1108
1551,1107
1550,1107
1549,1107
1547,1106
1546,1105
1544,1104
1542,1103
1540,1102
1538,1101
1536,1100
1533,1098
1531,1096
1529,1094
1526,1092
1523,1089
1521,1086
1518,1083
1515,1079
1512,1075
1509,1070
1506,1065
1503,1060
1500,1054
1497,1048
1494,1041
1491,1034
1488,1027
1485,1019
1482,1011
1480,1003
1477,995
1474,987
1471,979
1469,971
1466,962
1464,954
1462,946
1459,938
1457,930
1455,922
1454,914
1452,907
1450,899
1449,891
1447,884
1446,877
1445,870
1444,863
1443,856
1443,850
1442,844
1442,838
1442,833
1442,828
1442,823
1443,818
1443,813
1444,808
1444,804
1445,799
1446,795
1447,790
1448,786
1450,782
1451,778
1452,774
1453,770
1455,766
1456,762
1457,758
1459,754
1460,751
1462,747
1463,744
1464,741
1465,738
1467,735
1468,732
1469,729
1470,726
1471,724
1471,722
1472,720
1473,718
1473,717
1474,715
1474,714
1474,714
1474,713
1474,712
1474,712
1474,712
1474,712
1474,712
1474,713
1473,713
1473,714
1472,714
1472,715
1471,716
1471,717
1470,718
1470,719
1469,720
1468,720
1468,721
1467,722
1467,723
1466,724
1465,725
1465,726
1464,726
1464,727
1463,728
1463,729
1463,729
1462,730
1462,731
1462,732
1462,733
1461,734
1461,734
1461,736
1461,737
1461,738
1462,739
1462,740
1462,742
1462,743
1463,745
1463,746
1464,748
1464,750
1465,751
1466,753
1467,755
1467,756
1468,758
1469,760
1470,761
1472,763
1473,765
1474,766
1475,768
1477,770
1478,771
1480,773
1481,775
1483,776
1484,778
1486,779
1488,781
1490,782
1492,784
1494,785
1496,787
1498,789
1500,790
1503,792
1505,794
1507,795
1510,797
1512,799
1515,801
1518,802
1520,804
1523,806
1526,808
1529,810
1532,812
1535,814
1538,816
1541,818
1544,819
1548,821
1551,823
1554,825
1558,827
1561,828
1565,830
1568,832
1572,833
1575,835
1579,836
1583,838
1587,839
1590,840
1594,842
1598,843
1602,844
1606,845
1610,846
1614,847
1617,848
1621,850
1625,851
1629,853
1632,855
1636,857
1639,859
1643,861
1646,863
1649,865
1653,867
1656,869
1659,871
1663,873
1666,875
1669,877
1672,879
1676,880
1679,882
1682,883
1685,884
1689,885
1692,885
1696,885
1699,885
1703,885
1706,884
1710,884
1713,883
1717,881
1721,880
1724,878
1728,876
1732,874
1736,872
1740,870
1744,867
1747,865
1751,863
1755,860
1759,858
1762,855
1766,853
1770,851
1773,850
1777,848
1780,847
1783,846
1786,845
1790,844
1793,843
1796,843
1799,842
1802,842
1805,842
1808,841
1811,841
1814,841
1817,841
1820,840
1823,840
1826,839
1829,839
1833,838
1836,837
1839,836
1842,835
1845,834
1849,832
1852,831
1855,830
1859,828
1862,826
1866,824
1869,823
1872,821
1876,819
1879,817
1882,815
1886,813
1889,812
1892,810
1895,809
1898,807
1902,806
1904,805
1907,804
1910,803
1913,802
1916,802
1918,801
1921,801
1923,800
1926,800
1928,799
1930,799
1933,798
1935,798
1937,797
1940,796
1942,795
1944,794
1946,793
1949,792
1951,790
1953,789
1955,788
1958,786
1960,785
1962,784
1964,783
1966,782
1967,781
1969,780
1971,779
1973,779
1974,779
1976,778
1977,778
1979,778
1980,778
1981,779
1983,779
1984,779
1985,779
1987,780
1988,780
1989,780
1991,781
1992,781
1993,781
1994,782
1996,782
1997,782
1998,782
2000,783
2001,783
2002,783
2003,783
2004,784
2005,784
2006,785
2007,785
2008,786
2009,787
2010,788
2010,789
2011,790
2011,791
2012,792
2012,794
2013,795
2013,797
2013,798
2013,800
2013,802
2013,803
2013,805
2013,806
2014,808
2014,809
2014,810
2014,811
2014,812
2014,813
2014,814
2014,815
2014,815
2014,816
2014,817
2014,817
2014,818
2014,819
2014,819
2014,820
2013,821
2013,822
2013,823
2012,825
2012,826
2011,827
2011,829
2010,830
2010,832
2009,834
2008,835
2008,837
2007,839
2007,841
2006,842
2005,844
2005,846
2004,847
2004,849
2003,851
2002,852
2002,854
2001,855
2001,857
2001,858
2000,860
2000,861
1999,862
1999,864
1999,865
1998,866
1998,867
1998,869
1997,870
1997,871
1997,872
1996,873
1996,874
1996,875
1996,876
1995,877
1995,878
1995,879
1995,880
1995,881
1995,882
1995,882
1995,883
1995,884
1995,885
1995,886
1995,887
1995,888
1995,889
1995,890
1996,891
1996,891
1996,892
1996,893
1997,894
1997,895
1997,896
1998,897
1998,898
1999,899
1999,899
2000,900
2000,901
2001,901
2001,902
2002,902
2003,903
2003,903
2004,903
2005,904
2006,904
2007,904
2007,904
2008,904
2009,904
2010,904
2011,904
2011,904
2012,904
2013,905
2013,905
2014,906
2014,906
2014,907
2015,908
2015,909
2015,910
2015,911
2015,912
2015,913
2015,914
2015,914
2015,915
2015,915
2015,916
2015,916
2015,916
2015,915
2015,915
2015,914
2015,913
2015,912
2015,911
2015,909
2016,907
2016,906
2016,904
2016,902
2017,900
2017,898
2017,895
2017,893
2017,891
2018,889
2018,888
2018,886
2017,884
2017,883
2017,882
2017,881
2016,880
2016,879
2015,878
2015,877
2014,877
2014,876
2014,876
2013,875
2013,874
2013,873
2012,871
2012,870
2012,868
2013,866
2013,864
2013,861
2014,859
2014,856
2015,853
2016,850
2017,847
2017,844
2018,840
2019,837
2021,834
2022,830
2023,827
2024,823
2025,820
2026,817
2028,813
2029,810
2030,807
2031,805
2032,802
2033,799
2034,797
2035,795
2036,793
2037,792
2038,790
2039,789
2040,788
2040,787
2041,787
2041,786
2042,786
2042,785
2043,785
2043,785
2044,786
2044,786
2044,786
2045,787
2045,787
2045,788
2045,788
2045,789
2045,790
2046,790
2046,791
2046,792
2046,792
2046,793
2046,794
2046,794
2046,795
2046,796
2046,796
2046,797
2046,797
2046,797
2047,798
2047,798
2047,798
2047,798
2047,798
2047,798
2047,798
2048,798
2048,798
2048,798
2048,798
2048,797
2048,797
2049,796
2049,796
2049,795
2049,794
2050,793
2050,792
2050,790
2051,789
2051,787
2051,786
2052,784
2052,782
2052,780
2053,778
2053,776
2053,774
2053,772
2054,770
2054,767
2054,765
2054,763
2055,761
2055,759
2055,757
2055,755
2055,753
2055,751
2055,749
2055,748
2055,746
2054,745
2054,744
2054,743
2054,741
2054,740
2053,739
2053,739
2052,738
2052,738
2051,738
2051,738
2050,738
2049,739
2049,739
2048,740
2048,740
2047,741
2047,741
2047,741
2047,741
2047,741
2048,740
2048,739
2049,738
2049,737
2050,735
2051,733
2052,731
2053,728
2054,726
2055,723
2056,720
2057,716
2058,713
2059,709
2060,705
2061,701
2062,697
2062,694
2063,690
2064,687
2064,683
2064,680
2064,677
2065,674
2065,671
2064,669
2064,666
2064,664
2064,662
2063,660
2063,659
2063,657
2062,656
2062,655
2062,654
2061,652
2061,651
2062,649
2062,647
2062,645
2063,643
2063,641
2064,639
2065,637
2065,634
2066,632
2066,630
2067,627
2068,625
2068,623
2069,621
2069,619
2070,617
2070,615
2070,613
2071,612
2071,610
2071,608
2071,607
2072,605
2072,604
2072,603
2071,602
2071,600
2071,599
2071,599
2070,598
2070,597
2070,596
2069,595
2069,595
2068,594
2067,594
2067,593
2066,593
2065,593
2064,592
2063,592
2062,592
2061,593
2060,593
2059,594
2058,594
2056,595
2055,596
2054,597
2052,598
2051,599
2050,601
2048,602
2047,604
2045,605
2044,607
2042,609
2041,611
2039,612
2038,614
2036,616
2035,618
2033,620
2032,621
2030,623
2029,625
2028,627
2026,629
2025,631
2023,633
2022,635
2021,637
2019,639
2018,640
2017,642
2016,644
2014,645
2013,647
2012,648
2011,649
2010,650
2009,652
2008,653
2007,654
2006,655
2005,656
2004,657
2003,658
2002,659
2001,660
2000,661
1999,662
1998,663
1997,664
1996,665
1995,666
1994,667
1994,668
1993,668
1992,669
1991,670
1990,671
1989,672
1989,673
1988,674
1987,675
1986,676
1985,677
1985,678
1984,679
1983,680
1982,681
1981,682
1980,683
1979,684
1979,685
1978,685
1977,686
1976,686
1975,686
1975,686
1974,686
1973,686
1973,685
1972,684
1972,683
1972,682
1971,680
1971,679
1971,677
1971,674
1971,672
1971,670
1971,667
1971,664
1971,661
1972,659
1972,656
1972,653
1972,650
1973,647
1973,644
1974,641
1974,638
1974,635
1975,632
1975,630
1976,627
1976,625
1976,623
1977,621
1977,619
1977,617
1977,615
1978,613
1978,611
1978,609
1979,608
1979,606
1979,604
1980,602
1980,600
1980,598
1981,596
1981,594
1982,592
1982,589
1983,587
1983,585
1984,583
1985,580
1985,578
1986,576
1987,574
1987,572
1988,570
1989,568
1989,566
1990,564
1991,562
1992,560
1993,558
1994,556
1995,555
1995,553
1996,552
1997,550
1998,549
1999,548
1999,548
2000,547
2001,547
2001,547
2002,547
2002,547
2003,547
2003,548
2004,548
2004,548
2004,548
2005,549
2005,549
2006,549
2006,549
2006,548
2007,548
2007,548
2008,547
2008,546
2008,545
2009,543
2009,542
2009,540
2010,538
2010,536
2010,533
2010,531
2010,528
2010,525
2010,522
2009,519
2009,516
2008,512
2007,509
2006,506
2005,503
2004,500
2002,497
2000,494
1998,493
1996,491
1993,490
1990,489
1988,489
1984,490
1981,491
1978,492
1974,494
1970,496
1966,498
1963,501
1959,503
1955,505
1951,508
1947,510
1944,512
1940,513
1937,514
1934,515
1931,515
1928,515
1925,514
1923,513
1921,511
1919,509
1917,506
1916,503
1915,499
1914,494
1913,490
1913,484
1913,479
1913,473
1913,468
1913,462
1914,456
1914,451
1915,446
1916,441
1917,436
1918,432
1919,428
1920,425
1921,421
1922,418
1923,415
1924,413
1925,410
1926,407
1927,405
1929,402
1930,399
1931,396
1932,393
1933,389
1935,386
1936,382
1937,378
1938,374
1939,370
1940,367
1941,363
1942,359
1943,355
1944,352
1945,349
1946,346
1947,343
1947,340
1948,338
1948,336
1949,333
1949,331
1949,329
1950,327
1950,326
1950,324
1950,323
1950,322
1949,321
1949,320
1949,320
1948,319
1947,319
1947,319
1946,318
1945,318
1944,318
1943,318
1941,318
1940,318
1939,318
1937,318
1935,319
1933,320
1931,321
1929,322
1927,324
1925,326
1922,328
1920,330
1917,333
1915,336
1912,339
1909,343
1907,346
1904,350
1901,353
1899,357
1896,360
1894,362
1892,365
1890,367
1887,368
1885,369
1883,370
1881,371
1880,371
1878,370
1876,369
1874,368
1873,366
1871,364
1870,362
1868,360
1867,357
1865,354
1864,351
1862,347
1861,344
1859,341
1858,337
1856,334
1855,330
1853,327
1852,324
1850,321
1849,318
1847,315
1845,313
1844,310
1842,309
1840,307
1839,306
1837,304
1835,304
1833,303
1831,303
1829,303
1828,303
1826,304
1824,304
1822,304
1821,305
1819,305
1817,305
1816,306
1814,306
1813,306
1811,307
1810,307
1808,308
1807,308
1806,308
1805,309
1804,309
1803,310
1801,310
1800,311
1799,312
1798,314
1797,315
1796,317
1795,319
1794,322
1793,324
1792,327
1791,331
1790,334
1789,338
1788,341
1787,345
1786,349
1785,352
1784,355
1783,359
1782,362
1781,365
1781,367
1780,369
1779,371
1778,372
1778,373
1777,374
1777,374
1777,374
1777,372
1776,371
1777,369
1777,367
1777,364
1777,361
1778,358
1778,355
1779,351
1779,348
1780,346
1780,343
1781,340
1782,338
1782,337
1783,336
1783,335
1784,335
1784,336
1785,337
1785,339
1786,342
1786,344
1787,348
1787,351
1788,355
1788,360
1789,364
1789,368
1790,373
1791,377
1792,381
1792,386
1793,390
1794,394
1795,397
1796,401
1797,404
1798,408
1799,411
1800,414
1801,417
1802,419
1803,422
1805,424
1806,426
1807,428
1808,431
1809,433
1810,434
1811,436
1812,438
1812,440
1813,443
1814,445
1814,447
1815,450
1815,453
1815,456
1815,459
1816,462
1815,465
1815,469
1815,472
1815,476
1815,480
1814,484
1814,487
1813,492
1812,496
1812,500
1811,505
1810,509
1809,514
1808,519
1807,524
1806,529
1805,534
1804,539
1803,544
1801,550
1800,555
1799,561
1797,566
1796,572
1795,578
1793,583
1792,589
1790,595
1789,601
1787,606
1786,612
1784,617
1783,623
1781,628
1780,633
1778,637
1777,642
1776,646
1774,650
1773,654
1772,658
1771,661
1769,665
1768,668
1767,671
1766,674
1764,677
1763,679
1762,682
1761,684
1760,686
1759,689
1758,691
1757,693
1756,695
1754,697
1753,699
1752,701
1751,703
1750,706
1749,708
1748,710
1747,713
1745,716
1744,719
1743,722
1741,725
1740,729
1739,733
1737,737
1736,742
1734,746
1732,751
1731,756
1729,760
1728,765
1726,770
1725,775
1723,780
1721,786
1720,791
1718,796
1717,801
1715,806
1714,811
1713,816
1711,821
1710,826
1708,831
1707,835
1706,840
1705,844
1703,849
1702,853
1701,857
1700,860
1699,864
1698,868
1698,871
1697,875
1696,878
1695,882
1694,885
1694,888
1693,892
1692,895
1691,898
1691,902
1690,905
1690,908
1689,912
1689,915
1688,918
1688,921
1687,925
1687,928
1686,931
1686,935
1685,938
1685,942
1685,945
1684,949
1684,952
1683,956
1683,960
1683,964
1682,968
1682,972
1681,976
1681,980
1680,983
1680,987
1679,991
1679,995
1678,999
1678,1003
1677,1007
1677,1011
1676,1014
1675,1018
1675,1022
1674,1025
1673,1028
1673,1032
1672,1035
1671,1038
1670,1041
1670,1044
1669,1047
1668,1049
1667,1052
1666,1055
1666,1057
1665,1060
1664,1062
1663,1065
1662,1067
1662,1070
1661,1072
1660,1074
1660,1077
1659,1079
1658,1081
1658,1083
1657,1085
1657,1087
1656,1089
1656,1090
1655,1092
1655,1093
1655,1095
1655,1096
1654,1097
1654,1098
1654,1100
1654,1101
1654,1102
1654,1104
1654,1105
1654,1107
1655,1109
1655,1111
1655,1113
1655,1115
1655,1117
1656,1120
1656,1122
1656,1125
1657,1128
1657,1131
1657,1134
1658,1137
1659,1140
1659,1144
1660,1147
1661,1150
1662,1154
1662,1158
1663,1161
1665,1165
1666,1168
1667,1172
1668,1175
1670,1179
1671,1182
1673,1186
1674,1189
1676,1193
1678,1196
1680,1200
1682,1203
1683,1207
1685,1210
1687,1214
1689,1218
1691,1222
1693,1225
1695,1229
1697,1233
1698,1237
1700,1241
1702,1245
1703,1250
1705,1254
1707,1258
1708,1262
1710,1266
1711,1271
1712,1275
1713,1279
1715,1283
1716,1287
1717,1292
1718,1296
1718,1300
1719,1304
1720,1308
1721,1312
1721,1317
1722,1321
1722,1325
1722,1329
1723,1333
1723,1337
1723,1341
1723,1345
1724,1349
1724,1353
1724,1357
1724,1361
1724,1365
1723,1369
1723,1373
1723,1377
1723,1381
1723,1385
1723,1390
1723,1394
1723,1398
1723,1402
1723,1406
1723,1410
1723,1413
1723,1417
1723,1421
1724,1425
1724,1428
1725,1432
1726,1435
1727,1439
1728,1442
1729,1445
1730,1448
1731,1451
1733,1454
1734,1457
1736,1460
1738,1463
1740,1466
1742,1468
1745,1471
1747,1473
1750,1476
1752,1478
1755,1480
1758,1482
1761,1484
1764,1486
1767,1488
1770,1489
1773,1491
1777,1493
1780,1494
1783,1495
1787,1497
1790,1498
1794,1499
1797,1500
1801,1501
1805,1501
1808,1502
1812,1502
1816,1502
1820,1502
1824,1502
1828,1502
1832,1502
1836,1502
1840,1501
1844,1501
1848,1500
1852,1499
1857,1499
1861,1498
1865,1497
1869,1497
1874,1496
1878,1496
1882,1495
1886,1495
1890,1494
1894,1494
1898,1493
1902,1493
1906,1493
1910,1492
1914,1492
1918,1492
1922,1491
1926,1491
1930,1491
1933,1490
1937,1490
1941,1490
1945,1489
1948,1489
1952,1489
1955,1488
1959,1488
1962,1487
1966,1487
1970,1486
1973,1486
1977,1485
1980,1485
1984,1484
1988,1483
1991,1483
1995,1482
1998,1481
2002,1480
2006,1480
2009,1479
2013,1478
2017,1477
2020,1476
2024,1475
2028,1474
2032,1472
2036,1471
2040,1469
2044,1468
2049,1466
2053,1465
2057,1463
2061,1461
2065,1459
2070,1458
2074,1456
2078,1455
2082,1453
2086,1452
2090,1450
2094,1449
2097,1448
2101,1447
2104,1447
2107,1446
2110,1446
2113,1446
2116,1446
2118,1446
2121,1446
2123,1446
2125,1447
2128,1448
2130,1448
2132,1449
2134,1450
2136,1451
2138,1452
2140,1452
2142,1453
2144,1454
2146,1454
2148,1455
2150,1455
2152,1455
2155,1455
2157,1455
2160,1455
2163,1454
2165,1454
2168,1453
2171,1453
2174,1452
2177,1451
2179,1450
2182,1450
2185,1449
2188,1448
2191,1447
2194,1446
2196,1445
2199,1444
2202,1443
2205,1442
2208,1441
2211,1440
2214,1438
2217,1437
2220,1435
2224,1434
2227,1432
2230,1430
2234,1428
2237,1427
2241,1425
2244,1423
2248,1420
2251,1418
2255,1416
2258,1414
2262,1412
2265,1410
2268,1408
2272,1407
2275,1405
2278,1403
2281,1402
2284,1400
2287,1399
2290,1398
2292,1397
2295,1396
2298,1395
2300,1394
2302,1394
2305,1393
2307,1393
2309,1392
2311,1392
2313,1391
2315,1391
2317,1391
2319,1391
2321,1390
2323,1390
2325,1390
2327,1390
2329,1389
2331,1389
2333,1388
2335,1388
2337,1387
2339,1387
2341,1386
2344,1386
2346,1385
2348,1385
2350,1384
2352,1383
2354,1383
2356,1382
2358,1382
2360,1381
2362,1381
2364,1380
2366,1380
2368,1379
2370,1379
2372,1378
2374,1378
2376,1378
2378,1377
2380,1377
2381,1377
2383,1377
2385,1376
2387,1376
2388,1376
2390,1376
2392,1375
2394,1375
2395,1375
2397,1375
2399,1375
2400,1375
2402,1375
2404,1375
2405,1374
2407,1374
2409,1374
2410,1374
2412,1374
2414,1374
2415,1374
2417,1374
2419,1374
2420,1374
2422,1373
2424,1373
2426,1373
2427,1373
2429,1373
2431,1373
2433,1373
2434,1372
2436,1372
2438,1372
2440,1372
2441,1372
2443,1372
2445,1372
2447,1372
2448,1372
2450,1372
2452,1372
2453,1372
2455,1372
2456,1372
2458,1372
2459,1373
2461,1373
2462,1373
2463,1373
2465,1374
2466,1374
2468,1374
2469,1375
2470,1375
2472,1375
2473,1375
2475,1376
2476,1376
2477,1376
2479,1376
2480,1376
2482,1376
2483,1376
2485,1376
2486,1376
2487,1376
2489,1376
2490,1376
2492,1376
2493,1375
2494,1375
2496,1375
2497,1374
2498,1374
2500,1374
2501,1373
2502,1373
2503,1372
2505,1372
2506,1371
2507,1370
2508,1370
2509,1369
2509,1369
2510,1368
2511,1368
2512,1367
2512,1366
2513,1366
2514,1365
2514,1364
2515,1364
2516,1363
2516,1362
2517,1361
2518,1360
2519,1359
2520,1357
2520,1356
2521,1355
2522,1354
2523,1352
2524,1351
2525,1349
2526,1348
2527,1347
2528,1345
2528,1344
2529,1343
2530,1342
2530,1341
2531,1340
2531,1339
2531,1338
2531,1337
2531,1336
2531,1336
2531,1335
2531,1335
2530,1334
2530,1334
2529,1334
2528,1334
2527,1334
2526,1334
2525,1335
2524,1335
2523,1335
2522,1336
2521,1336
2520,1337
2518,1338
2517,1338
2516,1339
2515,1339
2514,1340
2513,1341
2512,1341
2512,1342
2511,1342
2510,1343
2509,1344
2509,1344
2508,1345
2507,1346
2507,1347
2506,1348
2506,1349
2505,1350
2505,1351
2504,1352
2504,1353
2504,1354
2503,1356
2503,1357
2503,1358
2502,1360
2502,1361
2502,1363
2501,1364
2501,1366
2501,1368
2500,1369
2500,1371
2500,1373
2499,1375
2499,1376
2498,1378
2498,1380
2497,1382
2497,1384
2496,1385
2495,1387
2495,1389
2494,1391
2493,1392
2492,1394
2491,1395
2490,1397
2489,1398
2488,1399
2487,1401
2486,1402
2484,1403
2483,1404
2481,1405
2480,1407
2478,1408
2477,1409
2475,1410
2473,1410
2471,1411
2470,1412
2468,1413
2466,1414
2465,1414
2463,1414
2461,1415
2460,1415
2459,1415
2457,1415
2456,1414
2455,1414
2454,1413
2453,1412
2452,1411
2451,1410
2450,1409
2449,1407
2448,1406
2448,1404
2447,1403
2446,1401
2445,1400
2443,1398
2442,1397
2441,1396
2440,1394
2438,1393
2437,1392
2436,1391
2434,1390
2432,1389
2431,1388
2429,1387
2428,1386
2426,1386
2425,1385
2423,1384
2422,1384
2420,1383
2419,1382
2418,1382
2416,1382
2415,1382
2414,1382
2412,1382
2411,1382
2410,1383
2408,1384
2407,1385
2405,1386
2404,1387
2402,1389
2400,1391
2398,1394
2396,1396
2394,1399
2392,1402
2390,1406
2387,1410
2384,1414
2382,1418
2379,1423
2376,1428
2373,1433
2370,1438
2367,1443
2364,1448
2361,1453
2358,1458
2356,1462
2353,1467
2351,1471
2349,1475
2347,1479
2345,1483
2343,1486
2342,1489
2340,1492
2339,1495
2339,1497
2338,1500
2337,1502
2337,1504
2336,1506
2336,1508
2336,1510
2336,1512
2336,1515
2336,1517
2336,1520
2336,1522
2336,1525
2336,1528
2336,1531
2336,1534
2337,1537
2337,1540
2337,1543
2338,1547
2338,1551
2339,1554
2339,1558
2340,1562
2340,1566
2341,1570
2341,1574
2342,1578
2342,1583
2343,1587
2344,1591
2344,1595
2345,1600
2346,1604
2347,1608
2348,1612
2348,1616
2349,1620
2350,1624
2351,1628
2353,1632
2354,1636
2355,1639
2356,1643
2357,1646
2358,1650
2359,1653
2360,1656
2361,1659
2363,1663
2364,1666
2365,1668
2366,1671
2367,1674
2368,1677
2369,1679
2371,1681
2372,1684
2373,1686
2374,1688
2376,1690
2377,1691
2378,1693
2379,1695
2381,1696
2382,1697
2383,1698
2385,1699
2386,1700
2387,1701
2389,1701
2390,1702
2392,1702
2393,1703
2395,1703
2396,1703
2397,1703
2399,1703
2400,1703
2401,1702
2403,1702
2404,1702
2405,1701
2406,1701
2408,1701
2409,1700
2410,1700
2411,1700
2413,1699
2414,1699
2415,1699
2416,1698
2417,1698
2418,1698
2420,1698
2421,1697
2422,1697
2424,1697
2425,1696
2427,1696
2428,1695
2430,1695
2432,1694
2434,1693
2435,1692
2437,1691
2439,1690
2441,1689
2442,1688
2444,1686
2446,1685
2447,1684
2449,1682
2450,1681
2452,1679
2453,1677
2454,1676
2455,1674
2456,1673
2457,1671
2458,1670
2458,1668
2458,1667
2458,1666
2458,1665
2457,1664
2457,1663
2456,1663
2454,1662
2453,1662
2452,1662
2450,1662
2448,1662
2446,1662
2444,1663
2442,1663
2440,1664
2438,1664
2436,1664
2435,1665
2433,1665
2431,1665
2430,1665
2429,1665
2428,1665
2427,1665
2426,1665
2425,1664
2425,1664
2424,1664
2424,1663
2424,1662
2425,1662
2425,1661
2426,1660
2426,1660
2427,1659
2428,1658
2429,1657
2430,1657
2431,1656
2432,1656
2433,1655
2434,1655
2434,1655
2435,1655
2435,1656
2436,1656
2436,1657
2436,1658
2436,1659
2435,1660
2435,1661
2434,1663
2433,1664
2432,1666
2431,1667
2430,1669
2429,1671
2427,1673
2426,1675
2424,1678
2423,1680
2421,1682
2419,1684
2417,1686
2415,1689
2413,1691
2412,1693
2410,1695
2408,1698
2406,1700
2404,1702
2403,1704
2401,1706
2399,1708
2398,1710
2396,1711
2395,1713
2393,1715
2392,1717
2390,1718
2389,1720
2387,1721
2386,1723
2384,1724
2383,1726
2381,1727
2379,1728
2378,1730
2376,1731
2374,1732
2373,1733
2371,1734
2369,1735
2367,1736
2364,1737
2362,1738
2360,1739
2357,1740
2355,1740
2352,1741
2350,1742
2347,1742
2344,1743
2341,1743
2339,1743
2336,1743
2333,1743
2330,1743
2327,1743
2324,1742
2321,1742
2318,1742
2315,1741
2312,1741
2309,1740
2306,1739
2303,1738
2300,1738
2297,1737
2294,1736
2291,1735
2288,1734
2285,1733
2281,1732
2278,1731
2275,1730
2272,1728
2269,1727
2266,1726
2263,1725
2260,1723
2256,1722
2253,1721
2250,1719
2247,1718
2244,1716
2241,1715
2238,1713
2235,1711
2231,1710
2228,1708
2225,1707
2222,1705
2219,1703
2216,1702
2213,1700
2210,1698
2206,1696
2203,1695
2200,1693
2197,1691
2194,1690
2191,1688
2188,1686
2185,1684
2182,1683
2178,1681
2175,1679
2172,1677
2169,1676
2166,1674
2163,1672
2160,1671
2157,1669
2154,1667
2151,1666
2148,1664
2145,1662
2142,1661
2139,1659
2136,1657
2132,1656
2129,1654
2126,1653
2123,1651
2120,1649
2117,1648
2114,1646
2111,1645
2108,1643
2104,1642
2101,1640
2098,1639
2095,1638
2092,1636
2088,1635
2085,1634
2082,1632
2079,1631
2075,1630
2072,1629
2069,1627
2066,1626
2062,1625
2059,1624
2056,1623
2053,1622
2049,1621
2046,1620
2043,1619
2040,1618
2037,1617
2033,1616
2030,1615
2027,1614
2024,1613
2020,1612
2017,1611
2014,1610
2011,1610
2007,1609
2004,1608
2001,1608
1998,1607
1994,1606
1991,1606
1988,1605
1985,1605
1982,1604
1978,1604
1975,1603
1972,1603
1969,1603
1966,1602
1962,1602
1959,1602
1956,1601
1953,1601
1950,1601
1947,1601
1944,1601
1941,1600
1938,1600
1935,1600
1932,1600
1929,1600
1926,1600
1923,1600
1920,1599
1917,1599
1914,1599
1911,1599
1908,1599
1905,1599
1902,1599
1899,1599
1896,1599
1894,1599
1891,1599
1888,1599
1885,1599
1882,1599
1879,1599
1876,1599
1874,1599
1871,1599
1868,1600
1865,1600
1863,1600
1860,1600
1857,1600
1854,1600
1852,1600
1849,1600
1846,1600
1844,1600
1841,1600
1838,1600
1836,1600
1833,1600
1831,1600
1828,1600
1826,1600
1824,1600
1821,1600
1819,1600
1817,1600
1814,1599
1812,1599
1810,1599
1808,1599
1806,1599
1804,1599
1801,1599
1799,1599
1797,1599
1796,1599
1794,1599
1792,1599
1790,1598
1788,1598
1786,1598
1784,1598
1783,1598
1781,1598
1779,1598
1778,1597
1776,1597
1774,1597
1773,1597
1771,1597
1769,1597
1768,1596
1766,1596
1764,1596
1763,1596
1761,1596
1760,1595
1758,1595
1757,1595
1755,1595
1753,1594
1752,1594
1750,1594
1749,1594
1747,1593
1746,1593
1744,1593
1743,1593
1742,1592
1740,1592
1739,1592
1737,1591
1736,1591
1735,1591
1733,1591
1732,1590
1731,1590
1729,1590
1728,1589
1727,1589
1726,1589
1724,1589
1723,1588
1722,1588
1721,1588
1719,1587
1718,1587
1717,1587
1716,1587
1715,1586
1714,1586
1712,1586
1711,1586
1710,1586
1709,1585
1708,1585
1707,1585
1705,1585
1704,1585
1703,1585
1702,1584
1701,1584
1700,1584
1699,1583
1698,1583
1697,1582
1696,1582
1695,1581
1695,1581
1694,1580
1693,1579
1692,1579
1691,1578
1690,1578
1689,1577
1688,1577
1687,1576
1686,1576
1685,1576
1684,1575
1683,1575
1682,1575
1681,1575
1680,1575
1679,1575
1678,1575
1677,1575
1676,1575
1675,1575
1673,1576
1672,1576
1671,1576
1670,1576
1669,1577
1668,1577
1667,1577
1667,1577
1666,1577
1665,1578
1664,1578
1664,1578
1663,1578
1662,1578
1662,1578
1661,1577
1661,1577
1661,1577
1660,1577
1660,1577
1660,1577
1660,1577
1660,1576
1660,1576
1659,1576
1659,1576
1659,1576
1659,1577
1659,1577
1659,1577
1659,1577
1659,1577
1659,1577
1659,1577
1659,1578
1659,1578
1659,1578
1659,1578
1659,1578
1659,1578
1659,1578
1659,1578
1659,1577
1659,1577
1659,1577
1659,1576
1659,1576
1659,1575
1660,1574
1660,1573
1660,1572
1660,1572
1660,1571
1659,1570
1659,1569
1659,1568
1659,1567
1659,1566
1658,1565
1658,1564
1657,1563
1657,1562
1656,1561
1655,1560
1655,1559
1654,1559
1653,1558
1652,1557
1651,1556
1650,1556
1649,1555
1648,1554
1646,1554
1645,1553
1644,1552
1643,1552
1641,1551
1640,1551
1639,1550
1638,1549
1636,1549
1635,1548
1634,1547
1633,1546
1631,1546
1630,1545
1629,1544
1628,1543
1627,1542
1626,1541
1624,1541
1623,1540
1622,1539
1621,1538
1620,1538
1619,1537
1618,1536
1617,1536
1616,1535
1614,1534
1613,1534
1612,1533
1611,1533
1610,1532
1609,1531
1608,1531
1607,1530
1605,1529
1604,1529
1603,1528
1602,1527
1601,1526
1600,1526
1598,1525
1597,1524
1596,1523
1595,1522
1594,1521
1593,1520
1592,1519
1591,1518
1590,1516
1589,1515
1588,1514
1587,1513
1586,1511
1585,1510
1584,1508
1583,1506
1582,1504
1581,1503
1581,1501
1580,1499
1579,1497
1578,1494
1578,1492
1577,1490
1577,1487
1576,1485
1576,1482
1575,1480
1575,1477
1575,1474
1574,1471
1574,1468
1574,1465
1574,1462
1573,1459
1573,1455
1573,1452
1573,1449
1573,1446
1572,1442
1572,1439
1572,1435
1572,1432
1572,1428
1572,1424
1572,1420
1572,1416
1572,1412
1572,1408
1572,1404
1572,1399
1572,1395
1572,1390
1572,1386
1573,1381
1573,1376
1573,1372
1573,1367
1573,1362
1573,1357
1573,1352
1573,1348
1573,1343
1573,1338
1573,1333
1573,1328
1573,1324
1573,1319
1573,1315
1573,1310
1573,1306
1573,1301
1573,1297
1573,1293
1573,1289
1572,1285
1572,1281
1572,1277
1572,1273
1572,1269
1571,1265
1571,1261
1571,1257
1571,1253
1570,1249
1570,1244
1570,1240
1570,1235
1570,1231
1570,1226
1569,1221
1569,1217
1569,1212
1569,1208
1569,1203
1568,1199
1568,1194
1568,1190
1568,1186
1567,1182
1567,1178
1566,1174
1566,1171
1565,1167
1565,1164
1564,1160
1564,1157
1563,1154
1563,1151
1562,1148
1561,1146
1560,1143
1560,1140
1559,1138
1558,1135
1557,1133
1557,1130
1556,1128
1555,1126
1554,1124
1553,1121
1553,1119
1552,1117
1551,1115
1550,1113
1550,1111
1549,1110
1548,1108
1547,1107
1546,1105
1545,1104
1545,1103
1544,1102
1543,1102
1542,1101
1541,1101
1539,1101
1538,1101
1537,1102
1536,1102
1535,1103
1534,1103
1532,1104
1531,1105
1530,1106
1528,1107
1527,1108
1526,1109
1524,1110
1523,1111
1521,1112
1520,1113
1518,1114
1517,1115
1515,1117
1514,1118
1512,1119
1511,1120
1509,1121
1508,1122
1506,1123
1505,1125
1503,1126
1502,1127
1500,1129
1499,1130
1497,1132
1496,1133
1494,1135
1492,1136
1491,1138
1489,1140
1487,1141
1486,1143
1484,1145
1483,1146
1481,1148
1479,1149
1478,1151
1476,1153
1475,1154
1473,1156
1471,1158
1470,1159
1468,1161
1467,1162
1465,1163
1463,1164
1462,1166
1460,1167
1459,1168
1457,1169
1455,1170
1454,1171
1452,1172
1450,1172
1449,1173
1447,1174
1445,1174
1443,1175
1442,1175
1440,1176
1438,1176
1436,1177
1434,1177
1432,1178
1430,1178
1428,1178
1426,1179
1424,1179
1422,1180
1420,1180
1418,1180
1416,1181
1413,1181
1411,1181
1409,1182
1407,1182
1404,1182
1402,1183
1400,1183
1397,1183
1395,1183
1393,1184
1390,1184
1388,1184
1386,1184
1383,1184
1381,1184
1378,1184
1376,1183
1374,1183
1371,1183
1369,1182
1366,1181
1364,1180
1361,1179
1359,1178
1357,1177
1354,1176
1352,1174
1349,1173
1347,1171
1344,1169
1342,1168
1339,1166
1337,1164
1335,1162
1332,1160
1330,1158
1328,1156
1325,1154
1323,1152
1320,1150
1318,1148
1316,1146
1314,1144
1311,1142
1309,1141
1307,1139
1305,1138
1303,1137
1301,1136
1299,1136
1297,1135
1295,1135
1293,1135
1291,1135
1289,1136
1287,1136
1285,1137
1284,1138
1282,1139
1280,1140
1279,1142
1277,1143
1276,1145
1274,1147
1273,1149
1272,1151
1271,1153
1270,1155
1268,1158
1268,1160
1267,1162
1266,1165
1265,1167
1265,1170
1264,1172
1264,1175
1263,1177
1263,1180
1263,1182
1263,1185
1263,1187
1263,1190
1263,1192
1263,1195
1263,1197
1264,1200
1264,1202
1265,1205
1265,1207
1266,1210
1267,1212
1267,1215
1268,1217
1269,1220
1270,1223
1271,1225
1272,1228
1273,1230
1274,1233
1276,1236
1277,1238
1278,1241
1279,1244
1281,1246
1282,1249
1283,1251
1285,1254
1286,1257
1287,1259
1289,1262
1290,1264
1292,1267
1293,1269
1295,1272
1296,1274
1298,1276
1299,1278
1301,1281
1303,1283
1304,1285
1306,1287
1308,1289
1309,1291
1311,1293
1313,1295
1315,1297
1317,1299
1319,1301
1320,1303
1322,1305
1324,1306
1326,1308
1329,1310
1331,1312
1333,1314
1335,1316
1337,1318
1339,1320
1341,1322
1343,1324
1345,1326
1347,1328
1349,1330
1351,1332
1353,1334
1355,1336
1357,1338
1359,1340
1360,1342
1362,1343
1363,1345
1365,1347
1366,1349
1367,1351
1368,1352
1369,1354
1369,1356
1370,1358
1370,1359
1371,1361
1371,1362
1371,1364
1371,1366
1371,1367
1370,1368
1370,1370
1369,1371
1368,1372
1367,1373
1367,1374
1365,1374
1364,1375
1363,1375
1362,1375
1361,1375
1359,1375
1358,1374
1357,1374
1355,1373
1354,1372
1353,1370
1352,1369
1350,1367
1349,1365
1348,1362
1347,1360
1347,1358
1346,1356
1345,1353
1345,1351
1344,1349
1344,1347
1343,1345
1343,1343
1343,1342
1343,1340
1343,1339
1343,1338
1343,1337
1343,1337
1343,1336
1344,1336
1344,1336
1344,1335
1344,1335
1344,1335
1345,1335
1345,1334
1345,1333
1345,1332
1345,1331
1345,1329
1344,1327
1344,1324
1344,1321
1343,1317
1343,1313
1342,1309
1342,1303
1341,1298
1340,1292
1339,1285
1339,1278
1338,1271
1337,1264
1336,1256
1335,1249
1335,1241
1334,1233
1333,1225
1332,1217
1331,1209
1331,1202
1330,1194
1329,1187
1329,1180
1328,1174
1327,1167
1327,1161
1326,1155
1325,1150
1325,1144
1324,1139
1324,1134
1323,1130
1323,1126
1323,1122
1322,1118
1322,1115
1321,1112
1321,1109
1320,1106
1320,1103
1320,1101
1319,1098
1319,1096
1318,1094
1318,1092
1318,1090
1317,1088
1317,1087
1317,1085
1317,1084
1317,1083
1316,1081
1316,1080
1316,1079
1316,1078
1316,1077
1316,1076
1316,1075
1316,1074
1316,1072
1316,1071
1316,1070
1316,1069
1316,1068
1316,1067
1316,1067
1317,1066
1317,1065
1317,1065
1317,1064
1317,1064
1317,1064
1318,1063
1318,1063
1318,1062
1318,1061
1318,1061
1319,1060
1319,1059
1319,1058
1319,1056
1320,1055
1320,1053
1320,1052
1320,1050
1321,1049
1321,1047
1321,1045
1321,1044
1322,1042
1322,1040
1322,1039
1322,1037
1322,1035
1323,1034
1323,1033
1323,1031
1323,1030
1324,1030
1324,1029
1324,1030
1324,1030
1324,1031
1325,1033
1325,1035
1325,1037
1325,1040
1326,1044
1326,1047
1326,1051
1326,1055
1326,1058
1327,1062
1327,1066
1327,1069
1327,1072
1327,1075
1328,1077
1328,1079
1328,1080
1328,1081
1328,1082
1328,1081
1328,1081
1328,1080
1328,1079
1328,1077
1327,1075
1327,1073
1327,1070
1327,1068
1327,1065
1327,1062
1326,1059
1326,1057
1326,1054
1326,1051
1325,1048
1325,1046
1325,1044
1325,1042
1324,1040
1324,1039
1324,1038
1323,1038
1323,1038
1322,1038
1322,1038
1322,1039
1321,1039
1321,1040
1320,1041
1320,1042
1319,1042
1319,1043
1318,1044
1318,1045
1317,1045
1317,1046
1316,1047
1316,1048
1315,1049
1314,1049
1314,1050
1313,1052
1312,1053
1312,1054
1311,1056
1310,1057
1310,1059
1309,1061
1308,1062
1307,1064
1307,1066
1306,1068
1305,1070
1304,1072
1303,1074
1302,1076
1302,1078
1301,1079
1300,1081
1299,1082
1298,1084
1297,1085
1296,1087
1295,1088
1294,1089
1293,1090
1292,1091
1291,1092
1290,1093
1289,1094
1288,1095
1287,1096
1286,1097
1285,1098
1284,1099
1283,1100
1282,1101
1281,1102
1279,1103
1278,1105
1277,1106
1276,1107
1275,1109
1273,1110
1272,1112
1271,1113
1270,1115
1268,1116
1267,1118
1266,1119
1265,1120
1263,1122
1262,1123
1261,1125
1260,1126
1258,1128
1257,1129
1256,1130
1255,1132
1253,1133
1252,1134
1251,1136
1250,1137
1248,1139
1247,1140
1246,1141
1245,1143
1243,1144
1242,1146
1241,1147
1240,1148
1238,1150
1237,1151
1236,1152
1235,1154
1234,1155
1232,1156
1231,1157
1230,1159
1229,1160
1227,1161
1226,1162
1225,1163
1223,1164
1222,1165
1221,1166
1220,1167
1218,1168
1217,1169
1216,1170
1214,1171
1213,1172
1212,1172
1210,1173
1209,1174
1208,1175
1206,1176
1205,1176
1204,1177
1202,1178
1201,1179
1199,1179
1198,1180
1197,1181
1195,1181
1194,1181
1193,1182
1191,1182
1190,1183
1188,1183
1187,1183
1186,1183
1184,1184
1183,1184
1181,1184
1180,1184
1179,1185
1177,1185
1176,1185
1175,1186
1173,1186
1172,1187
1170,1187
1169,1188
1168,1188
1166,1189
1165,1190
1164,1191
1162,1191
1161,1192
1160,1193
1158,1194
1157,1195
1156,1196
1154,1197
1153,1198
1152,1199
1150,1200
1149,1201
1148,1201
1146,1202
1145,1203
1144,1203
1142,1204
1141,1205
1139,1205
1138,1206
1137,1206
1135,1206
1134,1207
1132,1207
1131,1207
1129,1208
1128,1208
1127,1209
1125,1209
1124,1210
1122,1210
1121,1211
1119,1212
1118,1213
1117,1213
1115,1214
1114,1215
1113,1216
1111,1217
1110,1217
1108,1218
1107,1219
1106,1220
1104,1221
1103,1221
1101,1222
1100,1223
1099,1223
1097,1224
1096,1225
1094,1225
1093,1226
1092,1226
1090,1227
1089,1227
1087,1228
1086,1228
1084,1229
1083,1229
1082,1229
1080,1229
1079,1229
1077,1229
1075,1229
1074,1228
1072,1228
1071,1228
1069,1227
1068,1227
1066,1226
1065,1226
1063,1226
1061,1225
1060,1225
1058,1225
1057,1225
1055,1224
1054,1224
1053,1225
1051,1225
1050,1225
1049,1226
1047,1226
1046,1227
1045,1228
1044,1228
1043,1229
1042,1230
1041,1231
1040,1232
1039,1232
1038,1233
1037,1234
1036,1234
1035,1234
1034,1235
1033,1235
1032,1234
1031,1234
1030,1234
1029,1233
1028,1232
1027,1230
1026,1229
1025,1227
1024,1225
1023,1223
1022,1221
1021,1218
1020,1216
1019,1214
1018,1211
1017,1209
1016,1206
1016,1204
1015,1202
1014,1200
1014,1197
1013,1195
1013,1194
1012,1192
1012,1190
1012,1189
1012,1188
1012,1186
1012,1185
1012,1184
1012,1183
1012,1182
1013,1182
1013,1181
1013,1180
1013,1179
1014,1178
1014,1177
1015,1176
1015,1175
1016,1174
1016,1173
1017,1172
1017,1170
1018,1169
1018,1168
1019,1166
1019,1164
1020,1163
1020,1161
1021,1159
1021,1157
1022,1155
1022,1152
1023,1150
1024,1148
1024,1145
1025,1143
1025,1140
1026,1137
1027,1135
1027,1132
1028,1130
1028,1127
1029,1124
1030,1122
1031,1119
1031,1117
1032,1115
1033,1112
1033,1110
1034,1107
1035,1105
1035,1103
1036,1101
1037,1099
1038,1097
1038,1095
1039,1093
1040,1091
1040,1089
1041,1088
1041,1086
1042,1085
1043,1083
1043,1082
1044,1081
1044,1080
1045,1079
1046,1078
1046,1077
1047,1076
1047,1076
1048,1075
1048,1074
1049,1074
1049,1073
1050,1072
1050,1071
1051,1070
1051,1069
1051,1068
1051,1066
1052,1065
1052,1064
1052,1062
1052,1060
1053,1059
1053,1057
1053,1055
1053,1052
1053,1050
1053,1048
1053,1045
1052,1043
1052,1040
1052,1038
1052,1035
1052,1032
1052,1030
1051,1027
1051,1025
1051,1022
1051,1020
1051,1018
1051,1016
1051,1014
1051,1012
1050,1010
1050,1008
1050,1006
1050,1004
1050,1002
1050,1001
1050,999
1050,997
1050,995
1050,994
1050,992
1050,990
1050,988
1050,987
1049,985
1049,983
1049,980
1049,978
1049,976
1049,973
1048,971
1048,968
1048,966
1048,963
1048,960
1047,957
1047,955
1047,952
1047,949
1047,947
1047,944
1047,942
1047,940
1047,937
1047,935
1047,933
1047,931
1047,929
1047,927
1047,926
1048,924
1048,922
1048,920
1049,918
1049,917
1050,915
1050,913
1051,912
1052,910
1053,909
1054,908
1054,906
1055,905
1057,904
1058,902
1059,901
1060,900
1061,899
1063,898
1064,897
1066,896
1067,895
1069,895
1071,894
1073,894
1075,894
1076,894
1078,894
1080,895
1082,895
1085,896
1087,897
1089,898
1091,899
1093,900
1095,901
1097,902
1099,903
1101,904
1103,905
1105,905
1107,906
1108,907
1110,907
1112,907
1113,908
1115,908
1116,908
1118,908
1119,908
1120,909
1121,909
1123,909
1124,909
1125,909
1126,910
1127,910
1128,911
1129,912
1130,912
1131,913
1131,915
1132,916
1133,918
1134,919
1135,921
1136,923
1137,925
1137,928
1138,930
1139,932
1140,935
1140,937
1141,940
1142,942
1142,945
1143,947
1144,950
1144,952
1145,955
1145,957
1146,960
1146,962
1147,965
1147,968
1148,971
1148,974
1148,976
1149,979
1149,982
1150,985
1150,989
1150,992
1151,995
1151,998
1151,1002
1152,1005
1152,1009
1152,1012
1153,1016
1153,1019
1153,1022
1154,1026
1154,1029
1154,1032
1155,1036
1155,1039
1155,1042
1156,1045
1156,1048
1156,1051
1156,1053
1156,1056
1157,1059
1157,1062
1157,1064
1157,1067
1157,1070
1157,1072
1157,1075
1157,1078
1157,1081
1157,1083
1157,1086
1157,1089
1157,1092
1157,1095
1156,1098
1156,1101
1156,1104
1155,1107
1155,1110
1154,1113
1154,1116
1153,1119
1152,1122
1152,1125
1151,1128
1150,1131
1149,1134
1148,1137
1148,1139
1147,1142
1146,1145
1144,1148
1143,1150
1142,1153
1141,1156
1140,1158
1139,1161
1138,1163
1136,1166
1135,1168
1134,1170
1133,1173
1131,1175
1130,1178
1129,1180
1128,1182
1126,1185
1125,1187
1124,1189
1123,1192
1121,1194
1120,1196
1119,1198
1118,1201
1117,1203
1115,1205
1114,1207
1113,1209
1112,1211
1111,1213
1110,1215
1109,1217
1108,1219
1107,1221
1106,1223
1105,1225
1104,1227
1103,1228
1102,1230
1102,1232
1101,1233
1100,1234
1099,1236
1099,1237
1098,1238
1097,1239
1097,1239
1096,1240
1096,1240
1095,1240
1095,1241
1094,1240
1094,1240
1093,1240
1093,1239
1093,1238
1092,1237
1092,1236
1092,1234
1091,1233
1091,1231
1091,1229
1091,1227
1090,1225
1090,1222
1090,1220
1090,1218
1089,1215
1089,1212
1089,1210
1088,1207
1088,1205
1087,1202
1087,1200
1086,1197
1086,1195
1085,1192
1084,1190
1083,1187
1082,1185
1081,1183
1080,1180
1079,1178
1077,1175
1076,1173
1075,1171
1073,1168
1071,1166
1070,1163
1068,1161
1066,1158
1064,1155
1062,1153
1060,1150
1058,1147
1056,1144
1053,1141
1051,1138
1049,1136
1047,1133
1045,1131
1043,1128
1041,1126
1039,1124
1037,1123
1035,1122
1034,1121
1032,1120
1031,1120
1030,1120
1029,1120
1028,1121
1027,1122
1026,1123
1025,1124
1024,1126
1023,1127
1023,1129
1022,1131
1021,1132
1020,1133
1019,1135
1018,1136
1017,1137
1016,1137
1014,1138
1013,1138
1011,1138
1010,1138
1008,1137
1006,1136
1004,1135
1002,1134
1000,1132
998,1130
996,1129
994,1127
992,1125
991,1122
989,1120
987,1118
986,1116
984,1114
983,1112
982,1110
981,1109
980,1107
979,1106
979,1105
979,1104
979,1103
979,1102
979,1102
979,1101
980,1101
980,1101
981,1101
981,1101
982,1100
982,1100
983,1100
984,1101
984,1101
985,1101
986,1101
986,1102
987,1102
988,1103
988,1104
989,1105
990,1106
990,1107
991,1109
992,1110
992,1112
993,1113
993,1115
994,1117
994,1119
994,1120
995,1122
995,1124
995,1126
995,1127
996,1129
996,1131
996,1132
996,1134
996,1135
995,1136
995,1137
995,1138
995,1139
995,1140
994,1140
994,1141
994,1141
993,1141
993,1141
993,1142
992,1142
992,1142
992,1142
991,1142
991,1143
991,1143
990,1143
990,1144
990,1144
990,1145
989,1145
989,1146
989,1147
989,1148
988,1149
988,1150
988,1151
987,1152
987,1153
987,1154
986,1156
986,1157
986,1158
985,1160
985,1161
985,1162
984,1164
984,1165
984,1166
984,1167
984,1168
984,1170
984,1171
984,1172
984,1173
985,1174
985,1175
986,1176
987,1177
987,1179
988,1180
989,1181
990,1183
992,1184
993,1185
994,1187
995,1188
997,1190
998,1191
1000,1192
1001,1194
1003,1195
1004,1196
1005,1198
1007,1199
1008,1200
1010,1201
1011,1203
1012,1204
1013,1205
1015,1206
1016,1207
1017,1209
1018,1210
1019,1211
1020,1212
1021,1213
1022,1215
1023,1216
1024,1218
1025,1220
1026,1221
1027,1223
1028,1225
1028,1227
1029,1230
1030,1232
1031,1234
1032,1237
1033,1240
1033,1243
1034,1246
1035,1249
1036,1252
1036,1255
1037,1258
1038,1261
1038,1264
1039,1268
1039,1271
1040,1274
1040,1277
1041,1280
1041,1282
1041,1285
1042,1288
1042,1290
1042,1293
1042,1295
1042,1298
1042,1300
1042,1302
1041,1304
1041,1306
1041,1308
1040,1309
1040,1311
1039,1312
1039,1314
1038,1315
1037,1316
1037,1317
1036,1317
1035,1318
1034,1318
1033,1319
1032,1319
1031,1319
1029,1319
1028,1319
1027,1319
1026,1319
1024,1319
1023,1319
1022,1319
1020,1319
1019,1319
1017,1319
1016,1319
1015,1319
1013,1319
1012,1319
1011,1319
1010,1319
1008,1319
1007,1319
1006,1319
1004,1320
1003,1320
1002,1320
1001,1320
999,1320
998,1320
997,1320
996,1321
994,1321
993,1320
991,1320
990,1320
989,1320
987,1319
986,1319
984,1318
983,1317
981,1316
980,1315
978,1314
976,1313
975,1312
973,1311
972,1310
970,1309
969,1307
967,1306
966,1305
964,1303
962,1302
961,1300
960,1299
958,1297
957,1296
955,1294
954,1293
952,1291
951,1289
950,1287
948,1286
947,1284
946,1282
944,1280
943,1279
942,1277
941,1275
939,1273
938,1272
937,1270
936,1268
935,1267
934,1265
933,1264
932,1263
931,1261
930,1260
929,1259
928,1258
927,1256
926,1255
926,1254
925,1253
924,1251
923,1250
923,1249
922,1247
921,1246
921,1244
920,1242
919,1240
919,1238
918,1236
917,1234
917,1231
916,1229
915,1226
915,1223
914,1220
913,1217
913,1214
912,1211
912,1208
911,1205
911,1202
911,1199
911,1197
910,1194
910,1191
910,1188
910,1186
910,1184
910,1181
911,1179
911,1177
911,1175
912,1173
912,1171
913,1169
914,1167
915,1165
915,1163
916,1161
917,1159
918,1156
919,1154
920,1152
922,1150
923,1147
924,1145
926,1142
927,1140
928,1137
930,1134
932,1132
933,1129
935,1126
937,1124
939,1121
941,1118
943,1116
945,1113
947,1110
949,1108
951,1105
953,1103
956,1100
958,1097
961,1095
963,1092
966,1089
968,1087
971,1084
973,1081
976,1079
979,1076
981,1073
984,1071
987,1068
990,1066
992,1063
995,1061
998,1059
1001,1057
1004,1055
1007,1053
1011,1052
1014,1051
1017,1049
1020,1048
1024,1048
1027,1047
1030,1046
1034,1046
1037,1045
1041,1045
1045,1045
1048,1045
1052,1046
1056,1046
1059,1046
1063,1047
1067,1047
1071,1048
1074,1048
1078,1049
1082,1049
1086,1050
1090,1050
1093,1051
1097,1051
1101,1052
1105,1052
1108,1052
1112,1053
1116,1053
1120,1054
1123,1054
1127,1055
1131,1055
1134,1056
1138,1056
1141,1057
1145,1057
1148,1058
1152,1059
1155,1059
1159,1060
1162,1061
1166,1062
1169,1062
1172,1063
1176,1064
1179,1065
1182,1066
1185,1067
1189,1068
1192,1069
1195,1070
1198,1070
1201,1071
1204,1072
1207,1073
1210,1074
1213,1075
1216,1076
1218,1078
1221,1079
1224,1080
1227,1081
1229,1083
1232,1084
1235,1085
1237,1087
1240,1088
1242,1090
1244,1092
1247,1094
1249,1096
1251,1098
1253,1100
1255,1102
1257,1104
1259,1107
1261,1109
1263,1112
1265,1114
1266,1117
1268,1120
1269,1123
1271,1126
1272,1128
1273,1131
1275,1134
1276,1136
1277,1139
1278,1141
1278,1143
1279,1145
1280,1147
1281,1149
1281,1151
1282,1153
1282,1154
1282,1156
1283,1157
1283,1159
1283,1160
1283,1162
1284,1163
1284,1165
1284,1166
1283,1168
1283,1170
1283,1171
1283,1173
1283,1174
1282,1176
1282,1178
1282,1179
1281,1181
1280,1183
1280,1184
1279,1186
1278,1187
1278,1189
1277,1190
1276,1192
1275,1193
1274,1194
1273,1195
1272,1196
1271,1197
1270,1198
1269,1198
1268,1199
1267,1199
1266,1199
1265,1199
1264,1199
1263,1199
1262,1199
1261,1199
1260,1199
1259,1199
1258,1199
1257,1199
1256,1199
1255,1200
1255,1200
1254,1200
1253,1200
1253,1200
1252,1201
1252,1201
1251,1201
1251,1201
1251,1201
1251,1202
1251,1202
1251,1202
1251,1202
1251,1201
1251,1201
1252,1201
1252,1200
1253,1199
1253,1198
1254,1197
1255,1195
1256,1194
1257,1192
1258,1190
1259,1187
1261,1185
1262,1182
1264,1179
1265,1175
1267,1172
1268,1168
1270,1164
1271,1161
1273,1156
1275,1152
1277,1148
1279,1144
1280,1139
1282,1135
1284,1131
1286,1126
1288,1122
1290,1118
1291,1113
1293,1109
1295,1105
1297,1100
1299,1096
1301,1092
1303,1087
1305,1083
1307,1079
1309,1074
1312,1070
1314,1066
1316,1062
1318,1057
1321,1053
1323,1049
1325,1045
1328,1041
1330,1036
1333,1032
1335,1028
1338,1024
1340,1020
1343,1016
1346,1012
1348,1008
1351,1004
1354,1000
1357,996
1360,993
1362,989
1365,986
1368,983
1371,979
1374,976
1377,973
1380,970
1383,966
1386,963
1389,960
1392,956
1395,953
1398,949
1401,946
1405,942
1408,939
1411,935
1414,931
1417,927
1420,923
1423,919
1426,915
1429,911
1433,907
1436,902
1439,898
1442,893
1445,889
1448,884
1452,880
1455,875
1458,871
1461,866
1464,862
1467,857
1471,852
1474,848
1477,843
1480,839
1484,834
1487,830
1490,826
1493,821
1497,817
1500,813
1503,809
1507,805
1510,801
1513,797
1517,793
1520,789
1524,785
1527,782
1531,778
1534,774
1537,771
1541,767
1544,764
1548,761
1551,757
1555,754
1558,751
1561,748
1565,744
1568,741
1572,737
1575,734
1579,730
1582,727
1585,723
1589,719
1592,715
1596,711
1599,707
1602,703
1606,699
1609,696
1612,692
1615,688
1618,685
1621,681
1624,678
1627,675
1630,672
1633,668
1636,665
1638,662
1641,659
1643,656
1646,654
1648,651
1651,648
1653,645
1655,643
1657,640
1660,638
1662,635
1664,633
1666,630
1668,628
1669,625
1671,623
1673,620
1675,618
1676,615
1678,613
1679,610
1681,608
1682,605
1684,603
1685,600
1686,598
1687,595
1689,593
1690,590
1691,588
1692,586
1693,583
1694,581
1695,579
1696,577
1696,575
1697,573
1698,571
1698,569
1699,567
1700,565
1700,564
1701,562
1701,560
1701,558
1702,557
1702,556
1702,555
1702,554
1702,553
1702,552
1702,551
1702,550
1702,550
1702,550
1701,550
1701,550
1701,550
1700,551
1699,551
1699,552
1698,553
1697,554
1697,555
1696,555
1695,556
1694,557
1693,558
1692,558
1691,559
1690,560
1689,561
1688,562
1686,564
1685,565
1684,567
1683,569
1681,571
1680,574
1679,576
1677,579
1676,581
1674,584
1673,586
1672,589
1670,591
1669,593
1667,595
1666,596
1664,598
1663,599
1661,600
1660,601
1658,601
1657,601
1656,601
1654,600
1653,599
1652,598
1650,597
1649,596
1648,595
1647,594
1645,593
1644,593
1643,592
1641,592
1640,593
1639,594
1638,595
1636,597
1635,600
1634,603
1632,607
1631,611
1630,616
1629,621
1628,626
1626,631
1625,637
1624,642
1623,647
1623,652
1622,657
1621,662
1620,666
1620,669
1619,673
1618,676
1618,678
1618,681
1617,683
1617,684
1617,685
1616,687
1616,688
1616,689
1616,690
1615,691
1615,692
1615,694
1615,696
1614,698
1614,700
1614,703
1613,706
1613,709
1613,713
1612,717
1612,721
1612,726
1611,730
1611,735
1611,740
1611,744
1610,749
1610,753
1610,757
1611,761
1611,765
1611,768
1611,772
1612,775
1612,778
1613,780
1613,783
1614,785
1615,788
1616,790
1617,792
1617,795
1618,797
1619,800
1620,802
1621,805
1622,808
1623,811
1623,815
1624,819
1625,823
1626,827
1627,831
1628,836
1628,841
1629,846
1630,851
1631,856
1632,862
1633,867
1634,872
1635,877
1636,882
1637,888
1638,893
1640,898
1641,903
1642,909
1644,914
1645,919
1647,924
1649,929
1650,934
1652,939
1654,943
1656,948
1658,953
1661,957
1663,962
1665,967
1668,971
1670,976
1673,981
1675,986
1678,991
1681,996
1684,1001
1687,1006
1690,1011
1693,1016
1696,1021
1699,1026
1703,1030
1706,1035
1710,1040
1714,1045
1717,1049
1721,1054
1725,1058
1729,1063
1733,1067
1737,1071
1741,1076
1746,1080
1750,1084
1754,1088
1759,1092
1763,1095
1768,1099
1773,1103
1777,1106
1782,1110
1787,1114
1792,1117
1796,1121
1801,1124
1806,1128
1810,1131
1815,1135
1819,1139
1824,1143
1828,1146
1832,1151
1836,1155
1839,1159
1843,1163
1847,1167
1850,1172
1854,1176
1857,1180
1861,1184
1864,1188
1868,1192
1871,1196
1875,1199
1879,1202
1883,1205
1887,1208
1891,1211
1895,1213
1900,1216
1904,1218
1909,1220
1914,1221
1919,1222
1925,1224
1930,1224
1936,1225
1941,1226
1947,1226
1953,1227
1959,1227
1965,1227
1971,1228
1976,1228
1982,1228
1988,1229
1994,1229
1999,1230
2005,1231
2010,1231
2015,1232
2020,1234
2025,1235
2030,1236
2035,1238
2039,1239
2044,1241
2048,1243
2052,1244
2056,1246
2061,1247
2065,1249
2069,1250
2073,1252
2078,1253
2082,1255
2086,1256
2090,1257
2094,1259
2098,1260
2103,1261
2107,1262
2111,1263
2115,1264
2119,1265
2123,1266
2127,1267
2130,1268
2134,1269
2138,1270
2142,1271
2145,1272
2149,1272
2153,1273
2156,1274
2159,1275
2163,1275
2166,1276
2169,1277
2173,1277
2176,1278
2179,1278
2182,1279
2185,1279
2187,1279
2190,1280
2193,1280
2195,1280
2198,1280
2201,1281
2203,1281
2206,1280
2208,1280
2210,1280
2213,1280
2215,1279
2217,1279
2220,1278
2222,1277
2224,1276
2226,1276
2228,1275
2231,1274
2233,1272
2235,1271
2237,1270
2239,1269
2241,1267
2242,1266
2244,1265
2246,1263
2247,1262
2249,1261
2250,1260
2251,1259
2253,1258
2253,1257
2254,1256
2255,1255
2256,1254
2256,1254
2257,1253
2257,1252
2257,1252
2257,1251
2257,1250
2257,1250
2257,1249
2257,1248
2257,1248
2257,1247
2257,1245
2257,1244
2258,1243
2258,1241
2258,1239
2259,1237
2259,1234
2260,1232
2260,1229
2261,1227
2261,1224
2262,1221
2262,1218
2263,1215
2263,1212
2264,1210
2264,1207
2265,1204
2265,1201
2265,1198
2265,1195
2265,1193
2265,1190
2265,1188
2264,1186
2264,1184
2263,1182
2262,1180
2261,1179
2260,1177
2259,1176
2258,1175
2256,1174
2255,1173
2253,1172
2251,1172
2249,1171
2247,1171
2245,1170
2243,1170
2241,1170
2239,1169
2237,1169
2235,1169
2233,1168
2231,1168
2229,1167
2227,1166
2225,1166
2223,1165
2222,1165
2220,1164
2218,1164
2215,1163
2213,1163
2211,1162
2209,1162
2207,1162
2205,1161
2203,1161
2201,1161
2199,1161
2197,1160
2195,1160
2192,1160
2190,1160
2188,1159
2186,1159
2184,1159
2181,1160
2179,1160
2177,1160
2174,1160
2172,1160
2170,1160
2168,1161
2165,1161
2163,1161
2161,1161
2159,1161
2156,1162
2154,1162
2152,1162
2150,1162
2148,1162
2146,1163
2144,1163
2142,1163
2139,1163
2137,1163
2135,1164
2133,1164
2131,1164
2130,1164
2128,1164
2126,1164
2124,1164
2122,1164
2120,1165
2118,1165
2116,1165
2114,1165
2112,1166
2111,1166
2109,1166
2107,1167
2105,1167
2103,1168
2101,1168
2099,1169
2097,1170
2095,1171
2093,1172
2090,1173
2088,1174
2086,1175
2084,1176
2082,1177
2079,1179
2077,1180
2075,1182
2072,1183
2070,1185
2068,1186
2065,1188
2063,1189
2061,1191
2058,1193
2056,1194
2054,1196
2051,1197
2049,1199
2047,1200
2044,1201
2042,1202
2040,1203
2038,1204
2036,1205
2034,1206
2032,1207
2030,1208
2028,1209
2026,1210
2024,1211
2022,1212
2020,1212
2018,1213
2017,1214
2015,1215
2013,1216
2011,1217
2009,1217
2007,1218
2006,1219
2004,1220
2002,1220
2000,1221
1998,1222
1997,1223
1995,1224
1993,1224
1991,1225
1990,1226
1988,1227
1986,1228
1985,1229
1983,1230
1981,1231
1979,1232
1978,1233
1976,1233
1974,1234
1972,1235
1971,1236
1969,1237
1967,1239
1966,1240
1964,1241
1962,1242
1961,1243
1959,1244
1957,1245
1956,1246
1954,1248
1953,1249
1951,1250
1949,1251
1948,1253
1946,1254
1945,1255
1943,1256
1942,1258
1940,1259
1939,1260
1937,1261
1936,1263
1934,1264
1933,1265
1931,1267
1930,1268
1928,1269
1927,1271
1925,1272
1924,1273
1923,1275
1921,1276
1920,1277
1919,1278
1917,1280
1916,1281
1915,1282
1913,1284
1912,1285
1911,1287
1909,1289
1908,1290
1906,1292
1905,1294
1903,1295
1902,1297
1901,1299
1899,1300
1898,1302
1897,1303
1896,1305
1894,1306
1893,1307
1892,1308
1891,1309
1890,1311
1889,1312
1888,1313
1888,1314
1887,1314
1886,1315
1885,1316
1884,1317
1884,1318
1883,1319
1882,1319
1881,1320
1881,1321
1880,1322
1879,1323
1878,1324
1878,1325
1877,1326
1876,1327
1875,1328
1874,1329
1873,1330
1872,1331
1871,1332
1871,1333
1870,1334
1869,1335
1867,1337
1866,1338
1865,1339
1864,1340
1863,1341
1863,1342
1862,1343
1861,1344
1860,1344
1859,1345
1858,1346
1858,1347
1857,1348
1857,1348
1856,1349
1856,1350
1856,1350
1856,1351
1856,1352
1856,1353
1857,1353
1857,1354
1857,1355
1858,1356
1859,1357
1860,1358
1860,1359
1861,1360
1862,1361
1864,1362
1865,1363
1866,1364
1867,1365
1869,1366
1870,1367
1871,1368
1873,1369
1874,1370
1875,1371
1876,1372
1878,1373
1879,1374
1880,1374
1881,1375
1881,1376
1882,1377
1883,1377
1883,1378
1884,1378
1884,1379
1884,1379
1884,1380
1883,1380
1883,1380
1883,1380
1882,1380
1881,1380
1880,1379
1879,1379
1878,1379
1877,1378
1875,1378
1874,1377
1872,1377
1870,1376
1868,1376
1866,1375
1864,1374
1862,1374
1859,1373
1857,1372
1855,1372
1853,1371
1851,1370
1848,1369
1846,1368
1844,1368
1842,1367
1841,1366
1839,1365
1837,1364
1836,1364
1834,1363
1833,1362
1832,1361
1831,1361
1830,1360
1830,1359
1829,1359
1829,1358
1829,1357
1829,1356
1829,1356
1830,1355
1830,1354
1831,1353
1832,1353
1832,1352
1833,1351
1834,1350
1835,1349
1837,1348
1838,1347
1839,1346
1840,1345
1842,1344
1843,1342
1844,1341
1846,1340
1847,1339
1848,1337
1850,1336
1851,1334
1852,1333
1853,1332
1854,1330
1855,1329
1856,1328
1857,1327
1858,1326
1859,1325
1859,1324
1860,1323
1860,1322
1861,1321
1861,1320
1861,1319
1862,1317
1862,1316
1862,1315
1862,1314
1862,1313
1862,1311
1862,1310
1862,1309
1861,1307
1861,1306
1861,1305
1860,1304
1860,1302
1859,1301
1858,1300
1857,1299
1857,1297
1856,1296
1855,1295
1854,1293
1853,1292
1852,1290
1851,1289
1850,1287
1849,1285
1848,1283
1847,1281
1846,1278
1845,1276
1843,1273
1842,1271
1841,1268
1840,1266
1839,1263
1838,1260
1837,1257
1836,1254
1835,1251
1834,1248
1832,1245
1831,1241
1830,1238
1829,1235
1828,1232
1826,1229
1825,1226
1824,1223
1822,1220
1821,1217
1819,1215
1818,1212
1816,1210
1814,1207
1812,1205
1810,1203
1808,1201
1807,1198
1805,1196
1803,1194
1801,1191
1799,1189
1797,1187
1795,1184
1793,1181
1791,1179
1789,1176
1787,1173
1785,1170
1783,1167
1781,1164
1779,1161
1777,1158
1775,1155
1773,1151
1772,1148
1770,1145
1768,1141
1766,1137
1764,1133
1763,1129
1761,1124
1759,1120
1758,1115
1756,1110
1754,1105
1753,1100
1751,1096
1749,1091
1748,1086
1746,1081
1745,1076
1743,1071
1741,1066
1740,1062
1738,1057
1736,1053
1734,1049
1733,1045
1731,1041
1729,1037
1727,1034
1725,1030
1723,1027
1721,1024
1719,1022
1717,1019
1715,1017
1712,1015
1710,1013
1708,1011
1706,1009
1704,1007
1702,1005
1700,1003
1698,1001
1696,999
1694,997
1692,995
1690,992
1688,990
1686,987
1685,984
1683,981
1681,978
1680,975
1678,972
1677,969
1675,966
1674,962
1672,959
1671,956
1669,953
1668,950
1666,947
1665,944
1663,941
1662,938
1660,935
1659,932
1658,929
1656,927
1655,924
1653,922
1652,919
1650,917
1649,915
1647,913
1646,911
1644,909
1643,907
1641,905
1640,903
1638,901
1637,899
1635,897
1634,895
1632,893
1631,891
1629,889
1628,887
1626,885
1625,883
1623,881
1622,878
1620,876
1619,874
1617,871
1616,868
1614,866
1613,863
1611,860
1609,858
1608,855
1606,852
1605,849
1603,846
1602,843
1600,841
1599,838
1597,835
1595,832
1594,829
1592,826
1590,824
1589,821
1587,819
1585,817
1583,815
1581,813
1580,811
1578,809
1576,807
1574,806
1572,805
1570,803
1568,802
1567,801
1565,800
1563,799
1561,798
1559,798
1557,797
1555,796
1553,796
1551,795
1549,795
1548,794
1546,794
1544,793
1542,793
1540,792
1538,791
1536,791
1534,790
1533,790
1531,790
1529,789
1527,790
1525,790
1523,790
1521,791
1520,792
1518,794
1516,796
1514,798
1512,801
1511,803
1509,807
1507,810
1505,813
1504,817
1502,821
1501,824
1499,828
1498,831
1496,834
1495,836
1494,839
1492,841
1491,842
1490,843
1489,844
1487,845
1486,845
1485,844
1483,844
1482,843
1481,842
1479,840
1478,839
1476,837
1475,835
1474,833
1472,831
1471,830
1469,828
1468,826
1466,824
1465,823
1463,821
1462,819
1460,818
1459,816
1457,814
1456,813
1454,810
1452,808
1451,806
1449,803
1448,799
1446,796
1444,792
1443,788
1441,784
1439,779
1437,774
1435,769
1433,765
1431,760
1428,755
1426,751
1424,747
1421,743
1418,740
1416,737
1413,736
1410,735
1407,734
1404,735
1402,736
1399,738
1396,740
1393,743
1391,747
1388,751
1386,756
1384,761
1382,766
1380,771
1378,776
1376,781
1375,785
1373,789
1372,793
1371,796
1371,798
1370,800
1370,801
1370,801
