2426,422
2425,423
2425,424
2423,426
2422,429
2420,432
2419,435
2417,439
2415,443
2413,446
2411,450
2409,453
2407,457
2406,460
2404,463
2403,466
2402,468
2401,470
2401,471
2400,473
2400,474
2400,474
2400,475
2401,475
2401,474
2402,474
2403,473
2405,472
2406,471
2408,469
2409,468
2411,466
2413,465
2415,463
2416,462
2418,461
2420,460
2421,460
2423,460
2424,460
2426,461
2427,462
2428,463
2430,464
2431,465
2432,467
2433,469
2435,470
2436,472
2438,473
2440,475
2442,476
2444,478
2446,479
2448,481
2451,482
2453,484
2456,485
2458,486
2461,488
2464,489
2467,490
2471,491
2474,492
2478,492
2481,493
2485,494
2488,495
2492,497
2495,498
2499,499
2502,501
2505,503
2509,505
2512,507
2515,509
2518,511
2521,514
2524,516
2527,519
2530,521
2533,524
2537,526
2540,529
2543,531
2546,533
2549,536
2553,538
2556,539
2560,541
2563,542
2567,543
2571,544
2575,545
2579,546
2583,546
2587,547
2591,547
2595,548
2599,548
2603,548
2607,549
2611,549
2614,550
2618,551
2621,552
2625,553
2628,554
2630,556
2633,558
2635,561
2637,564
2639,567
2640,571
2641,576
2641,580
2642,585
2642,590
2642,596
2642,601
2643,606
2643,611
2643,616
2644,620
2645,624
2646,628
2648,631
2650,634
2652,636
2654,638
2657,640
2659,641
2662,642
2665,643
2668,644
2671,645
2674,645
2676,646
2679,647
2681,649
2683,650
2685,652
2687,654
2688,656
2690,658
2691,661
2691,664
2692,667
2692,671
2692,675
2692,679
2691,683
2690,687
2689,692
2688,697
2687,702
2685,706
2684,711
2682,715
2681,719
2680,723
2679,726
2678,728
2677,730
2677,731
2678,732
2678,732
2679,731
2680,729
2681,728
2683,726
2684,723
2685,720
2687,718
2688,715
2689,712
2690,709
2691,706
2692,704
2693,701
2694,699
2694,696
2695,694
2695,692
2695,690
2695,689
2695,687
2695,686
2695,685
2695,684
2695,684
2694,684
2694,684
2693,684
2692,684
2691,685
2691,685
2690,686
2689,686
2689,686
2689,686
2688,686
2688,686
2689,685
2689,684
2689,683
2690,682
2690,681
2690,680
2691,679
2691,679
2691,678
2690,678
2690,678
2689,678
2688,679
2687,680
2686,681
2684,683
2682,685
2680,688
2677,690
2675,694
2672,697
2669,701
2666,705
2663,709
2659,713
2656,717
2653,721
2649,725
2646,729
2643,732
2639,736
2636,739
2633,742
2630,745
2626,748
2623,751
2620,753
2617,755
2614,757
2611,759
2608,761
2605,763
2602,764
2599,765
2596,766
2593,767
2590,767
2587,768
2584,768
2581,768
2579,767
2576,767
2574,766
2571,765
2569,763
2567,761
2566,759
2564,757
2563,755
2561,753
2560,751
2559,748
2558,746
2557,744
2556,742
2555,739
2555,736
2554,734
2554,731
2554,727
2554,724
2554,720
2554,716
2555,712
2556,708
2556,703
2557,699
2558,694
2559,689
2561,685
2562,680
2563,675
2564,670
2565,665
2566,660
2567,656
2569,651
2569,646
2570,642
2571,638
2571,634
2572,630
2572,626
2572,623
2571,621
2571,619
2570,617
2569,615
2568,614
2566,614
2564,614
2562,614
2560,615
2557,616
2554,617
2552,618
2549,620
2546,622
2543,623
2540,625
2537,626
2534,628
2531,630
2528,631
2525,633
2522,634
2519,636
2517,638
2514,639
2511,641
2508,643
2505,644
2502,646
2499,648
2496,650
2493,652
2490,653
2488,655
2485,657
2482,658
2479,659
2477,660
2475,660
2473,660
2471,660
2469,660
2467,660
2465,659
2464,658
2462,656
2461,655
2460,653
2459,650
2458,648
2458,646
2457,643
2456,640
2456,638
2455,635
2455,633
2454,630
2453,628
2452,626
2451,625
2450,623
2449,622
2448,622
2447,621
2445,621
2444,620
2442,620
2441,620
2440,619
2438,619
2437,618
2435,618
2434,617
2433,616
2431,615
2430,614
2429,613
2428,611
2427,609
2426,608
2425,606
2424,603
2423,601
2422,599
2421,597
2420,595
2419,593
2417,591
2416,589
2415,586
2414,584
2413,582
2412,580
2411,578
2410,576
2409,574
2408,572
2407,570
2406,568
2404,566
2403,565
2402,564
2400,563
2399,561
2397,560
2396,559
2394,558
2393,557
2391,556
2390,556
2388,555
2387,553
2385,552
2384,551
2382,550
2381,549
2379,548
2378,547
2376,547
2375,545
2373,544
2372,543
2370,542
2369,541
2367,540
2366,539
2364,538
2363,537
2361,536
2360,535
2358,534
2357,533
2355,532
2354,531
2352,530
2351,529
2349,528
2347,528
2346,527
2344,527
2342,527
2340,528
2337,529
2335,530
2332,532
2330,534
2327,537
2324,540
2321,543
2318,547
2314,551
2311,555
2308,559
2304,564
2301,568
2298,572
2294,576
2291,580
2288,583
2285,586
2282,589
2279,591
2277,593
2275,594
2272,594
2271,594
2269,593
2267,592
2266,590
2264,588
2263,586
2262,584
2261,582
2259,579
2258,577
2257,575
2255,573
2254,572
2252,571
2250,571
2248,571
2246,572
2244,573
2241,575
2238,578
2236,582
2233,585
2230,589
2227,594
2224,598
2221,602
2218,607
2216,611
2213,615
2211,618
2208,621
2206,623
2204,625
2202,627
2200,628
2198,629
2196,629
2195,629
2193,629
2192,628
2190,627
2189,626
2188,624
2186,622
2185,620
2184,618
2183,615
2183,612
2182,609
2181,606
2180,603
2180,599
2179,595
2178,592
2178,588
2177,584
2177,581
2176,577
2175,574
2175,570
2174,567
2173,564
2172,562
2171,560
2170,558
2169,556
2168,555
2167,553
2165,552
2164,551
2162,550
2161,549
2159,549
2158,548
2156,548
2154,548
2152,548
2150,548
2149,548
2147,548
2145,548
2143,548
2141,547
2140,547
2138,546
2137,545
2135,543
2134,540
2133,538
2133,535
2132,531
2132,527
2131,523
2131,519
2130,515
2130,511
2130,506
2129,502
2129,498
2129,494
2128,491
2127,488
2126,485
2126,483
2125,480
2123,478
2122,477
2121,475
2120,474
2119,473
2117,472
2116,471
2115,469
2113,468
2112,467
2111,466
2109,464
2108,463
2106,462
2105,461
2104,460
2102,459
2101,459
2099,458
2097,458
2096,457
2094,457
2092,457
2091,457
2089,458
2087,458
2085,458
2083,459
2081,460
2079,460
2077,461
2075,462
2073,463
2071,463
2069,464
2068,465
2066,465
2064,466
2062,466
2060,466
2058,467
2057,467
2055,467
2053,467
2052,467
2050,467
2048,466
2047,466
2045,465
2044,465
2043,464
2041,463
2040,462
2038,462
2037,461
2036,460
2034,459
2033,459
2031,458
2030,457
2029,457
2027,456
2025,456
2024,456
2022,456
2020,457
2019,457
2017,458
2015,458
2013,458
2012,459
2010,459
2008,460
2006,460
2004,461
2003,461
2001,461
2000,460
1998,460
1997,460
1995,459
1994,458
1992,458
1991,457
1990,456
1988,454
1987,453
1986,452
1985,450
1984,449
1983,447
1982,445
1981,444
1980,442
1979,440
1978,438
1977,436
1977,434
1976,432
1975,430
1975,428
1974,425
1973,423
1973,421
1972,419
1972,416
1971,414
1971,412
1971,409
1970,407
1970,404
1970,402
1969,399
1969,396
1969,393
1969,390
1969,388
1969,385
1968,382
1968,380
1968,377
1968,375
1968,373
1968,370
1967,368
1967,366
1967,364
1966,363
1966,361
1966,360
1965,358
1965,357
1964,356
1964,355
1963,354
1963,353
1962,353
1961,352
1961,351
1960,351
1960,350
1959,349
1959,348
1958,347
1958,346
1957,345
1957,344
1956,344
1956,343
1955,343
1954,343
1954,344
1953,344
1952,345
1951,346
1951,348
1950,349
1949,351
1948,352
1947,354
1946,356
1945,357
1944,359
1943,361
1942,363
1941,364
1940,365
1939,366
1938,366
1937,366
1936,366
1936,365
1935,364
1934,362
1934,361
1933,358
1933,356
1932,353
1932,349
1931,346
1931,343
1930,339
1930,336
1929,332
1929,329
1928,325
1928,322
1927,319
1927,316
1926,314
1925,312
1924,309
1923,308
1922,306
1922,305
1921,303
1920,302
1919,300
1918,299
1917,297
1916,295
1915,293
1914,290
1914,288
1913,285
1912,282
1912,278
1911,275
1911,272
1910,268
1910,264
1909,260
1909,255
1909,251
1909,246
1908,242
1908,237
1908,232
1908,228
1908,223
1907,218
1907,213
1907,209
1907,204
1907,199
1907,195
1906,191
1906,186
1906,182
1906,178
1906,174
1905,169
1905,165
1905,161
1905,157
1905,153
1904,149
1904,145
1904,141
1903,137
1903,133
1903,130
1903,126
1902,123
1902,120
1902,117
1902,114
1902,111
1902,108
1902,105
1901,102
1901,99
1901,96
1901,93
1901,90
1901,87
1901,85
1900,82
1900,78
1900,75
1900,72
1899,69
1898,65
1897,62
1897,59
1895,55
1894,52
1893,48
1891,45
1889,42
1887,39
1885,36
1883,33
1881,30
1879,28
1876,25
1874,22
1871,20
1869,18
1867,15
1864,13
1862,11
1860,8
1859,6
1857,3
1856,0
1855,-1
1854,-4
1854,-7
1854,-10
1854,-13
1855,-16
1855,-19
1856,-22
1857,-24
1858,-27
1859,-29
1860,-30
1861,-32
1862,-33
1863,-34
1864,-35
1864,-35
1865,-35
1866,-35
1866,-34
1866,-34
1867,-33
1867,-32
1867,-31
1867,-30
1867,-29
1868,-28
1868,-27
1868,-26
1867,-25
1867,-24
1867,-23
1867,-22
1867,-21
1866,-20
1866,-19
1865,-18
1865,-18
1864,-17
1864,-17
1863,-16
1863,-16
1863,-16
1862,-16
1862,-17
1862,-17
1861,-17
1861,-17
1861,-17
1861,-17
1861,-17
1860,-17
1860,-17
1860,-17
1860,-17
1860,-17
1861,-17
1861,-16
1861,-16
1862,-15
1862,-14
1863,-14
1864,-13
1866,-12
1867,-11
1869,-10
1870,-9
1872,-7
1873,-6
1875,-4
1876,-3
1877,-1
1879,0
1880,1
1881,2
1882,3
1882,3
1883,3
1883,3
1884,2
1884,0
1884,0
1884,-2
1883,-4
1883,-6
1882,-8
1882,-10
1881,-12
1880,-14
1879,-15
1878,-16
1877,-16
1875,-16
1874,-15
1873,-13
1871,-11
1870,-9
1869,-5
1867,-2
1866,2
1865,7
1864,12
1863,18
1862,24
1861,31
1860,38
1860,45
1859,51
1859,58
1858,65
1858,71
1858,78
1857,84
1857,90
1857,95
1857,101
1856,106
1856,111
1856,116
1855,121
1855,126
1854,131
1853,136
1852,142
1851,148
1850,155
1849,161
1847,169
1846,176
1845,184
1843,192
1842,200
1840,207
1839,215
1838,222
1836,229
1835,235
1834,240
1833,245
1833,249
1832,252
1832,254
1831,255
1831,256
1832,255
1832,253
1832,251
1833,247
1834,244
1835,239
1836,235
1836,230
1837,225
1838,221
1839,217
1839,213
1840,210
1840,207
1840,205
1840,204
1840,204
1840,204
1839,205
1839,206
1838,208
1837,211
1836,214
1835,217
1834,220
1833,224
1832,228
1831,231
1829,235
1828,238
1827,242
1826,245
1824,247
1823,249
1822,251
1821,252
1820,253
1819,254
1818,254
1817,255
1816,255
1815,256
1814,256
1812,258
1811,259
1810,261
1808,263
1807,266
1805,270
1803,275
1801,280
1799,286
1797,292
1795,300
1793,308
1790,316
1788,324
1786,333
1784,342
1781,350
1779,359
1777,367
1775,375
1773,383
1771,390
1769,396
1767,402
1766,408
1764,413
1762,417
1761,421
1759,424
1757,427
1756,430
1754,431
1753,433
1751,433
1750,434
1748,434
1747,434
1745,433
1744,433
1742,432
1741,432
1739,431
1737,431
1736,431
1734,431
1733,430
1731,430
1729,430
1728,430
1726,430
1725,430
1723,430
1722,429
1721,429
1719,428
1718,427
1717,426
1716,425
1715,423
1714,420
1713,418
1712,415
1711,412
1710,409
1709,406
1708,402
1707,399
1706,396
1705,394
1704,391
1703,389
1701,386
1700,384
1699,380
1698,377
1697,372
1696,367
1695,361
1694,355
1693,347
1692,339
1691,330
1691,320
1690,310
1689,299
1688,287
1688,276
1687,264
1686,252
1686,241
1685,229
1685,218
1684,207
1683,197
1683,188
1682,180
1681,172
1681,166
1680,160
1679,157
1678,154
1677,153
1676,153
1674,155
1673,158
1671,163
1670,170
1668,177
1666,187
1664,197
1663,208
1661,219
1659,232
1657,244
1655,257
1653,269
1651,281
1649,292
1647,302
1646,312
1644,321
1642,329
1640,336
1638,343
1636,349
1634,354
1633,358
1631,361
1629,363
1627,363
1626,362
1624,360
1622,356
1621,351
1620,345
1618,337
1617,327
1616,317
1615,305
1614,291
1613,277
1612,262
1611,245
1610,229
1610,211
1610,194
1609,176
1610,158
1610,140
1611,123
1612,106
1613,90
1614,76
1615,62
1616,51
1618,41
1619,32
1620,26
1621,22
1622,20
1623,19
1624,20
1624,23
1625,26
1626,31
1626,37
1626,43
1627,49
1627,56
1627,63
1628,69
1628,74
1629,79
1629,82
1630,85
1630,86
1631,86
1632,85
1632,83
1633,80
1634,76
1634,71
1635,65
1635,58
1636,50
1636,42
1636,33
1636,24
1635,15
1635,5
1634,-3
1633,-11
1631,-20
1629,-27
1627,-34
1624,-40
1620,-45
1616,-49
1611,-52
1606,-55
1600,-57
1593,-58
1586,-59
1579,-59
1571,-59
1562,-58
1554,-58
1545,-58
1537,-58
1528,-58
1519,-58
1511,-58
1502,-58
1494,-58
1487,-58
1480,-58
1474,-58
1469,-58
1464,-58
1460,-58
1457,-58
1455,-57
1453,-57
1452,-57
1452,-57
1452,-57
1452,-56
1454,-56
1455,-55
1457,-55
1459,-54
1462,-53
1464,-53
1467,-52
1469,-51
1472,-51
1474,-50
1476,-49
1478,-49
1480,-49
1481,-48
1481,-48
1481,-48
1480,-47
1478,-47
1476,-47
1473,-47
1471,-47
1467,-47
1463,-47
1459,-47
1455,-47
1450,-47
1445,-47
1440,-47
1436,-47
1431,-47
1427,-47
1423,-46
1420,-46
1417,-45
1414,-44
1412,-44
1410,-43
1409,-42
1408,-41
1408,-40
1407,-39
1408,-38
1408,-37
1409,-35
1411,-33
1412,-30
1414,-27
1416,-23
1419,-19
1421,-13
1424,-7
1427,0
1429,7
1432,15
1435,24
1437,35
1439,45
1441,57
1443,68
1444,80
1445,91
1446,103
1446,114
1446,124
1446,134
1446,143
1445,150
1444,157
1442,162
1441,166
1439,168
1437,169
1435,169
1432,168
1430,165
1428,161
1426,157
1423,152
1421,146
1419,141
1417,135
1416,129
1414,123
1413,117
1411,111
1410,106
1409,101
1409,97
1408,93
1408,91
1408,89
1408,88
1409,87
1409,87
1410,87
1412,88
1413,89
1414,90
1416,90
1417,91
1419,92
1420,92
1422,93
1423,93
1425,93
1426,94
1427,94
1428,95
1429,96
1429,98
1430,100
1430,103
1430,107
1429,112
1429,117
1429,124
1428,132
1427,140
1427,150
1426,160
1425,172
1424,184
1423,196
1422,209
1422,221
1421,233
1421,245
1421,254
1422,263
1422,270
1424,275
1425,279
1427,281
1429,280
1431,278
1433,274
1436,268
1439,260
1442,251
1445,239
1448,226
1451,213
1454,198
1457,184
1460,169
1463,154
1465,140
1467,127
1469,116
1471,105
1472,97
1473,90
1473,84
1473,81
1473,79
1472,80
1471,82
1470,86
1468,92
1466,99
1464,107
1462,117
1459,127
1457,138
1455,149
1452,160
1450,171
1448,182
1447,192
1445,200
1444,208
1443,213
1442,218
1441,221
1440,222
1439,223
1439,222
1438,220
1438,218
1437,215
1437,211
1437,207
1437,203
1437,199
1437,195
1437,192
1438,189
1438,187
1438,186
1439,185
1439,185
1439,185
1439,186
1440,187
1440,189
1440,191
1441,194
1441,197
1442,201
1443,205
1443,209
1444,213
1445,217
1446,221
1447,224
1449,227
1450,229
1452,230
1454,230
1456,229
1457,226
1459,223
1461,218
1463,212
1464,205
1466,197
1467,188
1468,178
1469,167
1470,156
1471,144
1472,132
1473,120
1474,108
1476,95
1477,83
1478,70
1479,58
1480,46
1481,34
1483,23
1484,12
1486,1
1487,-8
1489,-17
1490,-26
1492,-34
1493,-41
1495,-47
1496,-52
1498,-56
1500,-59
1501,-60
1503,-61
1504,-61
1505,-60
1507,-59
1508,-57
1509,-54
1510,-52
1510,-50
1511,-47
1511,-44
1511,-42
1511,-39
1511,-36
1511,-33
1511,-29
1511,-25
1511,-21
1510,-16
1510,-11
1510,-5
1510,0
1510,5
1510,11
1510,17
1510,23
1510,29
1509,35
1509,40
1509,45
1509,50
1509,55
1509,60
1509,65
1509,69
1509,74
1509,79
1509,84
1509,90
1510,95
1510,101
1511,107
1512,113
1513,119
1514,125
1515,131
1516,137
1518,143
1519,148
1521,153
1523,158
1525,163
1527,167
1529,170
1531,173
1534,176
1536,178
1539,180
1541,182
1543,183
1545,184
1547,185
1549,185
1551,185
1553,184
1554,183
1555,182
1556,181
1556,179
1556,178
1557,176
1557,175
1557,174
1556,173
1556,173
1556,174
1556,175
1555,176
1555,179
1555,181
1555,184
1554,187
1554,191
1554,195
1553,199
1552,204
1552,209
1551,214
1549,219
1548,225
1547,231
1545,236
1544,242
1543,247
1541,252
1540,256
1538,260
1537,264
1535,268
1534,271
1533,273
1532,275
1531,276
1530,277
1530,278
1529,278
1529,277
1529,277
1529,275
1529,274
1530,272
1530,270
1531,267
1532,264
1533,262
1534,258
1535,255
1536,252
1537,249
1538,246
1539,243
1540,240
1541,238
1542,236
1543,235
1544,235
1545,235
1545,236
1546,237
1546,240
1546,243
1546,247
1547,251
1547,255
1547,259
1547,264
1547,268
1547,272
1547,277
1548,281
1548,285
1549,289
1549,293
1550,297
1550,301
1551,305
1552,309
1553,312
1554,316
1554,319
1555,323
1556,326
1558,329
1559,332
1560,336
1561,339
1562,342
1564,345
1565,349
1566,352
1568,355
1569,359
1571,362
1572,365
1574,369
1575,373
1577,376
1578,380
1580,384
1582,388
1583,391
1585,395
1586,399
1588,402
1590,405
1591,408
1593,411
1595,413
1596,415
1598,417
1600,419
1601,421
1603,423
1604,425
1606,427
1607,429
1608,431
1609,434
1610,436
1611,439
1612,442
1613,446
1614,449
1614,453
1615,457
1615,461
1616,465
1616,469
1616,474
1616,478
1616,482
1616,487
1617,491
1617,495
1617,499
1617,502
1617,506
1617,509
1617,512
1617,514
1618,516
1618,518
1618,520
1619,521
1619,522
1620,523
1620,524
1621,524
1622,524
1622,524
1623,524
1624,524
1624,524
1625,523
1626,523
1627,522
1628,522
1629,522
1629,522
1630,522
1631,522
1632,522
1632,522
1633,522
1634,522
1635,521
1636,521
1637,520
1637,519
1638,518
1639,517
1640,516
1641,514
1642,512
1643,510
1644,508
1645,505
1647,503
1648,500
1649,497
1650,495
1651,492
1652,489
1653,486
1654,484
1656,482
1657,479
1658,477
1659,475
1660,474
1661,472
1662,471
1663,470
1664,469
1665,468
1665,468
1666,468
1667,469
1668,469
1669,470
1669,471
1670,472
1671,473
1672,475
1673,476
1673,477
1674,478
1675,480
1676,481
1677,481
1678,482
1680,482
1681,482
1682,482
1683,482
1685,481
1686,481
1688,480
1689,479
1691,477
1692,476
1694,474
1696,473
1697,471
1699,470
1700,469
1702,468
1703,468
1704,469
1706,469
1707,470
1708,472
1709,474
1710,476
1711,478
1712,480
1713,483
1714,486
1714,490
1715,493
1716,497
1717,501
1718,504
1718,508
1719,511
1720,514
1721,517
1722,519
1723,521
1724,522
1726,524
1727,525
1729,525
1730,526
1732,526
1733,526
1735,525
1737,524
1738,523
1740,522
1742,521
1744,519
1746,517
1748,514
1750,512
1752,509
1754,507
1756,504
1758,502
1760,499
1762,497
1764,495
1766,493
1768,491
1770,489
1772,487
1774,485
1776,483
1778,481
1779,479
1781,477
1783,475
1785,473
1787,471
1789,469
1790,467
1792,465
1794,463
1796,461
1798,459
1800,456
1802,454
1803,451
1805,449
1807,447
1809,444
1811,442
1813,440
1815,439
1816,437
1818,436
1819,436
1821,435
1822,435
1824,435
1825,436
1826,437
1827,438
1828,439
1829,440
1830,442
1831,443
1832,445
1833,447
1834,449
1835,452
1836,454
1837,457
1838,460
1839,462
1839,465
1840,468
1841,471
1841,474
1842,477
1843,481
1843,484
1844,487
1844,490
1844,494
1845,497
1845,500
1845,504
1845,507
1845,511
1846,514
1846,517
1846,520
1846,523
1846,525
1847,528
1847,530
1847,531
1848,533
1849,534
1849,534
1850,534
1851,533
1853,532
1854,530
1856,527
1858,524
1860,520
1863,515
1865,510
1868,505
1871,499
1874,493
1877,488
1880,482
1884,477
1887,471
1890,466
1894,461
1897,457
1900,452
1903,448
1907,444
1910,440
1913,437
1916,433
1919,430
1922,428
1925,425
1927,423
1930,420
1933,418
1935,416
1938,413
1940,411
1943,409
1945,407
1948,405
1950,403
1952,401
1954,399
1956,397
1958,396
1960,394
1962,393
1963,392
1965,391
1966,390
1968,389
1969,388
1971,388
1972,388
1973,388
1974,388
1976,388
1977,388
1978,388
1979,388
1980,388
1982,388
1983,387
1984,387
1985,387
1987,386
1988,385
1989,385
1991,384
1992,383
1994,382
1995,381
1997,380
1998,379
1999,378
2001,377
2002,376
2004,374
2005,373
2007,372
2008,371
2009,370
2011,370
2012,369
2013,368
2014,368
2016,368
2017,367
2018,368
2019,368
2020,368
2021,368
2022,369
2023,369
2024,370
2025,370
2026,371
2026,372
2027,372
2028,373
2029,374
2030,375
2031,376
2031,378
2032,379
2033,380
2033,381
2034,383
2035,384
2035,386
2036,387
2037,389
2037,390
2038,392
2039,393
2040,395
2041,396
2041,396
2042,397
2043,398
2045,398
2046,398
2047,398
2048,398
2050,397
2051,396
2053,395
2055,394
2056,393
2058,392
2060,391
2061,389
2063,388
2065,386
2067,385
2068,384
2070,382
2072,381
2074,380
2075,378
2077,377
2079,376
2080,375
2082,374
2083,374
2085,373
2086,373
2088,372
2089,372
2090,372
2092,372
2093,372
2094,372
2095,372
2097,372
2098,372
2099,373
2100,374
2100,375
2101,376
2102,377
2103,379
2103,380
2104,382
2104,384
2105,386
2106,387
2106,389
2107,391
2107,393
2108,394
2109,395
2110,397
2110,398
2111,398
2112,399
2114,399
2115,399
2116,399
2117,398
2119,397
2120,396
2122,395
2124,394
2125,392
2127,391
2128,389
2130,388
2132,386
2133,384
2135,383
2136,381
2138,380
2140,378
2141,377
2142,376
2144,375
2145,375
2146,374
2147,374
2148,375
2148,375
2149,376
2150,376
2151,377
2151,378
2152,379
2152,380
2153,380
2154,381
2154,382
2155,382
2156,383
2157,383
2157,383
2158,383
2159,383
2160,383
2161,382
2162,382
2163,381
2164,380
2165,379
2167,378
2168,376
2169,375
2171,373
2172,371
2174,369
2175,367
2177,365
2178,363
2180,361
2182,358
2183,356
2185,354
2186,352
2188,350
2189,348
2191,347
2192,345
2193,344
2194,342
2195,341
2197,340
2198,339
2199,338
2199,337
2200,336
2201,336
2202,335
2202,335
2203,335
2203,335
2204,335
2204,335
2204,335
2204,336
2204,337
2204,337
2204,338
2204,339
2204,340
2204,341
2204,343
2203,344
2203,345
2203,347
2203,348
2202,350
2202,351
2201,353
2201,354
2201,356
2200,357
2200,359
2199,360
2199,362
2199,363
2198,364
2198,365
2198,366
2198,367
2197,367
2197,368
2197,368
2197,368
2198,368
2198,368
2198,367
2199,366
2199,365
2200,364
2200,362
2201,361
2202,359
2203,357
2203,356
2204,354
2205,352
2206,350
2207,348
2207,346
2208,344
2209,342
2209,340
2210,339
2210,337
2211,336
2211,335
2211,334
2211,334
2211,333
2211,333
2211,333
2211,333
2211,333
2211,333
2210,334
2210,334
2210,335
2210,335
2209,335
2209,336
2209,336
2209,336
2209,336
2209,336
2209,336
2209,336
2209,336
2209,335
2209,335
2209,335
2208,336
2208,336
2208,336
2208,337
2207,338
2207,339
2206,340
2205,341
2205,342
2204,343
2203,345
2203,346
2202,348
2201,350
2200,352
2199,354
2197,357
2196,359
2195,361
2194,363
2193,365
2192,367
2191,368
2190,369
2189,370
2189,371
2188,371
2187,371
2187,370
2187,369
2186,368
2186,366
2186,364
2186,362
2185,360
2185,357
2185,354
2184,351
2184,349
2183,346
2183,343
2182,341
2181,339
2179,337
2178,335
2176,334
2174,334
2172,334
2169,334
2167,334
2164,335
2161,337
2158,339
2155,342
2152,345
2148,349
2144,353
2141,357
2137,362
2133,367
2129,371
2125,376
2121,380
2118,384
2114,387
2111,390
2107,393
2103,395
2100,396
2096,398
2093,399
2089,399
2085,399
2081,399
2077,399
2073,398
2068,397
2064,395
2059,393
2054,391
2049,389
2044,387
2039,384
2033,382
2028,379
2023,376
2017,374
2012,371
2006,368
2001,364
1996,361
1991,357
1986,354
1981,351
1976,347
1971,344
1966,342
1962,340
1957,338
1952,337
1948,336
1943,336
1939,336
1934,337
1929,339
1925,340
1920,343
1915,346
1910,351
1904,355
1899,361
1893,367
1887,374
1881,381
1875,389
1869,398
1863,406
1857,414
1851,423
1846,431
1840,438
1835,446
1830,452
1825,458
1820,464
1816,469
1813,473
1809,476
1807,478
1804,480
1802,480
1800,480
1799,479
1798,477
1797,474
1797,471
1796,468
1796,465
1796,461
1796,458
1796,454
1797,451
1797,447
1798,444
1798,441
1799,437
1800,434
1801,432
1801,429
1802,427
1803,425
1804,423
1804,423
1805,423
1806,424
1806,425
1807,427
1807,430
1807,433
1808,437
1808,441
1808,446
1808,452
1808,458
1809,464
1809,470
1809,477
1809,483
1810,489
1810,496
1811,501
1811,507
1812,511
1813,516
1815,519
1816,522
1818,525
1820,527
1822,528
1824,529
1827,529
1830,530
1833,529
1836,529
1839,528
1843,527
1846,526
1850,524
1853,523
1857,522
1861,521
1864,520
1867,520
1871,520
1874,520
1877,520
1880,520
1884,521
1887,521
1890,522
1893,522
1896,523
1899,523
1902,523
1905,523
1909,522
1912,521
1916,519
1920,517
1924,514
1928,511
1932,507
1937,503
1941,498
1946,492
1951,487
1956,481
1961,475
1966,468
1971,462
1976,456
1982,449
1987,443
1992,437
1997,432
2001,426
2006,421
2011,416
2015,412
2019,408
2023,404
2027,401
2031,397
2034,395
2038,393
2041,391
2044,389
2046,388
2049,387
2052,386
2054,386
2056,386
2059,387
2061,387
2063,388
2064,389
2066,391
2068,392
2069,394
2071,396
2072,398
2073,401
2074,403
2075,405
2076,407
2077,410
2078,412
2079,414
2080,416
2081,418
2082,419
2083,420
2084,421
2085,422
2086,422
2087,422
2088,421
2090,421
2091,420
2092,418
2094,417
2095,415
2097,412
2098,410
2100,408
2101,405
2102,403
2104,401
2105,398
2106,396
2107,394
2108,391
2109,389
2110,387
2111,385
2112,383
2113,381
2114,380
2115,378
2115,377
2116,375
2116,374
2117,372
2117,371
2118,370
2118,369
2119,367
2119,366
2120,365
2120,364
2120,363
2121,362
2121,361
2121,360
2121,359
2122,358
2122,357
2122,356
2123,355
2123,353
2123,352
2124,351
2124,349
2125,348
2125,346
2125,344
2126,343
2127,341
2127,339
2128,338
2128,336
2129,334
2130,333
2130,331
2131,329
2132,328
2133,326
2134,324
2135,322
2136,320
2137,319
2138,317
2139,315
2140,314
2141,313
2142,312
2143,311
2144,310
2145,309
2146,309
2147,309
2148,309
2149,309
2149,309
2150,309
2151,310
2151,311
2152,312
2152,314
2153,315
2153,317
2154,318
2154,320
2154,322
2155,324
2155,325
2155,327
2156,329
2156,330
2157,332
2157,333
2158,335
2158,336
2159,337
2159,338
2160,339
2160,340
2161,340
2162,340
2163,340
2163,340
2164,340
2165,339
2166,338
2167,336
2168,335
2169,333
2170,331
2172,329
2173,327
2174,325
2175,322
2176,320
2177,317
2178,314
2179,311
2181,308
2182,305
2183,301
2184,298
2185,295
2185,292
2186,288
2187,285
2188,282
2189,278
2189,274
2190,271
2191,267
2191,264
2191,261
2192,258
2192,255
2192,252
2191,250
2191,247
2191,245
2190,243
2189,242
2189,240
2188,239
2187,237
2186,236
2185,234
2184,233
2183,231
2182,230
2181,228
2180,227
2179,225
2177,224
2176,222
2175,220
2174,218
2173,216
2172,213
2172,210
2171,207
2170,204
2170,200
2170,196
2169,192
2169,187
2169,183
2169,177
2169,172
2170,167
2170,161
2170,156
2170,151
2171,145
2171,140
2171,135
2171,131
2171,127
2171,123
2171,120
2170,117
2170,114
2169,112
2169,110
2168,108
2167,107
2166,106
2165,106
2164,106
2162,106
2161,107
2159,108
2158,109
2156,111
2155,113
2153,115
2151,117
2150,119
2148,121
2147,124
2145,126
2144,128
2142,130
2141,132
2140,134
2138,136
2137,138
2136,140
2135,141
2134,143
2133,144
2133,145
2132,146
2131,147
2131,148
2130,149
2130,150
2129,151
2129,151
2128,151
2128,151
2128,151
2129,150
2130,149
2131,147
2133,145
2136,143
2138,140
2141,138
2144,135
2148,133
2151,130
2154,129
2157,127
2160,126
2163,125
2167,124
2170,123
2173,123
2176,123
2179,124
2181,125
2183,126
2184,128
2185,131
2185,134
2185,137
2184,140
2183,144
2181,148
2179,152
2177,156
2174,160
2171,163
2169,167
2166,169
2164,172
2162,173
2161,174
2161,174
2161,172
2162,170
2164,167
2167,163
2171,157
2175,151
2181,144
2187,137
2194,128
2202,120
2210,110
2218,101
2226,92
2233,84
2241,75
2247,67
2253,60
2259,53
2263,47
2266,41
2269,36
2270,32
2271,28
2270,25
2267,24
2264,23
2258,23
2252,24
2244,27
2236,30
2226,33
2216,38
2205,42
2193,48
2182,53
2170,59
2158,65
2147,71
2135,77
2124,83
2114,89
2104,94
2095,99
2087,103
2080,107
2073,111
2067,114
2061,117
2057,119
2052,122
2049,123
2046,125
2043,127
2041,128
2039,129
2038,130
2037,130
2036,131
2035,132
2034,133
2033,133
2032,134
2032,135
2031,135
2030,136
2029,137
2029,138
2028,139
2027,141
2026,142
2025,144
2023,147
2022,149
2021,152
2019,155
2018,158
2017,161
2015,165
2014,168
2012,172
2010,175
2009,179
2007,182
2006,185
2004,189
2003,192
2001,195
2000,198
1998,201
1997,205
1995,208
1994,211
1992,214
1991,218
1989,221
1988,224
1986,227
1985,231
1983,234
1982,237
1980,241
1979,244
1977,247
1976,250
1974,252
1973,255
1972,257
1971,260
1969,262
1968,265
1967,267
1966,269
1965,271
1964,273
1962,275
1961,277
1960,280
1959,282
1958,284
1957,286
1956,287
1955,289
1955,291
1954,292
1953,294
1952,295
1951,297
1951,298
1950,300
1949,302
1948,304
1947,307
1946,309
1945,312
1944,315
1943,317
1942,320
1941,323
1940,326
1940,329
1939,332
1938,335
1937,338
1936,341
1935,343
1934,346
1933,349
1933,352
1932,355
1931,358
1931,360
1930,363
1929,366
1929,369
1928,372
1927,376
1927,379
1926,382
1926,385
1925,389
1925,392
1924,395
1924,399
1924,402
1923,406
1923,409
1923,413
1922,416
1922,419
1922,423
1922,426
1922,429
1922,433
1922,436
1922,439
1922,442
1922,445
1922,448
1922,450
1923,453
1923,455
1923,458
1924,460
1924,462
1925,464
1925,466
1926,468
1926,470
1927,472
1927,473
1928,475
1929,477
1929,479
1930,481
1930,483
1931,485
1931,487
1932,489
1932,492
1933,494
1933,496
1934,498
1934,500
1934,502
1935,504
1935,506
1936,508
1936,510
1937,512
1937,514
1938,516
1938,518
1939,520
1939,521
1939,523
1940,525
1940,526
1941,528
1941,529
1942,530
1942,532
1943,533
1943,535
1944,536
1944,537
1945,539
1945,540
1946,541
1946,543
1947,544
1947,545
1948,546
1948,548
1949,549
1949,550
1950,552
1950,553
1951,554
1951,555
1952,556
1952,557
1953,558
1954,559
1954,560
1955,561
1956,562
1956,563
1957,564
1958,565
1959,566
1959,567
1960,568
1961,568
1962,569
1963,571
1964,572
1964,573
1965,574
1966,575
1967,576
1968,577
1969,579
1970,580
1971,581
1971,582
1972,583
1973,585
1974,586
1975,587
1976,588
1977,589
1978,591
1979,592
1980,592
1981,593
1982,594
1983,595
1984,596
1985,596
1986,597
1987,598
1988,598
1989,599
1990,600
1991,601
1992,601
1993,602
1994,603
1995,604
1995,605
1996,606
1997,607
1998,608
1999,609
1999,610
2000,611
2001,612
2002,613
2003,613
2003,614
2004,615
2005,615
2006,616
2007,617
2007,617
2008,618
2009,619
2009,620
2010,621
2010,622
2011,624
2011,625
2012,626
2012,628
2012,630
2012,632
2012,634
2012,636
2012,638
2012,640
2012,643
2012,646
2012,648
2012,651
2012,654
2011,657
2011,659
2011,662
2011,665
2011,668
2011,670
2011,673
2011,675
2011,677
2011,678
2012,680
2013,681
2013,683
2014,684
2015,685
2016,685
2017,686
2019,687
2020,687
2022,688
2023,688
2025,688
2027,689
2029,689
2031,689
2033,690
2035,690
2038,691
2040,691
2043,692
2045,692
2048,693
2050,693
2053,694
2056,694
2059,695
2062,696
2065,697
2068,697
2071,698
2075,699
2078,699
2081,700
2085,701
2088,701
2092,702
2095,702
2099,703
2103,703
2107,703
2111,703
2114,703
2118,703
2123,703
2127,702
2131,702
2135,702
2139,701
2143,701
2148,700
2152,700
2156,699
2161,698
2165,698
2170,697
2174,696
2179,695
2183,694
2188,693
2192,693
2197,692
2202,691
2206,690
2211,689
2215,688
2220,688
2225,687
2229,686
2234,686
2238,685
2243,685
2247,684
2251,684
2256,684
2260,684
2264,684
2268,684
2272,684
2276,684
2280,685
2284,685
2288,686
2292,686
2296,687
2299,687
2303,688
2307,689
2310,690
2314,690
2317,691
2321,692
2324,693
2327,694
2331,694
2334,695
2337,696
2340,697
2343,697
2346,698
2350,699
2353,699
2356,700
2359,700
2362,701
2364,701
2367,702
2370,703
2373,703
2375,704
2377,705
2379,706
2381,708
2383,709
2385,711
2386,713
2387,716
2388,718
2389,721
2390,724
2390,727
2391,730
2392,733
2392,736
2393,739
2393,742
2394,745
2395,747
2396,749
2397,751
2398,752
2400,754
2401,754
2403,755
2405,756
2407,756
2409,756
2411,756
2413,756
2415,755
2418,755
2420,754
2422,754
2424,753
2426,753
2429,753
2431,752
2433,752
2435,752
2437,752
2439,752
2441,752
2443,752
2444,752
2446,752
2448,753
2449,753
2451,754
2453,755
2454,755
2456,756
2457,757
2459,758
2460,758
2462,759
2463,760
2465,760
2466,761
2468,762
2469,763
2470,764
2471,766
2473,767
2474,768
2475,770
2476,771
2477,772
2478,774
2478,775
2479,777
2480,778
2482,779
2483,780
2484,781
2486,782
2487,782
2489,782
2491,782
2493,781
2496,780
2498,779
2501,778
2504,776
2507,774
2510,772
2513,770
2516,768
2519,766
2522,763
2525,762
2528,760
2531,758
2534,757
2536,756
2539,755
2541,754
2543,754
2545,754
2546,754
2548,755
2549,755
2551,756
2552,757
2553,758
2554,759
2555,760
2556,761
2558,761
2559,762
2560,763
2562,763
2563,764
2564,764
2566,764
2567,764
2569,764
2571,764
2572,764
2574,764
2576,764
2577,764
2579,764
2581,764
2582,764
2583,764
2585,765
2586,765
2587,766
2588,766
2590,767
2591,768
2591,769
2592,769
2593,770
2594,772
2595,773
2595,774
2596,775
2597,776
2597,777
2598,779
2598,780
2599,781
2599,782
2600,784
2600,785
2601,786
2601,787
2602,788
2602,790
2602,791
2602,792
2603,794
2603,795
2603,796
2603,798
2603,799
2603,800
2603,801
2603,802
2603,804
2603,805
2603,806
2604,807
2604,807
2604,808
2604,809
2605,810
2605,810
2606,810
2606,810
2607,810
2608,810
2610,809
2611,808
2613,807
2614,805
2616,804
2618,802
2620,800
2622,798
2625,796
2627,793
2629,791
2632,788
2634,785
2637,783
2639,780
2642,777
2644,774
2646,772
2648,769
2651,767
2652,765
2654,763
2656,761
2657,760
2658,759
2659,758
2659,758
2660,757
2660,758
2659,758
2659,759
2658,760
2658,762
2657,764
2655,766
2654,768
2653,770
2651,773
2649,775
2648,778
2646,781
2644,784
2643,787
2641,789
2640,791
2639,794
2638,796
2637,797
2636,799
2636,800
2636,800
2636,801
2636,801
2637,800
2637,800
2638,799
2639,797
2641,796
2642,794
2643,792
2645,790
2646,788
2648,786
2649,784
2650,782
2652,780
2652,779
2653,778
2654,777
2654,776
2654,775
2654,775
2653,775
2653,776
2652,776
2651,777
2650,778
2648,780
2647,781
2645,783
2643,785
2641,787
2639,790
2637,792
2635,794
2633,797
2631,799
2629,802
2627,804
2625,806
2623,808
2621,810
2620,812
2618,813
2617,815
2615,817
2614,818
2612,819
2611,821
2610,822
2608,823
2607,824
2606,825
2605,826
2603,827
2602,827
2601,828
2600,828
2599,829
2598,829
2597,830
2596,830
2594,830
2593,830
2592,831
2591,831
2590,831
2589,831
2587,831
2586,830
2585,830
2584,830
2582,830
2581,830
2580,830
2578,830
2577,829
2575,829
2574,829
2572,830
2571,830
2569,830
2567,830
2565,831
2563,831
2561,831
2559,832
2557,833
2555,833
2552,834
2550,835
2548,836
2546,837
2543,837
2541,838
2539,839
2537,840
2534,841
2532,841
2530,842
2528,842
2526,843
2524,844
2522,844
2520,844
2518,845
2516,845
2515,845
2513,845
2511,845
2510,845
2508,845
2507,845
2505,845
2504,845
2503,844
2502,844
2501,844
2500,843
2499,843
2498,842
2497,842
2496,841
2495,841
2495,841
2494,840
2494,840
2493,839
2493,839
2493,838
2493,838
2493,837
2493,836
2493,836
2493,835
2494,834
2494,833
2495,832
2496,831
2498,830
2499,829
2501,827
2502,825
2504,823
2507,821
2509,819
2511,817
2514,815
2517,813
2520,810
2523,808
2525,805
2528,803
2531,801
2534,799
2537,797
2539,795
2542,793
2544,792
2546,791
2548,790
2550,789
2551,789
2552,789
2553,789
2554,790
2554,791
2554,792
2554,793
2554,795
2554,796
2553,798
2552,800
2552,802
2551,805
2550,807
2549,809
2548,811
2547,813
2546,815
2545,817
2544,819
2543,820
2542,822
2542,823
2541,824
2541,825
2540,825
2540,826
2540,826
2540,826
2540,827
2540,827
2540,826
2540,826
2540,826
2540,826
2540,825
2541,825
2541,825
2541,824
2541,824
2542,823
2542,823
2542,822
2543,822
2543,821
2543,820
2543,820
2544,819
2544,818
2544,818
2544,817
2544,816
2545,816
2545,815
2545,814
2545,814
2545,813
2544,812
2544,812
2544,812
2543,811
2543,811
2542,811
2541,811
2540,811
2539,811
2538,811
2537,812
2536,812
2535,812
2534,812
2533,812
2531,812
2530,812
2529,812
2528,811
2527,811
2526,811
2524,810
2523,810
2522,809
2521,808
2520,807
2519,807
2518,806
2517,805
2516,804
2515,803
2514,802
2513,802
2511,801
2510,800
2509,800
2507,799
2506,798
2504,798
2503,798
2501,797
2500,797
2498,796
2497,796
2495,796
2493,795
2492,795
2490,795
2488,794
2487,794
2485,793
2484,793
2482,792
2481,792
2479,791
2478,790
2476,789
2475,789
2473,788
2472,787
2470,786
2469,786
2467,785
2466,785
2464,784
2462,784
2461,783
2459,783
2457,782
2455,782
2454,782
2452,781
2450,780
2448,780
2447,779
2445,778
2443,778
2441,777
2440,776
2438,774
2436,773
2435,772
2433,770
2432,768
2430,766
2429,764
2427,762
2426,759
2425,757
2423,754
2422,752
2420,749
2419,746
2418,743
2416,741
2415,738
2413,735
2412,733
2410,730
2408,728
2406,726
2405,724
2403,723
2401,721
2399,720
2396,720
2394,719
2392,719
2390,719
2388,719
2385,720
2383,721
2381,722
2379,723
2377,724
2375,725
2373,726
2371,726
2369,727
2367,727
2365,727
2364,727
2362,727
2361,725
2359,724
2358,722
2357,720
2356,717
2355,713
2354,709
2354,705
2353,700
2353,695
2352,689
2352,684
2352,678
2351,672
2351,666
2351,660
2350,654
2350,649
2350,643
2349,639
2348,634
2348,630
2347,626
2346,623
2345,620
2344,618
2343,616
2342,614
2341,613
2339,612
2338,612
2337,611
2336,611
2335,611
2333,611
2332,611
2331,612
2330,612
2329,612
2328,613
2327,613
2325,614
2324,614
2323,615
2322,616
2321,616
2319,618
2318,619
2317,620
2315,621
2314,623
2312,625
2311,627
2309,629
2307,631
2306,633
2304,636
2302,639
2300,641
2298,644
2296,647
2294,650
2292,653
2290,655
2288,658
2287,661
2285,663
2283,666
2282,668
2280,669
2279,671
2278,672
2277,674
2276,675
2275,676
2274,676
2273,677
2272,677
2272,678
2271,678
2270,678
2270,678
2269,678
2269,678
2268,678
2268,677
2267,677
2267,677
2267,676
2266,676
2266,675
2266,675
2265,675
2265,674
2264,674
2264,674
2263,675
2262,675
2262,675
2261,676
2260,677
2259,678
2258,679
2257,680
2256,682
2254,684
2253,686
2252,688
2250,690
2248,693
2247,695
2245,698
2243,701
2242,704
2240,707
2238,710
2236,713
2235,716
2233,719
2231,722
2229,725
2228,727
2226,730
2225,732
2224,734
2223,736
2222,737
2221,739
2220,740
2219,741
2218,742
2217,743
2216,744
2215,745
2215,746
2214,747
2213,748
2212,749
2211,750
2210,751
2209,752
2208,753
2207,754
2206,756
2205,757
2204,758
2203,759
2202,760
2201,761
2200,762
2198,764
2197,765
2196,766
2195,767
2193,768
2192,769
2191,770
2190,771
2189,771
2188,772
2186,772
2186,772
2185,772
2184,772
2183,771
2183,770
2182,769
2182,768
2181,767
2181,765
2181,763
2180,762
2180,760
2180,758
2180,756
2179,755
2179,753
2179,752
2178,751
2178,750
2177,750
2176,749
2175,749
2174,750
2173,751
2172,752
2170,754
2168,756
2167,758
2165,761
2162,764
2160,767
2158,771
2155,775
2153,779
2150,783
2148,788
2145,792
2143,797
2140,801
2138,805
2136,810
2133,814
2131,818
2129,821
2127,825
2125,828
2123,831
2121,834
2120,836
2118,838
2117,840
2115,842
2114,844
2113,845
2112,846
2110,847
2109,848
2108,849
2107,850
2106,851
2105,852
2104,852
2102,853
2101,854
2100,854
2099,855
2097,856
2096,857
2095,857
2093,858
2092,859
2090,860
2089,861
2087,862
2086,863
2084,864
2083,865
2081,866
2079,867
2078,868
2076,869
2074,870
2073,871
2071,872
2069,873
2068,873
2066,874
2064,875
2063,875
2061,876
2060,876
2058,877
2057,877
2055,877
2053,878
2052,878
2050,878
2049,879
2047,879
2046,880
2044,880
2043,880
2041,881
2040,881
2038,882
2036,883
2035,883
2033,884
2031,884
2030,885
2028,886
2026,886
2024,887
2023,888
2021,888
2019,889
2018,889
2016,890
2015,890
2013,891
2011,891
2010,891
2008,892
2007,892
2005,893
2004,893
2002,893
2001,894
1999,894
1998,895
1996,895
1995,895
1994,896
1992,897
1991,897
1989,898
1988,898
1986,899
1985,900
1983,901
1982,901
1981,902
1979,903
1978,904
1976,905
1975,906
1974,907
1972,907
1971,908
1970,909
1969,910
1968,911
1967,911
1966,912
1965,913
1964,913
1963,914
1962,914
1961,915
1960,915
1960,915
1959,916
1958,916
1958,917
1957,917
1956,917
1956,918
1955,918
1954,918
1954,918
1953,919
1953,919
1952,919
1952,919
1951,919
1950,919
1950,919
1949,919
1949,919
1948,919
1948,919
1947,919
1947,918
1946,918
1946,918
1945,918
1945,917
1944,917
1943,917
1943,916
1942,916
1942,916
1941,915
1940,915
1940,915
1939,914
1938,914
1938,914
1937,914
1936,914
1935,914
1934,914
1934,914
1933,914
1932,914
1931,914
1930,914
1929,914
1928,914
1927,914
1926,914
1925,914
1924,914
1923,913
1922,913
1922,912
1921,912
1920,911
1919,910
1918,909
1918,908
1917,907
1916,905
1916,904
1915,903
1914,901
1913,900
1913,899
1912,898
1911,896
1910,895
1910,894
1909,894
1908,893
1907,892
1906,892
1904,892
1903,892
1902,893
1900,894
1899,895
1897,897
1896,899
1894,900
1892,902
1891,905
1889,907
1887,909
1885,911
1883,913
1882,915
1880,917
1878,918
1876,919
1875,921
1873,921
1872,922
1870,922
1869,923
1868,922
1866,922
1865,921
1864,920
1863,919
1862,918
1861,916
1859,915
1858,913
1857,911
1856,909
1855,907
1854,905
1853,902
1852,900
1851,897
1850,895
1849,892
1848,890
1847,887
1846,885
1845,883
1844,880
1842,878
1841,876
1840,874
1839,871
1837,869
1836,867
1834,864
1833,861
1832,859
1830,856
1829,853
1827,849
1826,846
1825,843
1823,840
1822,836
1820,833
1818,830
1817,827
1815,823
1813,820
1811,817
1810,814
1808,811
1806,808
1804,805
1802,803
1800,800
1798,797
1796,795
1794,792
1792,790
1790,787
1788,785
1786,783
1784,780
1782,778
1779,776
1777,774
1775,772
1773,770
1771,768
1769,766
1766,764
1764,762
1762,760
1760,758
1758,756
1756,754
1754,752
1752,750
1750,748
1748,745
1746,743
1744,740
1742,738
1740,735
1738,732
1736,730
1735,727
1733,724
1731,722
1730,719
1728,716
1726,713
1725,711
1723,708
1722,705
1720,703
1719,700
1717,697
1716,695
1715,692
1713,690
1712,687
1711,685
1710,683
1709,681
1708,679
1706,677
1705,675
1705,673
1704,671
1703,669
1702,668
1701,666
1700,665
1699,664
1698,663
1697,662
1697,662
1696,661
1695,661
1694,661
1693,660
1692,660
1691,660
1691,659
1690,659
1689,659
1688,658
1688,658
1687,658
1686,657
1685,657
1685,657
1684,656
1683,655
1683,654
1682,653
1682,652
1681,651
1681,649
1681,648
1680,646
1680,644
1680,641
1680,639
1680,637
1680,635
1680,632
1680,630
1680,629
1680,627
1680,625
1680,624
1680,624
1680,623
1680,623
1680,623
1680,624
1680,624
1680,625
1680,625
1680,626
1681,626
1681,627
1681,627
1681,627
1682,627
1682,627
1682,627
1683,626
1683,625
1684,624
1685,623
1685,621
1686,619
1687,617
1687,615
1688,613
1689,610
1690,608
1691,605
1691,602
1692,600
1693,597
1694,595
1694,593
1695,592
1695,590
1696,589
1696,589
1696,589
1697,589
1697,589
1697,590
1697,592
1697,593
1696,595
1696,597
1696,599
1695,602
1695,604
1694,606
1694,608
1693,611
1693,612
1692,614
1691,616
1691,617
1690,618
1690,619
1689,620
1688,620
1688,621
1687,621
1686,620
1686,620
1685,619
1685,618
1684,617
1683,616
1683,615
1682,613
1681,612
1680,611
1680,610
1679,609
1678,608
1677,608
1676,608
1675,608
1674,609
1673,609
1672,611
1670,612
1669,615
1668,617
1666,620
1665,623
1663,627
1662,630
1660,634
1659,637
1657,641
1656,644
1654,647
1653,650
1651,653
1650,655
1649,658
1647,660
1646,661
1645,663
1644,665
1643,666
1641,667
1640,668
1639,669
1638,669
1637,670
1636,670
1635,670
1634,670
1634,670
1633,670
1632,669
1631,669
1630,668
1629,667
1629,666
1628,665
1627,663
1627,661
1626,659
1625,657
1625,654
1624,651
1624,648
1623,645
1623,641
1622,637
1622,633
1622,628
1622,623
1621,618
1621,612
1621,606
1621,600
1621,594
1621,588
1621,583
1621,577
1621,572
1621,568
1621,564
1621,560
1621,557
1621,554
1621,552
1621,550
1622,549
1622,548
1622,548
1622,547
1622,548
1622,549
1622,550
1622,551
1623,553
1623,554
1623,557
1623,559
1624,561
1624,564
1624,567
1625,570
1625,573
1625,576
1626,580
1626,584
1627,588
1627,593
1627,598
1628,603
1628,608
1629,613
1629,618
1630,623
1630,627
1631,632
1632,637
1632,641
1633,646
1634,650
1635,654
1636,657
1638,660
1639,663
1640,665
1642,667
1644,668
1646,668
1648,668
1650,668
1652,667
1654,666
1657,664
1659,662
1662,660
1664,657
1667,655
1670,652
1672,649
1675,646
1678,644
1680,641
1683,639
1685,636
1688,634
1690,633
1693,631
1695,631
1697,630
1699,630
1701,630
1703,631
1704,632
1706,633
1707,634
1709,636
1710,637
1711,639
1713,641
1714,642
1715,644
1716,646
1717,647
1718,649
1719,650
1720,651
1721,652
1722,653
1723,654
1724,655
1725,655
1725,655
1726,656
1727,656
1728,656
1728,657
1729,657
1729,657
1730,658
1730,658
1731,659
1731,660
1731,661
1731,662
1731,664
1731,665
1731,668
1731,670
1730,673
1730,676
1729,679
1729,683
1728,686
1727,690
1726,694
1726,697
1725,701
1724,704
1723,707
1722,710
1722,712
1721,714
1720,715
1719,715
1719,716
1718,715
1717,714
1717,713
1716,710
1716,708
1715,705
1715,702
1715,698
1714,695
1714,691
1713,688
1713,684
1712,682
1711,679
1710,677
1710,676
1709,675
1708,675
1707,675
1705,676
1704,677
1703,679
1702,681
1700,683
1699,685
1698,688
1696,691
1695,693
1694,696
1693,698
1691,700
1690,702
1689,704
1688,705
1687,706
1686,707
1685,708
1683,708
1683,708
1682,708
1681,707
1680,707
1679,706
1678,705
1677,704
1676,704
1675,703
1675,702
1674,701
1673,700
1672,700
1672,699
1671,698
1670,697
1669,697
1669,696
1668,695
1668,695
1667,694
1667,693
1666,692
1666,690
1666,689
1665,686
1665,684
1665,681
1665,677
1665,674
1665,670
1665,666
1665,661
1665,657
1665,653
1665,648
1665,644
1665,639
1665,635
1665,631
1665,627
1665,623
1664,620
1664,616
1664,613
1664,611
1663,608
1663,606
1662,604
1662,603
1661,602
1660,602
1659,601
1659,601
1658,601
1657,601
1656,601
1655,601
1655,601
1654,602
1653,602
1652,602
1651,603
1650,603
1649,603
1648,603
1647,603
1646,602
1645,602
1644,601
1643,599
1642,597
1642,596
1641,593
1640,591
1639,589
1638,586
1638,584
1637,582
1636,579
1635,577
1634,575
1633,573
1632,571
1631,569
1631,567
1630,566
1629,565
1628,563
1627,562
1625,561
1624,560
1623,559
1622,557
1621,556
1620,554
1619,552
1618,551
1617,548
1616,546
1615,544
1614,541
1613,539
1612,536
1611,534
1610,532
1609,531
1608,530
1607,529
1606,529
1605,529
1604,530
1602,531
1601,533
1600,536
1598,539
1597,542
1596,546
1594,549
1593,553
1591,557
1590,561
1588,564
1587,568
1586,571
1584,574
1583,576
1582,578
1581,579
1579,580
1578,581
1577,580
1576,580
1575,579
1574,578
1573,576
1572,575
1571,573
1570,570
1569,568
1568,565
1567,563
1566,560
1565,557
1564,555
1563,552
1561,549
1560,547
1559,544
1558,542
1557,539
1556,537
1555,535
1554,533
1553,530
1551,528
1550,526
1549,524
1548,521
1547,519
1546,517
1545,514
1544,512
1543,510
1542,508
1541,507
1540,506
1539,505
1538,506
1537,506
1536,508
1535,510
1534,513
1533,516
1531,521
1530,525
1529,531
1528,537
1526,543
1525,549
1524,555
1522,562
1521,568
1520,574
1519,580
1518,585
1517,589
1515,593
1514,596
1513,598
1512,600
1511,601
1510,601
1509,601
1509,600
1508,598
1507,596
1506,594
1505,592
1504,589
1503,586
1502,583
1501,580
1500,577
1499,574
1498,571
1496,569
1495,567
1494,565
1492,564
1491,563
1490,562
1488,562
1487,562
1485,563
1483,563
1482,565
1480,566
1479,568
1477,570
1476,572
1474,574
1473,577
1471,579
1470,582
1469,584
1467,586
1466,589
1465,591
1464,592
1463,593
1462,594
1461,594
1460,593
1459,593
1458,591
1457,589
1456,587
1455,583
1455,580
1454,576
1453,571
1452,567
1451,562
1451,556
1450,551
1449,545
1448,539
1447,533
1446,527
1445,521
1444,515
1443,509
1442,504
1441,499
1440,494
1439,490
1439,487
1438,484
1437,482
1436,481
1435,480
1434,479
1433,479
1432,480
1431,481
1430,482
1430,484
1429,485
1428,487
1427,488
1426,490
1425,491
1425,492
1424,493
1423,493
1422,493
1422,493
1421,493
1420,492
1420,492
1419,491
1418,491
1418,491
1417,491
1417,491
1416,492
1416,493
1415,494
1415,496
1415,498
1414,500
1414,502
1414,505
1413,508
1413,510
1413,513
1413,515
1412,518
1412,520
1412,522
1412,524
1412,525
1412,525
1412,525
1412,525
1412,523
1412,521
1412,519
1412,516
1412,512
1412,508
1412,503
1412,498
1412,493
1413,488
1413,483
1413,478
1413,474
1413,470
1413,467
1413,465
1413,464
1413,464
1413,464
1413,465
1413,467
1413,469
1413,471
1413,474
1413,477
1413,479
1413,482
1413,484
1413,486
1413,488
1413,489
1413,489
1413,488
1413,487
1413,485
1413,483
1412,480
1412,476
1412,473
1412,470
1412,466
1412,463
1412,459
1412,456
1412,453
1412,451
1412,449
1412,447
1412,446
1412,445
1412,445
1411,445
1411,446
1411,447
1411,447
1411,448
1411,449
1411,450
1411,451
1410,451
1410,450
1410,449
1410,448
1410,445
1410,442
1410,438
1410,433
1409,427
1409,420
1409,413
1409,406
1409,398
1409,390
1408,382
1408,375
1408,367
1407,360
1407,354
1407,348
1406,344
1406,340
1405,337
1405,335
1405,334
1404,334
1404,335
1403,336
1403,338
1402,339
1401,341
1401,342
1400,343
1399,344
1399,344
1398,343
1397,342
1396,339
1395,337
1393,334
1392,330
1391,327
1390,323
1388,319
1387,315
1385,312
1383,308
1382,305
1380,301
1378,298
1376,295
1374,292
1372,289
1370,287
1368,284
1366,282
1364,280
1362,277
1359,275
1357,273
1355,271
1352,269
1350,267
1348,264
1345,261
1343,257
1341,253
1338,248
1336,243
1333,237
1331,231
1328,224
1325,217
1323,209
1320,201
1318,194
1315,186
1312,178
1310,172
1307,166
1305,160
1302,156
1300,151
1297,148
1295,145
1293,142
1291,139
1289,137
1287,134
1285,132
1283,129
1281,127
1279,124
1277,121
1275,118
1273,115
1271,113
1269,110
1266,107
1264,105
1261,103
1258,102
1255,101
1252,101
1249,102
1245,103
1241,105
1237,108
1233,111
1228,116
1224,120
1219,125
1213,130
1208,135
1202,141
1196,146
1189,151
1182,155
1175,159
1167,162
1160,164
1151,164
1143,164
1134,162
1125,158
1116,153
1107,148
1098,141
1089,133
1081,125
1072,116
1064,108
1056,101
1049,95
1042,89
1036,85
1031,82
1026,81
1022,80
1018,81
1015,83
1013,86
1012,90
1011,95
1010,101
1011,107
1011,114
1012,121
1014,128
1015,134
1017,141
1019,146
1022,151
1024,155
1026,157
1028,158
1029,158
1031,156
1032,153
1032,149
1032,143
1032,136
1031,127
1029,118
1027,108
1025,98
1022,87
1019,77
1016,67
1013,57
1010,49
1007,42
1004,36
1001,32
999,29
996,28
995,29
993,32
992,36
991,42
990,49
990,57
990,65
991,75
992,85
993,95
994,106
995,116
997,126
999,136
1001,146
1002,154
1004,162
1006,169
1008,175
1009,180
1010,184
1011,186
1012,187
1013,186
1013,184
1012,180
1012,176
1011,170
1010,163
1008,155
1007,147
1005,138
1004,128
1002,119
1000,109
998,100
997,91
995,82
994,74
993,67
992,60
991,55
990,50
990,46
990,43
990,40
990,39
991,37
991,37
992,37
993,38
994,38
995,40
996,41
997,42
998,44
999,46
1000,47
1001,49
1002,51
1003,53
1005,55
1006,57
1007,59
1008,61
1009,62
1010,64
1011,65
1012,66
1013,67
1014,68
1015,70
1016,71
1017,73
1019,75
1020,77
1021,80
1023,84
1024,88
1026,93
1027,98
1029,104
1030,111
1032,118
1034,126
1035,133
1037,142
1039,150
1041,159
1043,167
1045,175
1047,183
1048,190
1050,197
1052,203
1053,208
1055,212
1056,214
1057,216
1057,217
1058,216
1058,215
1059,212
1059,208
1059,204
1059,199
1058,193
1058,187
1058,180
1058,173
1058,166
1057,159
1057,152
1057,146
1058,140
1058,135
1058,130
1059,127
1060,124
1061,122
1062,121
1064,121
1066,122
1067,124
1069,126
1072,129
1074,132
1076,136
1079,140
1081,144
1084,148
1086,152
1089,156
1091,160
1093,164
1096,168
1098,172
1100,176
1101,179
1103,182
1104,185
1106,188
1107,191
1108,194
1109,196
1110,199
1111,202
1112,205
1112,207
1113,210
1114,213
1115,216
1116,219
1116,222
1117,225
1118,227
1118,230
1119,232
1119,234
1120,235
1120,237
1121,238
1121,239
1122,240
1122,240
1122,240
1122,240
1123,240
1123,239
1123,239
1123,238
1123,238
1123,237
1123,237
1123,236
1123,236
1123,236
1123,237
1123,237
1123,238
1123,239
1123,241
1123,242
1123,244
1123,246
1123,248
1123,251
1123,254
1123,257
1123,260
1123,263
1123,267
1123,271
1123,276
1123,280
1123,285
1123,290
1123,295
1123,300
1123,306
1123,311
1123,317
1123,322
1123,328
1123,333
1123,338
1123,344
1123,348
1123,353
1123,357
1123,361
1122,364
1122,367
1121,370
1120,371
1120,373
1119,373
1118,373
1116,372
1115,371
1114,369
1112,366
1110,363
1108,358
1107,354
1105,349
1102,343
1100,337
1098,331
1096,324
1094,318
1091,312
1089,306
1087,301
1085,296
1083,291
1081,287
1079,284
1078,282
1076,280
1075,279
1073,280
1072,281
1071,282
1070,285
1069,289
1069,293
1068,298
1068,304
1068,310
1067,316
1067,323
1067,330
1067,338
1067,345
1067,353
1067,361
1068,369
1068,376
1068,383
1068,390
1068,396
1068,401
1068,406
1068,410
1068,413
1067,415
1067,416
1066,417
1065,417
1064,416
1062,414
1061,412
1059,409
1057,405
1055,401
1052,397
1050,392
1047,386
1044,381
1041,375
1038,370
1035,364
1032,359
1029,354
1026,349
1023,344
1020,339
1017,335
1014,331
1012,328
1009,325
1007,322
1005,320
1003,318
1001,316
999,315
998,314
997,313
996,312
995,311
994,311
993,310
993,309
993,308
993,307
993,306
993,305
993,303
993,301
993,299
994,296
994,293
994,290
995,287
995,284
996,280
996,277
997,273
997,269
998,264
998,260
999,256
999,251
1000,247
1000,243
1001,238
1001,234
1001,230
1002,225
1002,221
1002,217
1003,214
1003,210
1003,207
1003,204
1003,201
1004,199
1004,197
1004,195
1004,194
1005,193
1005,193
1005,193
1006,194
1006,196
1007,198
1008,201
1009,204
1010,208
1011,212
1012,217
1013,222
1014,227
1016,233
1017,239
1019,245
1020,251
1022,258
1023,264
1025,271
1026,277
1028,284
1029,290
1031,296
1032,302
1033,308
1035,313
1036,318
1037,323
1038,328
1039,332
1040,336
1041,339
1041,342
1042,345
1043,347
1044,350
1045,352
1045,353
1046,355
1047,356
1048,358
1049,359
1050,360
1051,361
1052,362
1053,363
1054,364
1055,365
1057,366
1058,367
1060,368
1061,369
1063,369
1065,370
1066,370
1068,369
1070,369
1072,369
1074,369
1076,368
1077,368
1079,367
1081,366
1083,365
1085,364
1087,363
1088,361
1090,360
1092,359
1093,358
1095,357
1096,356
1098,355
1100,355
1101,355
1103,355
1104,355
1106,356
1107,357
1109,359
1110,361
1111,363
1113,366
1114,368
1116,371
1117,374
1118,378
1120,381
1121,384
1122,387
1124,390
1125,393
1126,396
1128,399
1129,401
1130,404
1131,406
1132,407
1134,409
1135,410
1136,411
1137,411
1138,412
1139,412
1140,412
1142,412
1143,412
1144,412
1145,412
1146,412
1147,412
1148,412
1149,412
1151,412
1152,413
1153,413
1154,414
1155,414
1156,415
1157,415
1159,416
1160,417
1161,417
1162,418
1163,418
1164,418
1165,418
1167,418
1168,418
1169,417
1170,417
1171,416
1172,416
1173,415
1174,415
1175,415
1176,415
1177,415
1178,415
1179,416
1180,416
1181,417
1182,418
1183,420
1185,421
1186,422
1187,424
1188,425
1189,427
1190,429
1191,432
1192,434
1193,436
1194,439
1195,441
1196,444
1197,446
1198,448
1199,450
1200,452
1201,454
1201,456
1202,457
1203,458
1204,459
1204,460
1205,461
1206,462
1206,462
1207,462
1207,462
1208,462
1208,462
1208,462
1209,462
1209,462
1209,462
1210,462
1210,461
1210,461
1210,461
1211,461
1211,461
1211,461
1211,460
1212,460
1212,460
1212,460
1212,460
1212,460
1212,460
1213,461
1213,461
1213,462
1213,462
1214,463
1214,464
1214,464
1214,465
1215,465
1215,466
1215,467
1215,468
1216,468
1216,469
1217,471
1217,472
1217,473
1218,475
1218,477
1219,478
1219,480
1220,482
1220,484
1221,486
1222,487
1222,489
1223,491
1224,494
1224,496
1225,498
1226,501
1227,503
1228,505
1228,508
1229,510
1230,512
1231,515
1232,517
1233,520
1233,523
1234,526
1235,529
1236,532
1237,535
1238,539
1239,542
1240,546
1241,549
1242,553
1243,556
1244,560
1245,563
1246,567
1247,570
1248,573
1249,576
1251,578
1252,580
1253,582
1254,583
1256,584
1257,583
1259,583
1261,581
1262,580
1264,577
1267,575
1269,572
1271,569
1274,566
1276,564
1279,561
1282,559
1285,557
1288,555
1291,554
1294,553
1297,552
1300,552
1303,552
1306,552
1310,553
1313,553
1317,554
1320,555
1323,556
1327,556
1330,557
1334,557
1338,557
1341,557
1345,556
1349,555
1352,553
1356,551
1360,549
1364,546
1368,543
1372,540
1376,536
1380,532
1384,528
1388,524
1392,520
1396,517
1400,514
1404,511
1408,509
1412,508
1416,507
1420,507
1424,508
1427,509
1431,511
1434,514
1438,516
1441,520
1445,523
1448,526
1451,530
1454,533
1457,537
1460,540
1463,543
1467,545
1470,547
1473,548
1476,549
1479,549
1482,550
1485,549
1488,549
1492,548
1495,547
1498,546
1501,545
1504,543
1507,541
1510,540
1513,538
1517,537
1520,535
1523,534
1525,533
1528,532
1531,532
1534,531
1537,531
1540,531
1543,532
1545,532
1548,533
1551,533
1553,534
1556,535
1559,535
1562,536
1564,536
1567,536
1569,537
1572,537
1575,538
1577,538
1580,539
1582,539
1584,540
1587,541
1589,542
1591,543
1593,544
1595,546
1597,547
1599,548
1601,550
1603,551
1605,553
1606,555
1608,556
1609,558
1611,560
1612,562
1614,564
1615,567
1616,569
1617,572
1618,576
1619,579
1619,584
1620,588
1620,593
1620,598
1621,603
1621,609
1621,615
1621,621
1621,627
1620,633
1620,639
1620,645
1620,650
1619,655
1619,660
1619,664
1619,668
1619,671
1618,673
1618,675
1618,676
1618,677
1619,676
1619,675
1619,673
1620,670
1620,667
1621,664
1621,660
1622,655
1622,651
1623,646
1623,641
1624,637
1625,633
1625,628
1626,625
1626,621
1627,618
1627,616
1627,613
1627,612
1627,611
1628,610
1628,609
1628,609
1628,609
1628,609
1628,609
1628,609
1628,609
1627,609
1627,609
1627,608
1627,608
1627,607
1627,606
1628,605
1628,604
1628,602
1628,601
1628,600
1628,599
1628,597
1628,596
1628,595
1628,593
1629,592
1629,591
1629,590
1629,589
1630,589
1630,588
1630,588
1631,587
1631,587
1632,587
1632,587
1633,587
1634,587
1635,587
1635,587
1636,587
1637,588
1638,588
1640,588
1641,588
1642,588
1643,588
1645,588
1646,588
1648,588
1649,588
1651,588
1652,588
1654,588
1656,588
1657,588
1659,588
1661,589
1663,589
1664,589
1666,589
1668,589
1670,589
1672,589
1674,589
1676,588
1678,588
1680,587
1682,586
1684,585
1686,584
1688,583
1691,581
1693,580
1695,578
1697,577
1699,575
1702,573
1704,571
1706,569
1708,567
1710,565
1712,563
1715,561
1717,559
1719,556
1721,554
1723,551
1725,549
1727,547
1729,544
1731,542
1732,540
1734,538
1736,536
1737,534
1739,532
1740,530
1742,529
1743,527
1745,526
1746,524
1747,523
1748,522
1749,520
1750,519
1751,518
1752,517
1753,515
1754,514
1755,513
1756,511
1757,510
1758,508
1758,506
1759,505
1760,503
1761,501
1761,498
1762,496
1763,494
1763,491
1764,488
1765,486
1765,483
1766,480
1766,477
1767,474
1768,472
1768,469
1769,466
1770,463
1770,460
1771,456
1772,453
1772,450
1773,446
1774,442
1775,439
1776,435
1777,431
1778,427
1779,424
1779,420
1780,417
1781,413
1782,410
1783,407
1784,403
1785,400
1786,397
1787,394
1788,390
1789,387
1790,383
1791,380
1792,377
1793,373
1794,370
1795,366
1796,363
1797,360
1798,356
1799,353
1800,350
1801,348
1802,345
1803,342
1804,340
1805,337
1806,335
1807,333
1808,331
1809,329
1809,327
1810,325
1811,323
1812,321
1813,319
1814,317
1814,316
1815,314
1816,313
1817,312
1818,311
1818,310
1819,309
1819,309
1820,310
1821,310
1821,311
1821,312
1822,313
1822,315
1822,316
1823,317
1823,319
1824,320
1824,322
1824,324
1825,325
1825,327
1825,329
1825,331
1826,333
1826,335
1827,336
1827,338
1827,339
1828,340
1829,341
1829,342
1830,342
1831,341
1831,341
1832,339
1833,338
1834,336
1836,333
1837,330
1838,326
1840,322
1841,317
1843,312
1844,307
1846,302
1847,296
1849,291
1851,285
1852,279
1854,274
1855,268
1857,263
1858,258
1859,253
1860,249
1862,245
1863,241
1864,238
1864,235
1865,232
1866,230
1866,229
1867,228
1867,227
1867,227
1868,227
1868,227
1868,228
1868,228
1868,230
1868,231
1868,232
1867,234
1867,236
1867,238
1867,241
1867,243
1866,246
1866,249
1866,252
1866,255
1865,258
1865,262
1865,266
1864,270
1864,275
1863,280
1863,285
1862,291
1862,297
1861,303
1861,309
1860,316
1859,323
1858,329
1858,336
1857,343
1856,350
1856,356
1855,362
1855,368
1854,374
1854,379
1854,384
1854,388
1854,391
1854,394
1855,396
1855,397
1856,397
1857,397
1858,396
1860,395
1861,393
1862,390
1864,387
1866,384
1868,380
1869,376
1871,372
1873,368
1875,364
1877,359
1879,355
1881,351
1883,347
1885,344
1886,341
1888,338
1889,336
1891,334
1892,333
1893,332
1894,332
1895,332
1896,332
1896,334
1897,335
1898,337
1898,340
1898,343
1899,346
1899,350
1899,355
1899,360
1899,365
1899,370
1898,375
1898,381
1898,387
1898,393
1898,399
1898,404
1898,410
1898,415
1899,420
1899,424
1900,429
1900,432
1901,436
1902,439
1903,442
1904,445
1906,447
1907,449
1909,451
1910,452
1912,454
1914,455
1916,456
1918,457
1920,457
1922,458
1924,459
1926,460
1929,461
1931,462
1933,463
1935,464
1938,466
1940,467
1942,469
1944,471
1947,473
1949,476
1951,478
1953,481
1955,484
1958,487
1960,490
1962,493
1965,496
1967,499
1970,502
1973,505
1975,507
1978,509
1981,512
1985,514
1988,515
1991,517
1995,519
1998,520
2002,522
2006,523
2010,524
2014,526
2018,527
2022,528
2026,529
2031,530
2035,532
2040,533
2044,534
2049,536
2053,537
2058,538
2062,540
2067,541
2072,543
2077,545
2081,546
2086,548
2091,550
2096,552
2100,553
2105,555
2110,557
2115,559
2120,560
2125,562
2130,564
2135,565
2139,567
2144,569
2149,570
2154,572
2159,574
2164,575
2169,577
2173,578
2178,580
2183,582
2187,584
2192,586
2196,587
2201,589
2205,591
2210,593
2214,595
2218,597
2223,600
2227,602
2231,604
2235,606
2240,608
2244,611
2248,613
2252,615
2256,618
2260,620
2264,622
2268,624
2272,626
2276,628
2280,630
2283,632
2287,634
2291,636
2295,638
2299,639
2303,641
2307,642
2311,644
2315,645
2318,647
2322,648
2326,650
2330,651
2334,653
2337,654
2341,656
2345,657
2349,659
2353,660
2356,662
2360,664
2364,665
2367,667
2371,669
2375,671
2379,672
2382,674
2386,676
2389,678
2393,680
2397,682
2400,684
2404,686
2407,688
2411,691
2414,693
2417,695
2421,697
2424,699
2427,700
2430,702
2434,704
2437,705
2440,707
2443,708
2446,710
2449,711
2452,713
2454,714
2457,715
2459,717
2462,718
2464,719
2466,720
2469,721
2471,721
2473,722
2474,723
2476,723
2478,723
2480,724
2481,724
2483,724
2484,724
2485,724
2486,723
2488,723
2489,722
2490,721
2491,720
2492,719
2493,718
2494,717
2495,716
2496,714
2496,713
2497,711
2498,709
2499,708
2499,706
2500,704
2501,702
2501,699
2502,697
2502,695
2503,693
2503,690
2503,688
2504,686
2504,684
2504,682
2504,680
2504,678
2504,676
2504,674
2503,672
2503,670
2503,669
2502,667
2501,665
2501,664
2500,662
2499,661
2498,660
2497,659
2496,659
2495,658
2493,658
2491,659
2489,659
2487,661
2485,662
2482,664
2480,666
2477,669
2474,671
2471,674
2468,677
2465,681
2462,684
2459,687
2456,689
2453,692
2450,694
2448,696
2445,697
2443,698
2441,699
2440,699
2438,698
2437,698
2436,697
2434,695
2433,694
2432,692
2431,690
2431,688
2430,686
2429,685
2428,683
2427,681
2425,680
2424,679
2423,678
2421,677
2420,676
2418,676
2416,675
2415,675
2413,675
2411,675
2408,676
2406,676
2404,676
2402,676
2400,677
2397,677
2395,678
2393,678
2391,678
2389,678
2386,679
2384,679
2382,679
2381,678
2379,678
2377,678
2375,677
2374,676
2373,675
2371,674
2370,673
2369,672
2368,670
2367,669
2366,667
2366,666
2365,664
2364,663
2363,661
2362,659
2361,658
2361,656
2360,654
2359,652
2358,650
2358,647
2357,645
2356,642
2355,639
2355,636
2354,633
2353,630
2353,627
2352,624
2351,621
2350,618
2349,615
2348,612
2347,610
2346,607
2345,605
2343,603
2342,601
2340,600
2339,598
2338,597
2336,595
2335,593
2334,592
2333,590
2332,588
2331,586
2330,584
2329,582
2327,580
2326,579
2325,577
2324,576
2323,574
2321,573
2320,573
2318,572
2316,572
2315,571
2313,571
2311,571
2309,571
2307,571
2305,571
2303,571
2302,571
2300,571
2298,570
2297,570
2295,569
2294,568
2293,567
2291,565
2290,564
2289,562
2288,560
2287,558
2286,556
2285,554
2285,552
2284,549
2283,547
2282,544
2281,542
2280,540
2280,537
2279,535
2278,533
2277,531
2276,529
2274,528
2273,527
2271,526
2270,525
2268,524
2266,524
2264,524
2262,524
2260,524
2258,524
2256,525
2254,525
2252,526
2250,526
2248,527
2246,527
2244,528
2241,529
2239,529
2237,530
2235,530
2233,531
2231,531
2229,532
2227,532
2225,533
2223,533
2221,533
2219,533
2217,533
2216,533
2214,533
2212,532
2211,532
2209,531
2208,530
2207,528
2206,527
2204,525
2203,524
2202,522
2201,520
2200,517
2199,515
2199,513
2198,511
2197,510
2195,508
2194,506
2193,505
2192,504
2190,503
2189,503
2187,504
2185,504
2183,506
2180,508
2177,511
2174,515
2171,519
2168,524
2164,529
2160,534
2157,540
2153,546
2149,552
2145,559
2141,565
2137,570
2133,576
2130,580
2126,585
2123,588
2120,591
2118,593
2116,594
2114,595
2112,595
2111,593
2109,592
2109,589
2108,585
2108,581
2108,577
2108,572
2108,566
2108,560
2108,554
2109,548
2109,542
2110,536
2110,531
2110,525
2110,520
2110,515
2110,511
2110,507
2109,503
2109,501
2108,498
2107,496
2106,494
2105,493
2103,492
2102,491
2101,490
2099,489
2098,489
2096,488
2095,487
2093,486
2092,486
2090,485
2089,483
2088,482
2086,481
2085,480
2084,478
2082,477
2081,476
2080,474
2079,473
2077,471
2076,470
2075,468
2073,467
2072,466
2071,465
2069,463
2068,462
2067,461
2065,459
2064,458
2063,457
2061,456
2060,454
2059,453
2057,452
2056,450
2055,449
2053,448
2052,446
2051,445
2050,444
2048,442
2047,441
2046,439
2045,438
2043,437
2042,435
2041,434
2039,433
2038,432
2037,431
2035,430
2034,429
2032,429
2030,428
2029,428
2027,428
2025,428
2023,428
2021,429
2019,429
2018,430
2016,430
2013,431
2011,432
2009,432
2007,433
2005,433
2003,434
2001,434
1999,434
1997,434
1995,434
1993,434
1991,434
1990,433
1988,432
1986,431
1984,431
1983,429
1981,428
1979,427
1978,425
1976,423
1974,422
1973,419
1971,417
1970,415
1968,412
1967,410
1966,407
1964,405
1963,402
1961,400
1959,397
1958,396
1956,394
1954,393
1952,392
1950,392
1948,392
1945,393
1943,394
1941,396
1938,398
1936,400
1933,402
1930,405
1927,407
1925,410
1922,413
1919,416
1916,419
1913,421
1910,424
1907,426
1905,428
1902,430
1899,431
1896,431
1893,431
1891,431
1888,430
1886,428
1883,425
1881,422
1879,418
1877,413
1875,408
1873,403
1871,397
1869,390
1868,384
1866,377
1865,371
1863,364
1862,357
1860,350
1859,344
1858,338
1856,332
1855,326
1854,321
1852,316
1851,311
1850,307
1848,303
1847,299
1846,295
1844,292
1843,288
1842,285
1840,281
1839,278
1837,275
1836,271
1834,268
1833,265
1831,261
1830,257
1828,254
1827,250
1826,245
1824,240
1823,235
1822,230
1820,224
1819,218
1818,212
1817,205
1816,198
1815,191
1814,184
1813,177
1812,170
1811,163
1810,157
1808,150
1807,144
1806,138
1804,132
1803,127
1801,123
1799,119
1797,115
1795,112
1792,110
1790,109
1787,108
1784,108
1781,108
1778,110
1775,112
1772,115
1768,118
1764,122
1761,127
1757,132
1753,138
1749,144
1745,150
1741,156
1737,163
1734,169
1730,175
1726,181
1722,186
1718,190
1714,194
1710,197
1707,199
1703,201
1699,201
1696,200
1692,198
1689,195
1685,192
1682,187
1679,181
1675,174
1672,167
1669,159
1666,151
1663,142
1660,133
1657,124
1654,115
1651,107
1648,98
1645,90
1642,83
1640,76
1637,70
1634,65
1631,61
1628,58
1626,56
1623,54
1620,54
1617,54
1614,55
1611,56
1608,59
1604,62
1601,66
1598,70
1594,74
1591,79
1587,85
1583,90
1580,96
1576,101
1572,107
1568,112
1564,118
1560,123
1556,129
1551,134
1547,138
1543,143
1538,146
1534,149
1529,152
1525,154
1520,155
1516,155
1511,155
1507,154
1502,153
1497,151
1493,148
1488,146
1483,142
1479,139
1474,135
1469,131
1465,126
1460,122
1455,117
1450,113
1446,109
1441,105
1436,101
1431,98
1427,95
1422,92
1417,90
1413,88
1408,86
1404,85
1400,84
1396,83
1392,82
1388,81
1385,81
1381,80
1378,80
1374,79
1371,79
1368,78
1365,77
1363,76
1360,74
1358,72
1355,70
1353,68
1351,65
1349,62
1348,59
1346,57
1344,54
1343,52
1342,51
1340,50
1339,50
1338,50
1337,52
1336,53
1335,55
1334,57
1333,60
1332,62
1332,64
1331,67
1330,68
1329,70
1328,70
1327,70
1326,70
1325,68
1323,66
1322,63
1321,59
1320,55
1319,50
1318,45
1317,40
1316,34
1315,27
1314,20
1313,13
1312,6
1311,0
1311,-8
1310,-16
1309,-24
1309,-32
1308,-40
1307,-48
1307,-55
1307,-62
1306,-69
1306,-75
1306,-80
1306,-85
1306,-89
1306,-92
1306,-94
1306,-96
1306,-97
1306,-98
1306,-99
1306,-99
1307,-98
1307,-98
1307,-96
1307,-95
1307,-93
1308,-91
1308,-89
1308,-86
1308,-83
1308,-80
1308,-77
1308,-73
1308,-69
1308,-65
1308,-61
1308,-57
1308,-53
1308,-49
1308,-45
1308,-42
1307,-38
1307,-36
1307,-33
1307,-31
1307,-29
1306,-28
1306,-27
1306,-26
1305,-26
1305,-25
1305,-24
1304,-23
1304,-22
1304,-19
1303,-17
1302,-13
1302,-9
1301,-4
1300,0
1300,6
1299,12
1298,19
1297,26
1296,33
1295,40
1294,48
1293,56
1292,65
1291,73
1290,81
1289,90
1288,98
1287,107
1286,114
1285,122
1284,129
1283,135
1283,140
1282,145
1282,148
1281,151
1281,152
1281,153
