2259,758
2259,758
2258,758
2258,759
2257,759
2257,760
2256,761
2255,761
2255,762
2254,763
2253,764
2252,766
2251,767
2251,768
2250,769
2249,771
2248,773
2247,774
2246,776
2245,778
2244,781
2243,783
2243,785
2242,788
2241,790
2241,793
2240,795
2240,798
2239,801
2239,804
2239,807
2239,810
2239,813
2239,817
2239,820
2240,824
2240,828
2240,832
2240,836
2241,840
2241,845
2241,850
2241,856
2240,861
2240,867
2240,873
2239,879
2239,886
2238,892
2238,899
2237,905
2236,912
2236,918
2235,925
2235,931
2235,938
2234,944
2235,950
2235,956
2235,961
2236,966
2237,971
2239,976
2240,981
2242,985
2244,989
2247,993
2249,997
2252,1001
2254,1004
2257,1008
2261,1011
2264,1014
2268,1017
2271,1020
2275,1023
2279,1026
2284,1028
2288,1031
2293,1034
2297,1036
2302,1039
2306,1042
2311,1045
2315,1048
2320,1051
2325,1054
2329,1057
2334,1060
2339,1063
2344,1065
2349,1068
2354,1070
2359,1072
2365,1074
2370,1076
2376,1078
2381,1079
2387,1080
2392,1082
2398,1083
2404,1084
2409,1086
2415,1087
2420,1089
2425,1090
2431,1092
2436,1094
2440,1096
2445,1099
2450,1101
2454,1104
2459,1106
2463,1109
2467,1112
2471,1115
2475,1118
2479,1121
2483,1125
2487,1128
2491,1131
2495,1135
2499,1138
2503,1142
2507,1146
2511,1149
2514,1153
2518,1157
2522,1160
2526,1164
2530,1167
2534,1170
2537,1173
2542,1176
2546,1178
2550,1181
2554,1183
2558,1185
2562,1187
2566,1189
2570,1192
2574,1194
2577,1196
2581,1198
2584,1200
2587,1202
2590,1205
2593,1207
2595,1210
2597,1212
2599,1215
2600,1217
2601,1220
2602,1223
2603,1225
2603,1228
2603,1231
2603,1234
2602,1237
2601,1239
2599,1242
2597,1245
2595,1248
2593,1251
2590,1254
2587,1257
2584,1260
2581,1263
2577,1265
2574,1268
2570,1270
2567,1272
2563,1274
2560,1275
2556,1277
2553,1278
2550,1279
2547,1279
2544,1279
2541,1280
2539,1279
2537,1279
2535,1278
2533,1278
2532,1277
2530,1275
2529,1274
2529,1272
2528,1271
2528,1269
2528,1267
2528,1264
2528,1262
2528,1260
2529,1257
2529,1255
2530,1253
2530,1250
2531,1248
2532,1246
2532,1244
2532,1242
2533,1241
2533,1239
2533,1238
2533,1237
2532,1236
2532,1235
2531,1235
2530,1235
2530,1234
2529,1234
2527,1234
2526,1234
2525,1234
2523,1235
2522,1235
2520,1236
2518,1236
2516,1237
2514,1238
2512,1239
2510,1240
2508,1240
2506,1241
2503,1242
2501,1243
2499,1244
2497,1245
2495,1246
2492,1247
2490,1248
2488,1248
2486,1249
2484,1250
2482,1250
2480,1250
2478,1251
2477,1251
2475,1251
2473,1251
2471,1252
2470,1252
2468,1252
2467,1252
2465,1252
2464,1252
2462,1252
2461,1252
2459,1252
2457,1252
2456,1252
2454,1252
2453,1252
2451,1252
2449,1252
2448,1253
2446,1253
2444,1254
2442,1254
2440,1255
2438,1255
2436,1256
2434,1256
2432,1257
2430,1258
2428,1258
2426,1259
2424,1259
2422,1260
2420,1260
2418,1261
2416,1261
2414,1262
2413,1262
2411,1263
2409,1263
2407,1264
2405,1264
2402,1265
2400,1265
2398,1265
2396,1266
2394,1266
2392,1267
2390,1267
2388,1267
2386,1268
2384,1268
2382,1268
2380,1269
2378,1269
2376,1270
2374,1270
2372,1270
2370,1271
2367,1271
2365,1272
2363,1272
2361,1273
2359,1274
2357,1274
2354,1275
2352,1276
2350,1276
2348,1277
2346,1278
2343,1278
2341,1279
2339,1280
2337,1280
2335,1281
2333,1281
2331,1282
2329,1282
2327,1283
2325,1283
2323,1284
2321,1284
2319,1284
2317,1285
2316,1285
2314,1285
2312,1285
2310,1285
2308,1285
2307,1286
2305,1286
2303,1286
2301,1286
2300,1286
2298,1286
2296,1286
2294,1286
2292,1286
2291,1286
2289,1287
2287,1287
2285,1287
2283,1287
2281,1288
2279,1288
2277,1289
2275,1289
2272,1290
2270,1291
2268,1291
2266,1292
2264,1293
2261,1294
2259,1294
2257,1295
2255,1296
2252,1297
2250,1298
2248,1298
2246,1299
2244,1300
2241,1300
2239,1301
2237,1302
2235,1302
2233,1303
2231,1303
2229,1304
2227,1304
2225,1304
2223,1305
2221,1305
2220,1305
2218,1305
2216,1305
2214,1306
2212,1306
2210,1306
2208,1306
2207,1306
2205,1306
2203,1306
2201,1306
2199,1305
2198,1305
2196,1305
2194,1305
2192,1306
2190,1306
2188,1306
2186,1306
2184,1306
2182,1306
2180,1306
2178,1307
2176,1307
2174,1307
2172,1308
2170,1308
2168,1308
2166,1309
2164,1309
2162,1309
2160,1310
2158,1310
2156,1310
2154,1310
2152,1310
2150,1311
2148,1311
2146,1311
2144,1311
2142,1312
2140,1312
2138,1312
2136,1312
2135,1313
2133,1313
2131,1313
2129,1313
2127,1314
2125,1314
2123,1314
2121,1314
2119,1314
2117,1315
2116,1315
2114,1315
2112,1315
2110,1315
2108,1315
2106,1315
2105,1315
2103,1315
2101,1315
2099,1315
2098,1315
2096,1314
2094,1314
2092,1314
2091,1314
2089,1314
2087,1314
2085,1314
2083,1314
2082,1314
2079,1315
2077,1316
2075,1316
2073,1318
2071,1319
2068,1320
2066,1321
2063,1323
2061,1325
2058,1326
2056,1328
2053,1330
2050,1331
2048,1333
2045,1334
2043,1336
2040,1337
2038,1338
2035,1339
2033,1340
2031,1341
2029,1341
2027,1341
2025,1341
2023,1341
2021,1341
2019,1341
2018,1340
2016,1340
2015,1339
2013,1338
2012,1337
2010,1336
2009,1335
2007,1335
2006,1334
2005,1333
2003,1333
2002,1333
2000,1332
1999,1332
1997,1332
1995,1333
1994,1333
1992,1334
1990,1334
1989,1335
1987,1336
1985,1336
1984,1337
1982,1338
1980,1339
1979,1340
1977,1340
1975,1341
1973,1342
1972,1343
1970,1344
1968,1345
1967,1346
1965,1347
1963,1348
1962,1349
1960,1350
1958,1351
1957,1352
1955,1352
1953,1353
1952,1354
1950,1355
1948,1357
1946,1358
1945,1359
1943,1360
1941,1361
1939,1362
1938,1363
1936,1364
1934,1365
1932,1366
1931,1367
1929,1368
1927,1369
1925,1370
1924,1371
1922,1372
1921,1373
1919,1373
1918,1374
1916,1375
1915,1375
1913,1376
1912,1376
1910,1377
1909,1377
1908,1378
1906,1378
1905,1378
1904,1379
1902,1379
1901,1380
1899,1380
1898,1381
1896,1381
1894,1382
1893,1382
1891,1383
1889,1383
1888,1384
1886,1385
1884,1385
1883,1386
1881,1386
1879,1387
1877,1387
1876,1387
1874,1388
1872,1388
1871,1388
1869,1388
1867,1388
1866,1388
1864,1388
1863,1387
1861,1387
1860,1387
1859,1386
1857,1385
1856,1385
1855,1384
1853,1383
1852,1382
1851,1382
1850,1381
1849,1380
1847,1379
1846,1378
1845,1378
1844,1377
1842,1376
1841,1376
1840,1376
1838,1375
1837,1375
1836,1375
1834,1375
1833,1375
1831,1376
1829,1376
1828,1377
1826,1378
1824,1378
1823,1379
1821,1381
1819,1382
1817,1384
1815,1386
1813,1388
1811,1390
1809,1393
1807,1396
1805,1398
1803,1401
1801,1404
1799,1407
1797,1410
1795,1413
1794,1416
1792,1418
1791,1421
1790,1423
1789,1425
1788,1427
1787,1428
1787,1429
1787,1430
1787,1430
1787,1431
1787,1430
1788,1430
1789,1429
1790,1428
1791,1427
1792,1425
1794,1423
1795,1422
1797,1420
1799,1417
1801,1415
1803,1413
1805,1411
1807,1409
1810,1407
1812,1406
1814,1404
1816,1403
1818,1402
1821,1401
1823,1400
1825,1400
1827,1399
1829,1399
1831,1399
1834,1400
1836,1400
1838,1401
1840,1401
1843,1402
1845,1402
1847,1403
1850,1404
1852,1404
1855,1405
1857,1405
1860,1405
1863,1406
1866,1406
1868,1406
1871,1406
1874,1406
1877,1406
1880,1406
1883,1406
1886,1405
1889,1405
1892,1405
1895,1405
1898,1405
1901,1405
1904,1405
1906,1406
1909,1406
1911,1407
1914,1408
1916,1409
1918,1410
1920,1411
1922,1412
1924,1413
1927,1414
1929,1415
1931,1416
1933,1417
1936,1417
1938,1418
1941,1418
1943,1418
1946,1418
1949,1418
1952,1418
1955,1417
1959,1416
1962,1415
1966,1414
1969,1412
1973,1411
1976,1409
1980,1407
1984,1406
1987,1404
1990,1402
1994,1401
1997,1399
2000,1397
2003,1396
2005,1395
2008,1394
2010,1393
2012,1392
2013,1391
2015,1391
2016,1391
2016,1390
2017,1390
2017,1391
2017,1391
2017,1391
2017,1392
2016,1392
2016,1392
2015,1393
2014,1393
2013,1393
2012,1394
2011,1394
2010,1394
2008,1394
2007,1394
2006,1394
2005,1393
2003,1393
2002,1393
2000,1392
1999,1392
1997,1391
1996,1391
1994,1390
1993,1389
1992,1388
1990,1387
1989,1386
1988,1385
1987,1383
1986,1382
1985,1380
1984,1378
1983,1376
1983,1373
1982,1371
1982,1369
1981,1366
1981,1364
1981,1361
1981,1359
1981,1356
1981,1354
1981,1351
1981,1349
1981,1347
1981,1345
1981,1344
1981,1342
1981,1341
1981,1340
1981,1339
1980,1338
1980,1337
1980,1337
1980,1337
1979,1337
1979,1337
1979,1337
1978,1338
1978,1338
1977,1339
1977,1340
1977,1340
1976,1341
1976,1342
1975,1343
1975,1343
1974,1344
1974,1344
1973,1344
1973,1344
1972,1344
1971,1343
1970,1342
1969,1340
1968,1339
1966,1336
1965,1334
1963,1331
1961,1328
1958,1325
1956,1321
1953,1317
1950,1313
1947,1309
1944,1305
1940,1300
1936,1296
1933,1291
1929,1286
1924,1282
1920,1277
1916,1273
1912,1269
1907,1264
1903,1260
1899,1256
1894,1252
1890,1249
1886,1245
1882,1242
1878,1239
1874,1236
1870,1234
1867,1232
1863,1230
1860,1228
1857,1227
1854,1225
1851,1224
1848,1223
1845,1222
1842,1222
1839,1221
1836,1221
1833,1220
1830,1220
1827,1220
1823,1220
1820,1220
1817,1220
1814,1221
1810,1221
1807,1222
1803,1223
1799,1224
1795,1225
1791,1226
1787,1227
1783,1229
1779,1230
1775,1232
1770,1234
1766,1236
1762,1238
1757,1240
1753,1241
1748,1243
1744,1245
1739,1246
1735,1247
1731,1249
1726,1250
1722,1251
1718,1251
1714,1252
1709,1253
1705,1253
1701,1253
1697,1253
1693,1254
1689,1254
1686,1253
1682,1253
1678,1253
1674,1253
1671,1253
1667,1252
1663,1252
1659,1252
1656,1252
1652,1252
1648,1251
1645,1251
1641,1251
1637,1251
1633,1252
1629,1252
1626,1252
1622,1252
1618,1253
1615,1253
1611,1254
1607,1254
1603,1255
1600,1256
1596,1257
1592,1258
1589,1259
1585,1260
1581,1261
1578,1262
1574,1263
1570,1264
1566,1266
1562,1267
1558,1268
1554,1270
1550,1271
1546,1273
1542,1274
1537,1276
1533,1278
1529,1280
1524,1281
1520,1283
1515,1285
1510,1288
1506,1290
1501,1292
1496,1294
1492,1296
1487,1298
1483,1300
1478,1302
1473,1304
1469,1306
1464,1308
1460,1310
1455,1312
1451,1314
1447,1316
1442,1318
1438,1320
1433,1322
1429,1324
1425,1326
1421,1328
1416,1330
1412,1333
1408,1335
1403,1337
1399,1340
1395,1342
1390,1345
1386,1347
1382,1350
1377,1352
1373,1355
1369,1358
1365,1360
1361,1363
1357,1366
1353,1368
1349,1371
1345,1373
1341,1376
1338,1378
1335,1381
1331,1383
1328,1386
1325,1388
1322,1390
1319,1392
1316,1395
1313,1397
1310,1400
1307,1402
1304,1404
1301,1407
1297,1409
1294,1412
1290,1414
1287,1417
1283,1420
1279,1422
1275,1425
1271,1428
1267,1431
1263,1434
1259,1437
1255,1440
1250,1444
1246,1447
1241,1450
1237,1454
1232,1457
1228,1460
1224,1463
1219,1466
1215,1469
1211,1472
1207,1475
1203,1478
1199,1480
1195,1483
1191,1485
1188,1488
1185,1490
1181,1493
1178,1495
1176,1498
1173,1500
1170,1503
1168,1505
1165,1507
1163,1510
1161,1512
1159,1515
1157,1517
1155,1520
1154,1523
1152,1525
1150,1528
1149,1531
1148,1534
1147,1536
1145,1539
1144,1542
1144,1545
1143,1548
1142,1552
1141,1555
1141,1558
1140,1561
1140,1564
1140,1568
1139,1571
1139,1574
1139,1577
1139,1580
1139,1583
1139,1586
1139,1589
1139,1592
1139,1595
1140,1598
1140,1601
1141,1603
1141,1606
1142,1609
1143,1612
1144,1614
1145,1617
1146,1619
1147,1621
1148,1624
1149,1626
1150,1628
1152,1630
1153,1631
1154,1633
1156,1635
1157,1637
1159,1638
1161,1640
1162,1641
1164,1643
1166,1644
1167,1645
1169,1647
1171,1648
1173,1649
1175,1650
1176,1652
1178,1653
1180,1654
1182,1655
1184,1657
1186,1658
1188,1659
1190,1660
1191,1662
1193,1663
1195,1664
1197,1665
1199,1666
1201,1667
1203,1668
1205,1669
1206,1669
1208,1670
1210,1670
1212,1670
1214,1671
1216,1671
1217,1671
1219,1670
1221,1670
1223,1670
1224,1669
1226,1669
1228,1668
1230,1667
1231,1666
1233,1666
1235,1665
1236,1664
1238,1663
1240,1662
1242,1661
1243,1660
1245,1659
1246,1658
1248,1657
1250,1656
1251,1656
1253,1655
1254,1654
1256,1654
1257,1653
1259,1653
1260,1653
1262,1652
1263,1652
1264,1651
1265,1651
1267,1650
1268,1650
1269,1649
1270,1648
1271,1648
1272,1647
1273,1646
1274,1644
1275,1643
1276,1642
1276,1640
1277,1638
1278,1636
1278,1634
1279,1632
1280,1630
1280,1628
1281,1626
1281,1623
1281,1621
1282,1619
1282,1616
1282,1614
1283,1611
1283,1609
1283,1606
1283,1604
1284,1601
1284,1599
1284,1596
1284,1594
1284,1592
1285,1590
1285,1588
1285,1586
1285,1584
1285,1583
1285,1581
1285,1580
1286,1578
1286,1577
1286,1575
1286,1574
1286,1572
1286,1571
1287,1569
1287,1567
1287,1566
1287,1564
1287,1562
1288,1560
1288,1557
1288,1555
1288,1553
1289,1551
1289,1548
1289,1546
1290,1544
1290,1541
1290,1539
1290,1537
1291,1534
1291,1532
1291,1530
1292,1528
1292,1525
1292,1523
1293,1521
1293,1519
1293,1517
1294,1515
1294,1513
1294,1511
1294,1509
1295,1507
1295,1505
1296,1503
1296,1501
1296,1499
1297,1497
1297,1496
1297,1494
1298,1492
1298,1490
1298,1489
1299,1487
1299,1485
1299,1483
1300,1481
1300,1479
1301,1477
1301,1475
1302,1473
1302,1471
1303,1469
1304,1466
1304,1464
1305,1462
1306,1460
1306,1458
1307,1456
1308,1454
1309,1452
1310,1450
1311,1448
1312,1445
1313,1443
1314,1441
1315,1438
1316,1436
1317,1433
1318,1431
1319,1428
1320,1425
1321,1422
1322,1420
1323,1417
1324,1414
1325,1411
1326,1409
1327,1406
1328,1404
1329,1401
1330,1398
1331,1396
1332,1393
1333,1391
1334,1389
1335,1386
1336,1384
1337,1382
1338,1379
1339,1377
1340,1375
1341,1373
1342,1370
1342,1368
1343,1366
1344,1364
1345,1362
1346,1359
1347,1357
1348,1355
1349,1352
1350,1350
1350,1347
1351,1345
1352,1342
1353,1339
1354,1337
1354,1334
1355,1331
1356,1328
1356,1325
1357,1322
1358,1318
1358,1315
1359,1312
1359,1309
1359,1306
1360,1303
1360,1300
1361,1297
1361,1294
1361,1291
1362,1288
1362,1285
1362,1282
1362,1279
1362,1277
1363,1274
1363,1272
1363,1269
1363,1267
1363,1265
1363,1263
1363,1261
1363,1260
1363,1258
1363,1256
1362,1255
1362,1253
1362,1251
1362,1250
1362,1248
1361,1247
1361,1246
1361,1244
1360,1243
1360,1241
1359,1240
1359,1239
1359,1237
1358,1236
1358,1234
1357,1233
1357,1231
1356,1230
1355,1228
1355,1226
1354,1224
1354,1222
1353,1220
1352,1218
1352,1216
1351,1214
1351,1212
1350,1210
1349,1208
1348,1205
1348,1203
1347,1201
1346,1199
1346,1197
1345,1195
1344,1192
1343,1190
1343,1188
1342,1186
1341,1184
1341,1182
1340,1180
1339,1178
1338,1176
1338,1174
1337,1172
1336,1170
1336,1169
1335,1167
1334,1165
1334,1164
1333,1162
1333,1160
1332,1159
1331,1157
1331,1156
1330,1155
1330,1153
1329,1151
1329,1150
1328,1148
1328,1147
1328,1145
1327,1143
1327,1141
1327,1140
1326,1138
1326,1136
1326,1134
1325,1132
1325,1130
1325,1128
1325,1126
1325,1123
1325,1121
1325,1119
1325,1117
1325,1114
1325,1112
1325,1109
1325,1107
1325,1105
1325,1102
1325,1100
1326,1098
1326,1095
1326,1093
1326,1091
1326,1089
1326,1088
1327,1086
1327,1085
1327,1083
1327,1082
1327,1081
1327,1081
1327,1080
1327,1079
1327,1079
1327,1078
1327,1078
1327,1077
1327,1077
1327,1076
1326,1076
1326,1075
1326,1075
1325,1074
1325,1074
1325,1073
1324,1072
1324,1071
1323,1070
1323,1069
1322,1068
1321,1067
1321,1066
1320,1064
1319,1063
1318,1062
1317,1061
1317,1060
1316,1059
1315,1058
1314,1057
1313,1056
1312,1056
1311,1055
1310,1055
1310,1055
1309,1055
1308,1055
1307,1056
1306,1056
1305,1057
1304,1058
1303,1059
1302,1061
1302,1063
1301,1065
1300,1067
1299,1070
1299,1073
1298,1076
1297,1079
1297,1083
1296,1087
1295,1092
1295,1096
1294,1101
1294,1107
1293,1112
1293,1118
1293,1124
1293,1130
1292,1136
1292,1142
1292,1148
1292,1154
1292,1160
1292,1166
1292,1171
1292,1176
1292,1181
1292,1185
1292,1188
1292,1192
1292,1194
1293,1196
1293,1198
1293,1199
1294,1199
1294,1199
1294,1199
1295,1198
1295,1196
1296,1195
1296,1193
1297,1191
1297,1189
1298,1188
1299,1186
1299,1184
1300,1183
1301,1181
1302,1180
1303,1179
1304,1179
1305,1179
1306,1179
1307,1179
1309,1180
1310,1181
1311,1182
1313,1183
1314,1185
1316,1186
1318,1188
1319,1190
1321,1192
1323,1194
1324,1197
1326,1199
1328,1201
1330,1203
1332,1204
1333,1206
1335,1208
1337,1209
1339,1211
1341,1212
1342,1213
1344,1215
1346,1216
1347,1216
1349,1217
1350,1218
1352,1219
1353,1220
1355,1221
1356,1221
1357,1222
1359,1223
1360,1224
1361,1225
1362,1225
1363,1226
1364,1227
1365,1228
1366,1229
1367,1230
1368,1231
1369,1231
1369,1232
1370,1233
1371,1234
1372,1235
1372,1236
1373,1237
1374,1238
1374,1239
1375,1240
1376,1241
1376,1241
1377,1242
1378,1243
1378,1244
1379,1244
1379,1245
1380,1245
1380,1245
1381,1245
1381,1246
1382,1246
1382,1246
1382,1246
1383,1245
1383,1245
1383,1245
1383,1244
1383,1244
1383,1243
1383,1242
1383,1241
1383,1240
1383,1239
1382,1238
1382,1237
1382,1236
1381,1235
1381,1235
1380,1234
1380,1234
1379,1234
1378,1234
1377,1234
1377,1235
1376,1235
1375,1236
1374,1238
1373,1239
1372,1240
1371,1241
1370,1242
1368,1244
1367,1245
1366,1246
1364,1246
1363,1247
1361,1247
1359,1247
1358,1247
1356,1247
1354,1246
1352,1246
1350,1245
1348,1244
1346,1243
1344,1242
1342,1241
1340,1240
1338,1239
1336,1237
1334,1236
1332,1234
1330,1233
1327,1232
1325,1231
1323,1230
1321,1229
1318,1228
1316,1228
1314,1228
1311,1228
1309,1228
1307,1228
1304,1228
1302,1229
1299,1229
1296,1229
1294,1230
1291,1230
1288,1230
1285,1231
1282,1231
1279,1231
1276,1231
1273,1231
1270,1232
1267,1232
1264,1232
1261,1232
1258,1233
1255,1233
1252,1234
1249,1235
1246,1236
1243,1237
1240,1239
1237,1240
1234,1242
1231,1244
1228,1246
1225,1248
1223,1250
1220,1252
1217,1254
1215,1256
1212,1258
1210,1260
1207,1262
1205,1264
1203,1266
1201,1268
1199,1270
1197,1271
1195,1273
1193,1274
1192,1275
1190,1275
1189,1275
1188,1275
1186,1275
1185,1274
1185,1273
1184,1272
1183,1270
1183,1268
1183,1265
1182,1263
1182,1260
1182,1257
1183,1253
1183,1249
1184,1245
1184,1241
1185,1236
1186,1232
1187,1227
1188,1222
1189,1217
1190,1212
1192,1207
1193,1202
1195,1198
1196,1193
1198,1188
1200,1184
1202,1179
1204,1175
1205,1170
1207,1166
1209,1162
1211,1158
1213,1154
1215,1150
1217,1146
1219,1143
1221,1140
1222,1136
1224,1133
1226,1131
1228,1128
1230,1125
1232,1122
1234,1120
1236,1118
1238,1115
1240,1113
1242,1110
1244,1108
1246,1106
1249,1104
1251,1102
1254,1099
1257,1097
1260,1095
1263,1093
1266,1090
1269,1088
1273,1085
1276,1082
1280,1079
1283,1075
1287,1071
1291,1067
1295,1063
1299,1058
1303,1054
1307,1048
1311,1043
1314,1038
1318,1032
1322,1026
1326,1021
1330,1015
1334,1010
1337,1005
1341,1000
1345,996
1348,992
1351,989
1354,987
1358,984
1360,983
1363,982
1366,981
1369,981
1371,982
1373,983
1376,984
1378,985
1380,987
1382,988
1384,990
1386,992
1388,994
1390,996
1392,997
1394,999
1396,1000
1398,1000
1399,1000
1401,999
1403,998
1405,996
1407,994
1409,991
1411,988
1413,984
1414,979
1416,975
1418,970
1420,964
1422,959
1424,953
1426,948
1428,943
1430,938
1431,934
1433,930
1435,926
1436,923
1438,921
1439,919
1440,918
1442,917
1443,917
1444,918
1445,918
1447,919
1448,921
1449,922
1450,924
1451,926
1453,928
1454,930
1455,932
1456,934
1458,936
1459,938
1460,939
1462,940
1463,941
1464,942
1466,942
1468,943
1469,943
1471,943
1472,943
1474,942
1476,942
1477,941
1479,941
1481,940
1483,939
1485,939
1486,938
1488,938
1490,938
1492,938
1494,938
1496,938
1497,938
1499,939
1501,939
1503,940
1505,941
1507,941
1508,942
1510,943
1512,944
1514,944
1516,945
1517,945
1519,946
1521,946
1522,947
1524,947
1526,948
1527,948
1529,948
1531,949
1532,949
1534,950
1536,951
1538,951
1539,952
1541,953
1543,954
1544,955
1546,957
1548,958
1550,960
1551,961
1553,963
1555,965
1557,967
1558,969
1560,971
1562,973
1564,975
1566,977
1567,979
1569,981
1571,983
1573,984
1575,986
1577,987
1579,988
1581,989
1583,989
1585,990
1587,990
1588,991
1590,991
1592,991
1594,992
1595,993
1597,994
1599,995
1600,997
1601,998
1603,1000
1604,1003
1605,1005
1606,1008
1608,1011
1609,1014
1610,1017
1610,1021
1611,1024
1612,1028
1613,1032
1614,1035
1615,1039
1615,1042
1616,1045
1617,1048
1618,1051
1619,1053
1620,1056
1621,1057
1622,1058
1623,1059
1624,1060
1626,1059
1627,1059
1629,1058
1630,1057
1632,1055
1634,1054
1636,1052
1638,1050
1640,1048
1642,1046
1644,1045
1646,1043
1648,1042
1650,1040
1652,1039
1654,1038
1657,1038
1659,1037
1661,1036
1663,1036
1665,1035
1667,1034
1670,1033
1672,1033
1674,1032
1676,1031
1679,1029
1681,1028
1684,1026
1686,1025
1689,1023
1692,1021
1694,1019
1697,1016
1699,1014
1702,1011
1705,1008
1707,1005
1710,1002
1713,999
1715,996
1718,993
1720,990
1722,987
1725,984
1727,981
1729,979
1731,976
1733,974
1734,972
1736,970
1738,968
1739,966
1741,965
1742,963
1744,962
1745,961
1747,960
1748,959
1750,958
1751,957
1753,956
1755,955
1757,955
1759,954
1761,954
1763,954
1765,954
1767,954
1769,955
1771,956
1773,957
1775,959
1777,961
1779,964
1781,967
1783,970
1784,973
1786,977
1787,981
1788,986
1789,990
1790,995
1791,1000
1792,1005
1792,1010
1793,1015
1793,1020
1794,1024
1795,1028
1795,1032
1796,1035
1797,1037
1798,1040
1799,1041
1800,1043
1802,1043
1803,1043
1805,1043
1807,1042
1809,1041
1811,1039
1813,1037
1815,1034
1818,1032
1820,1029
1823,1025
1825,1022
1828,1019
1831,1015
1833,1012
1836,1009
1839,1006
1841,1003
1844,1000
1846,997
1849,995
1851,993
1853,991
1856,990
1858,988
1860,987
1862,986
1864,985
1866,984
1868,984
1870,983
1872,983
1874,982
1876,982
1878,981
1879,981
1881,981
1883,980
1885,980
1887,979
1888,979
1890,979
1891,979
1893,980
1894,980
1896,981
1897,981
1898,982
1900,983
1901,984
1902,985
1903,986
1904,987
1905,989
1906,990
1907,992
1908,994
1908,996
1909,998
1909,1000
1910,1003
1910,1005
1911,1008
1911,1011
1912,1014
1912,1016
1912,1019
1912,1022
1913,1025
1913,1028
1913,1031
1913,1034
1914,1037
1914,1039
1915,1042
1915,1044
1915,1046
1916,1048
1917,1050
1917,1052
1918,1053
1919,1054
1920,1056
1921,1056
1922,1057
1923,1057
1924,1058
1925,1058
1927,1058
1928,1058
1929,1058
1930,1058
1932,1057
1933,1057
1934,1057
1935,1057
1937,1057
1938,1057
1939,1057
1940,1057
1941,1057
1941,1058
1942,1059
1943,1059
1944,1060
1944,1061
1945,1062
1945,1063
1946,1064
1946,1066
1946,1067
1947,1069
1947,1070
1947,1072
1947,1074
1947,1076
1947,1078
1947,1080
1947,1083
1947,1085
1947,1087
1947,1090
1947,1092
1947,1094
1947,1097
1947,1099
1947,1102
1947,1104
1946,1107
1946,1109
1946,1111
1946,1114
1946,1116
1946,1118
1946,1120
1946,1122
1947,1123
1947,1125
1947,1126
1947,1128
1947,1129
1947,1130
1948,1132
1948,1133
1948,1134
1948,1136
1948,1137
1948,1139
1947,1141
1947,1142
1947,1144
1946,1146
1946,1148
1945,1151
1944,1153
1943,1156
1942,1159
1941,1162
1940,1165
1939,1168
1937,1171
1936,1174
1935,1176
1934,1179
1933,1181
1932,1182
1931,1184
1931,1185
1930,1185
1930,1185
1930,1185
1930,1185
1930,1183
1930,1182
1930,1180
1930,1179
1930,1177
1931,1175
1931,1173
1931,1171
1931,1170
1931,1169
1931,1168
1931,1167
1930,1167
1930,1167
1929,1167
1928,1168
1927,1170
1926,1171
1924,1173
1923,1175
1922,1177
1920,1180
1919,1182
1917,1184
1916,1186
1915,1187
1914,1189
1913,1190
1912,1191
1911,1191
1911,1190
1911,1189
1911,1188
1911,1186
1912,1183
1912,1180
1913,1177
1914,1173
1916,1168
1917,1164
1919,1159
1920,1154
1922,1149
1923,1145
1925,1140
1927,1135
1928,1131
1930,1126
1931,1122
1932,1119
1934,1115
1935,1112
1936,1110
1937,1107
1938,1105
1939,1102
1940,1100
1941,1099
1941,1097
1942,1095
1943,1094
1943,1093
1944,1091
1945,1090
1946,1088
1946,1087
1947,1086
1948,1084
1948,1083
1949,1082
1950,1081
1951,1079
1951,1078
1952,1077
1952,1076
1953,1075
1954,1074
1954,1073
1955,1072
1955,1071
1956,1070
1956,1070
1957,1069
1957,1068
1957,1067
1958,1066
1958,1065
1959,1064
1959,1063
1960,1062
1960,1061
1960,1060
1961,1059
1961,1057
1962,1056
1962,1054
1962,1053
1962,1051
1963,1050
1963,1048
1963,1047
1963,1045
1963,1044
1963,1043
1963,1041
1962,1040
1962,1039
1961,1038
1961,1037
1960,1036
1959,1035
1959,1034
1958,1033
1957,1032
1955,1031
1954,1031
1953,1030
1952,1029
1950,1028
1949,1027
1947,1027
1946,1026
1944,1025
1942,1024
1941,1023
1939,1022
1937,1021
1936,1020
1934,1019
1932,1018
1931,1016
1929,1015
1927,1014
1926,1013
1924,1011
1922,1010
1921,1009
1919,1007
1918,1006
1916,1004
1915,1002
1913,1000
1912,999
1911,996
1910,994
1909,992
1908,990
1907,987
1907,985
1906,982
1906,979
1905,977
1905,974
1905,971
1904,968
1904,965
1904,962
1904,959
1904,956
1904,952
1905,949
1905,946
1905,943
1905,939
1906,936
1906,933
1907,930
1907,927
1907,923
1908,920
1908,917
1909,914
1910,910
1910,907
1911,904
1912,901
1912,898
1913,895
1914,892
1914,888
1915,885
1916,882
1917,879
1918,876
1918,873
1919,870
1920,868
1921,865
1921,862
1922,860
1923,857
1923,855
1924,853
1924,851
1925,849
1925,847
1925,845
1926,844
1926,842
1926,841
1926,839
1926,838
1927,836
1927,835
1927,834
1927,832
1927,831
1926,830
1926,829
1926,828
1926,827
1925,826
1925,825
1924,824
1923,824
1923,823
1922,823
1921,822
1920,822
1919,822
1918,821
1917,821
1916,821
1914,821
1913,821
1911,822
1910,822
1908,823
1906,824
1904,825
1902,827
1900,828
1898,830
1896,832
1893,834
1891,837
1888,839
1886,842
1883,845
1881,848
1878,851
1875,854
1873,857
1870,860
1868,863
1865,867
1863,870
1860,873
1858,876
1856,879
1853,882
1851,885
1849,888
1847,891
1845,894
1843,896
1842,899
1840,902
1839,904
1837,907
1836,909
1835,911
1834,914
1833,916
1832,919
1831,922
1831,924
1830,927
1829,930
1829,934
1828,937
1828,940
1828,943
1827,946
1827,950
1827,953
1827,955
1828,958
1828,960
1829,963
1829,964
1830,966
1831,967
1832,968
1833,968
1834,968
1836,968
1837,967
1838,966
1840,965
1841,963
1843,961
1845,959
1846,957
1848,954
1849,952
1851,949
1852,946
1853,944
1855,941
1856,938
1857,935
1858,933
1859,930
1859,928
1860,926
1861,924
1861,922
1862,921
1862,919
1863,918
1863,916
1863,915
1864,914
1864,913
1865,912
1865,910
1866,909
1866,908
1867,906
1868,905
1868,903
1869,902
1870,900
1871,899
1872,897
1873,895
1874,893
1875,891
1876,889
1877,888
1878,886
1879,884
1880,882
1881,880
1882,878
1883,876
1884,874
1885,873
1886,871
1887,869
1887,868
1888,866
1889,864
1890,863
1890,861
1891,859
1891,858
1892,856
1892,855
1893,854
1893,853
1893,852
1893,851
1893,850
1893,850
1893,849
1893,848
1892,848
1892,848
1892,847
1891,847
1891,846
1891,846
1890,846
1890,845
1889,845
1889,844
1888,844
1888,843
1888,842
1887,841
1887,840
1887,839
1887,838
1886,836
1886,834
1886,833
1886,831
1887,828
1887,826
1887,824
1887,821
1888,819
1888,816
1889,813
1889,811
1889,808
1890,805
1891,803
1891,800
1892,798
1892,795
1893,793
1893,790
1894,788
1895,786
1895,784
1896,782
1896,780
1897,778
1898,776
1898,774
1899,772
1900,770
1900,769
1901,767
1902,765
1903,763
1903,761
1904,759
1905,757
1906,755
1907,752
1908,750
1908,748
1909,746
1910,744
1911,742
1912,740
1913,738
1914,737
1915,735
1915,733
1916,732
1917,731
1918,730
1918,729
1919,728
1920,727
1920,727
1921,727
1922,727
1922,727
1923,727
1924,728
1924,728
1925,728
1926,729
1926,729
1927,730
1928,730
1929,731
1929,731
1930,732
1931,732
1932,732
1933,733
1934,733
1935,733
1936,733
1937,733
1938,733
1940,733
1941,733
1942,732
1943,732
1944,732
1946,731
1947,731
1948,731
1949,730
1950,730
1951,729
1952,729
1953,728
1954,728
1955,728
1956,728
1957,728
1957,728
1957,728
1958,729
1958,730
1958,731
1958,732
1957,734
1957,736
1956,739
1955,742
1954,745
1953,749
1951,754
1949,758
1947,764
1945,769
1943,775
1941,781
1938,787
1936,793
1933,799
1931,805
1928,810
1926,816
1923,821
1921,826
1919,830
1917,834
1915,837
1913,840
1911,842
1909,844
1908,845
1907,845
1905,845
1904,844
1903,843
1902,841
1902,839
1901,836
1900,833
1900,829
1899,826
1899,822
1899,818
1898,814
1898,810
1897,806
1896,803
1896,799
1895,796
1894,793
1894,790
1893,787
1892,785
1891,783
1890,781
1889,779
1888,778
1886,777
1885,776
1884,775
1883,774
1882,773
1881,772
1880,772
1878,771
1877,771
1876,771
1875,771
1873,771
1872,772
1871,772
1869,772
1868,773
1867,774
1865,774
1864,775
1862,777
1861,778
1859,780
1857,782
1856,784
1854,786
1852,789
1850,792
1848,796
1846,800
1844,803
1842,808
1840,812
1838,816
1836,820
1834,824
1831,828
1829,832
1827,836
1825,839
1822,843
1820,846
1818,848
1816,850
1814,852
1811,854
1809,854
1807,855
1805,855
1803,855
1802,854
1800,853
1798,851
1796,850
1795,848
1793,845
1792,843
1790,840
1789,838
1788,836
1786,833
1785,831
1784,830
1782,828
1781,827
1780,826
1778,826
1777,826
1776,826
1774,827
1773,828
1771,829
1770,831
1769,833
1767,835
1765,837
1764,840
1762,842
1761,845
1759,847
1757,850
1755,852
1754,854
1752,857
1750,859
1748,861
1746,863
1744,865
1742,867
1740,869
1738,871
1736,873
1734,875
1732,876
1730,877
1728,878
1725,879
1723,880
1721,880
1719,880
1717,880
1715,880
1713,879
1710,878
1708,877
1706,876
1704,875
1702,873
1700,872
1698,870
1696,868
1694,867
1692,865
1690,864
1688,862
1686,861
1684,860
1682,859
1680,858
1678,857
1677,857
1675,856
1673,856
1671,856
1669,856
1667,856
1665,856
1663,857
1661,858
1659,859
1657,860
1655,862
1653,864
1651,866
1649,868
1647,871
1645,873
1643,876
1641,879
1638,881
1636,884
1634,887
1632,889
1630,892
1628,895
1626,898
1624,900
1621,903
1619,905
1617,908
1615,911
1613,913
1611,916
1609,919
1607,921
1605,924
1603,926
1601,929
1599,931
1597,934
1595,936
1593,939
1591,941
1589,943
1587,945
1584,948
1582,950
1580,952
1578,955
1576,957
1573,960
1571,963
1569,966
1567,968
1564,972
1562,975
1560,978
1558,981
1555,985
1553,988
1551,992
1548,995
1546,999
1544,1003
1541,1007
1539,1010
1537,1014
1535,1018
1532,1022
1530,1026
1528,1030
1526,1034
1524,1038
1521,1042
1519,1046
1517,1051
1515,1055
1513,1059
1510,1064
1508,1068
1506,1072
1504,1077
1502,1081
1500,1086
1498,1090
1496,1095
1494,1099
1492,1104
1490,1108
1488,1113
1487,1117
1485,1121
1483,1126
1481,1130
1479,1134
1478,1138
1476,1143
1475,1147
1473,1151
1471,1155
1470,1159
1469,1164
1467,1168
1466,1172
1464,1176
1463,1180
1462,1184
1461,1188
1460,1192
1459,1196
1458,1200
1457,1204
1456,1208
1455,1212
1454,1216
1453,1220
1452,1223
1452,1227
1451,1231
1451,1235
1450,1239
1450,1243
1449,1247
1449,1251
1449,1255
1449,1259
1449,1262
1448,1266
1448,1270
1448,1274
1448,1278
1448,1282
1449,1286
1449,1290
1449,1294
1449,1298
1449,1302
1449,1306
1450,1310
1450,1314
1450,1318
1450,1322
1451,1325
1451,1329
1451,1333
1451,1337
1451,1341
1452,1344
1452,1348
1452,1351
1452,1355
1452,1358
1451,1361
1451,1365
1451,1368
1451,1371
1450,1374
1450,1377
1449,1380
1449,1382
1448,1385
1447,1387
1446,1390
1445,1392
1444,1394
1443,1396
1442,1398
1441,1400
1440,1401
1439,1403
1438,1404
1437,1405
1435,1406
1434,1407
1433,1408
1432,1409
1431,1410
1430,1410
1429,1411
1428,1411
1427,1412
1426,1412
1425,1412
1424,1413
1424,1413
1423,1414
1423,1414
1422,1415
1422,1416
1421,1416
1421,1417
1421,1418
1421,1419
1421,1421
1421,1422
1421,1423
1421,1425
1421,1426
1421,1428
1421,1430
1422,1431
1422,1433
1422,1435
1422,1437
1422,1439
1423,1441
1423,1443
1423,1446
1424,1448
1424,1450
1424,1453
1424,1455
1424,1458
1425,1461
1425,1463
1425,1466
1425,1469
1425,1472
1425,1475
1425,1478
1426,1482
1426,1485
1426,1488
1426,1492
1426,1495
1427,1499
1427,1502
1427,1506
1428,1509
1428,1513
1429,1517
1429,1520
1430,1524
1431,1527
1432,1530
1433,1534
1434,1537
1435,1540
1437,1543
1438,1546
1440,1548
1441,1551
1443,1553
1445,1556
1447,1558
1449,1560
1452,1562
1454,1564
1457,1566
1459,1568
1462,1570
1465,1572
1468,1573
1471,1575
1474,1577
1477,1578
1480,1580
1483,1581
1486,1583
1490,1584
1493,1585
1496,1587
1500,1588
1503,1589
1506,1591
1510,1592
1513,1593
1516,1594
1520,1595
1523,1597
1526,1598
1530,1599
1533,1600
1536,1601
1539,1602
1543,1603
1546,1604
1549,1605
1552,1606
1555,1607
1558,1608
1562,1609
1565,1610
1568,1611
1571,1612
1574,1612
1577,1613
1580,1614
1583,1615
1586,1616
1588,1617
1591,1618
1594,1619
1597,1620
1600,1621
1603,1622
1605,1624
1608,1625
1611,1626
1614,1628
1616,1629
1619,1631
1622,1632
1625,1633
1628,1635
1630,1636
1633,1638
1636,1639
1639,1641
1641,1642
1644,1644
1647,1645
1650,1647
1653,1649
1656,1650
1659,1651
1662,1653
1665,1654
1668,1656
1671,1657
1674,1658
1677,1659
1680,1660
1684,1661
1687,1662
1690,1663
1693,1664
1697,1665
1700,1666
1704,1667
1707,1667
1711,1668
1714,1669
1718,1669
1721,1670
1725,1670
1728,1671
1732,1672
1736,1672
1739,1673
1743,1673
1747,1674
1750,1674
1754,1674
1758,1675
1762,1675
1765,1676
1769,1676
1773,1676
1777,1677
1780,1677
1784,1678
1788,1679
1791,1680
1795,1680
1798,1681
1802,1682
1805,1683
1809,1684
1812,1685
1816,1686
1819,1687
1823,1688
1826,1689
1830,1691
1833,1692
1837,1693
1840,1694
1844,1695
1847,1695
1851,1696
1854,1697
1858,1698
1862,1698
1865,1699
1869,1699
1873,1700
1876,1700
1880,1700
1884,1700
1888,1701
1891,1701
1895,1701
1899,1701
1903,1701
1906,1701
1910,1701
1914,1701
1917,1701
1921,1701
1924,1701
1928,1701
1931,1701
1935,1700
1938,1700
1942,1700
1945,1700
1948,1700
1952,1700
1955,1700
1958,1700
1962,1699
1965,1699
1968,1699
1971,1698
1974,1698
1977,1698
1980,1697
1984,1697
1987,1696
1990,1696
1993,1695
1996,1695
1999,1694
2002,1693
2005,1692
2008,1692
2012,1691
2015,1690
2018,1689
2021,1689
2024,1688
2027,1687
2029,1687
2032,1686
2035,1685
2038,1684
2041,1684
2044,1683
2047,1682
2050,1682
2053,1681
2056,1680
2059,1680
2061,1679
2064,1678
2067,1678
2070,1677
2072,1677
2075,1676
2078,1676
2080,1676
2083,1675
2085,1675
2088,1675
2090,1675
2092,1675
2095,1674
2097,1674
2099,1674
2101,1674
2104,1674
2106,1674
2108,1673
2111,1673
2113,1673
2115,1673
2118,1672
2120,1672
2123,1671
2125,1671
2127,1670
2130,1670
2132,1669
2135,1669
2137,1668
2140,1667
2142,1667
2145,1666
2147,1665
2149,1665
2152,1664
2154,1664
2156,1663
2158,1663
2160,1662
2162,1662
2164,1662
2165,1662
2167,1662
2168,1662
2169,1662
2170,1662
2171,1662
2172,1663
2173,1663
2173,1663
2174,1664
2174,1664
2175,1665
2175,1665
2176,1666
2176,1666
2176,1666
2176,1667
2176,1667
2177,1667
2177,1667
2177,1667
2177,1667
2177,1667
2177,1666
2178,1666
2178,1666
2178,1665
2179,1665
2179,1664
2180,1664
2180,1663
2181,1662
2182,1661
2183,1660
2183,1659
2184,1658
2185,1657
2187,1656
2188,1655
2189,1654
2191,1653
2192,1652
2194,1651
2195,1650
2197,1649
2199,1647
2201,1646
2203,1645
2205,1644
2207,1643
2209,1643
2211,1642
2213,1641
2215,1640
2217,1639
2219,1639
2222,1638
2224,1638
2227,1638
2229,1637
2231,1637
2234,1638
2236,1638
2239,1638
2241,1639
2244,1640
2246,1641
2249,1642
2252,1643
2255,1644
2258,1646
2260,1647
2264,1649
2267,1651
2270,1653
2273,1654
2277,1656
2280,1658
2284,1660
2287,1662
2291,1663
2295,1665
2299,1667
2303,1668
2307,1669
2311,1671
2315,1672
2319,1673
2323,1674
2327,1674
2332,1675
2336,1675
2340,1676
2343,1676
2347,1676
2351,1676
2354,1677
2357,1677
2361,1677
2363,1677
2366,1678
2368,1678
2371,1679
2372,1679
2374,1680
2375,1681
2377,1682
2378,1683
2378,1684
2379,1685
2379,1686
2380,1687
2380,1688
2380,1689
2380,1691
2380,1692
2380,1693
2380,1694
2380,1696
2380,1697
2380,1698
2380,1699
2380,1699
2380,1700
2380,1701
2381,1701
2382,1702
2382,1702
2383,1702
2384,1702
2385,1702
2387,1701
2388,1701
2389,1701
2391,1700
2392,1699
2394,1699
2395,1698
2397,1697
2399,1697
2400,1696
2402,1695
2403,1694
2405,1693
2406,1692
2408,1691
2409,1691
2410,1690
2411,1689
2412,1688
2413,1687
2414,1687
2414,1686
2414,1685
2415,1684
2415,1684
2415,1683
2415,1683
2414,1682
2414,1682
2414,1681
2413,1681
2412,1680
2412,1680
2411,1679
2410,1679
2409,1678
2408,1678
2408,1677
2407,1677
2406,1676
2405,1675
2404,1675
2404,1674
2403,1673
2402,1672
2402,1671
2401,1670
2401,1669
2400,1668
2400,1666
2400,1665
2400,1663
2399,1662
2399,1660
2399,1659
2399,1657
2399,1655
2398,1653
2398,1651
2398,1650
2397,1648
2397,1646
2396,1644
2396,1642
2395,1640
2394,1638
2393,1636
2392,1634
2390,1632
2389,1630
2387,1628
2386,1626
2384,1624
2382,1622
2380,1620
2377,1618
2375,1616
2373,1615
2370,1613
2368,1611
2365,1609
2363,1607
2360,1606
2357,1604
2355,1602
2352,1601
2350,1599
2347,1598
2344,1596
2342,1595
2339,1594
2337,1592
2334,1591
2331,1590
2329,1589
2326,1588
2323,1587
2320,1587
2317,1586
2314,1586
2311,1586
2308,1586
2305,1586
2301,1586
2298,1587
2295,1587
2291,1588
2288,1589
2284,1590
2281,1591
2277,1592
2274,1593
2271,1594
2268,1596
2265,1597
2262,1599
2259,1600
2256,1602
2254,1603
2251,1605
2249,1607
2247,1608
2245,1610
2244,1612
2243,1613
2241,1615
2240,1617
2240,1618
2239,1620
2239,1622
2238,1623
2238,1625
2238,1627
2238,1628
2238,1630
2239,1632
2239,1634
2239,1636
2240,1638
2240,1640
2241,1643
2241,1645
2242,1647
2242,1650
2243,1653
2243,1656
2244,1659
2244,1662
2245,1665
2245,1669
2245,1672
2246,1676
2246,1680
2246,1683
2247,1687
2247,1692
2247,1696
2247,1700
2247,1705
2247,1709
2247,1714
2247,1718
2247,1723
2247,1727
2246,1732
2246,1737
2246,1741
2245,1746
2245,1750
2245,1755
2244,1759
2244,1764
2243,1768
2243,1772
2242,1776
2242,1780
2242,1784
2241,1787
2241,1791
2241,1794
2240,1797
2240,1800
2240,1803
2240,1806
2241,1808
2241,1810
2241,1813
2242,1814
2242,1816
2243,1818
2244,1819
2245,1821
2246,1822
2247,1823
2248,1824
2248,1825
2249,1826
2250,1827
2251,1828
2252,1829
2252,1831
2253,1832
2253,1833
2254,1834
2254,1835
2254,1837
2255,1838
2255,1840
2255,1841
2255,1843
2254,1844
2254,1846
2254,1848
2254,1849
2254,1851
2253,1852
2253,1854
2253,1855
2253,1857
2253,1858
2253,1859
2253,1861
2253,1862
2254,1863
2254,1863
2255,1864
2255,1865
2256,1865
2256,1866
2257,1866
2257,1867
2258,1867
2259,1868
2259,1868
2260,1868
2260,1868
2260,1868
2261,1868
2261,1868
2262,1868
2262,1867
2263,1866
2263,1866
2264,1865
2264,1863
2265,1862
2265,1860
2266,1858
2267,1856
2268,1853
2269,1850
2270,1847
2271,1844
2272,1841
2274,1837
2275,1833
2277,1829
2278,1825
2280,1821
2282,1817
2283,1812
2285,1808
2287,1804
2289,1799
2291,1795
2293,1791
2295,1787
2296,1783
2298,1779
2299,1776
2300,1772
2301,1769
2302,1766
2303,1764
2303,1762
2304,1760
2304,1758
2303,1757
2303,1755
2302,1754
2301,1754
2300,1753
2298,1753
2297,1752
2295,1752
2292,1752
2290,1752
2287,1752
2284,1753
2281,1753
2278,1754
2274,1754
2271,1755
2267,1756
2263,1756
2259,1757
2255,1758
2251,1758
2248,1759
2244,1759
2240,1760
2236,1760
2232,1761
2228,1761
2225,1761
2221,1762
2218,1762
2214,1762
2211,1762
2208,1762
2205,1761
2202,1761
2199,1760
2196,1760
2194,1759
2192,1758
2189,1757
2187,1756
2185,1755
2184,1754
2182,1752
2180,1750
2179,1748
2178,1747
2176,1745
2175,1742
2174,1740
2173,1738
2172,1736
2171,1733
2169,1731
2168,1729
2167,1726
2166,1724
2165,1722
2163,1720
2162,1717
2160,1715
2158,1713
2157,1712
2155,1710
2153,1708
2151,1707
2149,1705
2146,1704
2144,1703
2141,1702
2139,1701
2136,1700
2133,1699
2130,1698
2128,1697
2125,1697
2122,1696
2119,1696
2116,1695
2113,1695
2110,1694
2107,1694
2104,1694
2101,1693
2098,1693
2095,1693
2092,1692
2089,1692
2086,1692
2084,1691
2081,1691
2078,1690
2076,1690
2073,1690
2071,1689
2068,1689
2066,1688
2063,1688
2061,1688
2058,1688
2056,1687
2053,1687
2050,1687
2048,1687
2045,1687
2042,1687
2039,1687
2036,1688
2033,1688
2030,1688
2027,1689
2024,1689
2021,1690
2018,1690
2014,1691
2011,1692
2008,1693
2004,1694
2000,1695
1997,1696
1993,1697
1990,1698
1986,1699
1982,1700
1979,1701
1975,1702
1971,1703
1968,1704
1964,1705
1961,1706
1957,1706
1953,1707
1950,1708
1946,1709
1943,1710
1939,1710
1936,1711
1933,1712
1929,1713
1926,1714
1922,1714
1919,1715
1916,1716
1913,1717
1910,1718
1906,1718
1903,1719
1900,1720
1897,1721
1895,1722
1892,1722
1889,1723
1886,1724
1883,1725
1881,1725
1878,1726
1875,1727
1873,1728
1870,1728
1868,1729
1866,1730
1863,1730
1861,1731
1859,1732
1857,1732
1854,1733
1852,1733
1850,1734
1848,1734
1846,1735
1844,1736
1842,1736
1841,1737
1839,1737
1837,1738
1835,1738
1833,1739
1832,1740
1830,1740
1829,1741
1827,1741
1825,1742
1824,1743
1823,1743
1821,1744
1820,1745
1818,1745
1817,1746
1816,1746
1814,1747
1813,1748
1812,1749
1810,1749
1809,1750
1808,1751
1806,1752
1805,1753
1804,1754
1803,1755
1801,1756
1800,1757
1799,1758
1797,1759
1796,1760
1795,1760
1794,1761
1793,1762
1792,1763
1790,1764
1789,1765
1788,1765
1787,1766
1786,1767
1786,1767
1785,1768
1784,1768
1783,1769
1782,1769
1782,1770
1781,1770
1780,1770
1780,1771
1779,1771
1779,1771
1778,1771
1778,1771
1777,1772
1777,1772
1777,1772
1777,1772
1776,1772
1776,1772
1776,1773
1776,1773
1776,1773
1776,1774
1775,1774
1775,1774
1775,1775
1776,1775
1776,1775
1776,1776
1776,1776
1776,1776
1777,1777
1777,1777
1778,1777
1778,1777
1778,1777
1779,1777
1780,1777
1780,1777
1781,1777
1782,1777
1782,1776
1783,1776
1784,1776
1784,1776
1785,1776
1786,1775
1786,1775
1787,1775
1788,1774
1789,1774
1789,1774
1790,1773
1791,1773
1791,1773
1792,1773
1792,1772
1793,1772
1793,1772
1794,1772
1794,1772
1794,1772
1795,1772
1795,1772
1795,1773
1795,1773
1795,1773
1795,1773
1795,1774
1794,1774
1794,1775
1794,1775
1794,1775
1793,1776
1793,1776
1792,1777
1792,1777
1791,1777
1791,1777
1790,1778
1790,1778
1789,1778
1789,1778
1788,1777
1788,1777
1787,1777
1787,1776
1786,1776
1786,1775
1786,1775
1785,1774
1785,1773
1784,1772
1784,1771
1784,1770
1783,1769
1783,1768
1782,1767
1782,1766
1781,1765
1781,1764
1780,1763
1780,1762
1779,1762
1779,1761
1778,1760
1777,1759
1776,1759
1776,1758
1775,1758
1774,1757
1773,1757
1772,1757
1771,1757
1770,1757
1769,1756
1767,1756
1766,1757
1765,1757
1763,1757
1762,1757
1761,1757
1759,1757
1758,1758
1757,1758
1755,1758
1754,1758
1752,1759
1751,1759
1749,1759
1748,1760
1746,1760
1745,1760
1743,1761
1742,1761
1740,1762
1738,1763
1737,1763
1735,1764
1734,1764
1732,1765
1731,1765
1729,1766
1728,1767
1726,1767
1724,1768
1723,1768
1721,1769
1720,1769
1719,1770
1717,1770
1716,1771
1715,1771
1713,1771
1712,1772
1711,1772
1709,1772
1708,1772
1707,1773
1706,1773
1705,1773
1704,1773
1702,1774
1701,1774
1700,1774
1699,1775
1698,1775
1697,1775
1696,1776
1695,1776
1694,1776
1693,1777
1692,1777
1691,1778
1689,1778
1688,1779
1687,1780
1686,1780
1685,1781
1684,1782
1683,1783
1682,1784
1681,1784
1680,1785
1679,1786
1678,1787
1677,1788
1676,1789
1675,1789
1674,1790
1673,1791
1672,1792
1671,1793
1670,1794
1669,1794
1668,1795
1667,1796
1667,1797
1666,1797
1665,1798
1664,1799
1663,1800
1662,1800
1661,1801
1660,1801
1660,1802
1659,1802
1658,1802
1657,1803
1656,1803
1655,1803
1654,1803
1653,1803
1652,1803
1651,1803
1650,1804
1649,1804
1647,1804
1646,1804
1644,1805
1643,1805
1641,1805
1640,1806
1638,1807
1636,1807
1634,1808
1632,1809
1630,1809
1627,1810
1625,1811
1623,1812
1620,1813
1618,1814
1615,1815
1613,1816
1610,1817
1607,1818
1604,1819
1602,1820
1599,1821
1596,1822
1593,1822
1590,1823
1587,1823
1584,1824
1581,1824
1579,1825
1576,1825
1573,1825
1570,1825
1567,1825
1564,1826
1561,1825
1558,1825
1555,1825
1552,1825
1549,1825
1546,1824
1543,1824
1539,1823
1536,1823
1533,1822
1530,1822
1527,1821
1524,1821
1520,1820
1517,1820
1514,1820
1511,1819
1507,1819
1504,1819
1500,1819
1497,1819
1493,1819
1490,1819
1486,1819
1483,1820
1479,1820
1476,1820
1472,1821
1469,1821
1465,1822
1462,1822
1459,1823
1455,1823
1452,1824
1449,1824
1445,1825
1442,1825
1439,1825
1436,1825
1433,1825
1430,1824
1427,1824
1425,1823
1422,1823
1419,1822
1417,1821
1414,1819
1412,1818
1409,1817
1407,1815
1404,1813
1402,1811
1400,1809
1398,1807
1396,1805
1393,1803
1391,1801
1389,1798
1387,1796
1385,1794
1383,1791
1381,1789
1379,1786
1377,1783
1376,1781
1374,1778
1372,1775
1370,1772
1369,1769
1367,1766
1366,1763
1364,1760
1363,1757
1361,1754
1360,1751
1359,1747
1357,1744
1356,1740
1355,1736
1354,1733
1353,1729
1352,1725
1351,1721
1350,1717
1349,1714
1348,1710
1347,1706
1347,1702
1346,1698
1345,1694
1344,1691
1344,1687
1343,1683
1342,1679
1342,1675
1341,1672
1340,1668
1340,1664
1339,1661
1338,1657
1338,1654
1337,1650
1337,1647
1336,1644
1335,1640
1335,1637
1334,1634
1333,1631
1333,1628
1332,1625
1331,1622
1331,1619
1330,1617
1329,1614
1329,1611
1328,1608
1327,1605
1327,1602
1326,1599
1326,1596
1325,1594
1324,1591
1324,1588
1323,1585
1322,1582
1322,1579
1321,1576
1321,1573
1320,1570
1319,1567
1319,1564
1318,1561
1318,1558
1317,1555
1317,1551
1316,1548
1315,1545
1315,1541
1314,1538
1314,1535
1313,1531
1313,1528
1312,1525
1311,1521
1311,1518
1310,1515
1309,1512
1309,1509
1308,1506
1307,1503
1307,1500
1306,1497
1305,1494
1305,1492
1304,1489
1303,1487
1302,1485
1302,1482
1301,1480
1300,1478
1299,1476
1299,1474
1298,1472
1297,1470
1296,1469
1296,1467
1295,1465
1294,1463
1293,1462
1293,1460
1292,1459
1291,1457
1290,1456
1289,1455
1289,1454
1288,1454
1287,1454
1287,1454
1286,1454
1285,1454
1285,1455
1284,1456
1284,1457
1283,1458
1282,1459
1282,1461
1281,1463
1281,1465
1280,1466
1279,1468
1278,1470
1277,1472
1277,1474
1275,1476
1274,1477
1273,1479
1272,1480
1270,1481
1268,1482
1266,1483
1264,1484
1262,1485
1260,1485
1258,1486
1255,1486
1252,1487
1250,1487
1247,1487
1243,1488
1240,1489
1237,1489
1234,1490
1230,1491
1227,1493
1223,1494
1220,1496
1216,1498
1213,1501
1209,1504
1206,1507
1203,1511
1199,1515
1196,1519
1192,1524
1189,1528
1186,1533
1182,1538
1179,1543
1176,1548
1172,1553
1169,1559
1165,1564
1162,1569
1158,1574
1154,1579
1150,1583
1146,1588
1142,1593
1138,1597
1134,1601
1130,1606
1126,1610
1122,1614
1118,1617
1114,1621
1110,1624
1105,1628
1101,1631
1097,1633
1093,1636
1089,1639
1085,1641
1081,1643
1078,1645
1074,1647
1070,1648
1067,1650
1063,1651
1060,1653
1057,1654
1054,1655
1051,1656
1049,1657
1046,1658
1043,1659
1041,1660
1039,1661
1036,1662
1034,1662
1032,1662
1030,1663
1028,1663
1026,1663
1024,1663
1022,1663
1020,1663
1018,1662
1016,1662
1015,1661
1013,1661
1011,1660
1010,1659
1008,1659
1007,1658
1005,1657
1004,1656
1002,1655
1001,1654
999,1653
998,1652
996,1651
995,1649
993,1648
992,1647
990,1645
989,1644
987,1643
986,1641
984,1640
982,1639
981,1638
979,1637
978,1636
976,1635
975,1634
973,1633
972,1632
971,1632
969,1631
968,1630
967,1630
965,1629
964,1629
963,1628
962,1628
961,1627
960,1627
959,1626
959,1626
958,1625
958,1625
957,1624
957,1624
957,1624
957,1623
957,1623
957,1622
957,1622
958,1621
958,1621
959,1620
959,1620
960,1619
961,1619
963,1618
964,1618
965,1617
967,1617
968,1616
970,1616
972,1615
974,1615
976,1614
978,1614
980,1613
982,1613
985,1613
987,1613
989,1613
992,1613
995,1613
997,1613
1000,1613
1003,1613
1005,1614
1008,1614
1011,1614
1014,1615
1017,1616
1020,1616
1023,1617
1026,1618
1029,1618
1032,1619
1036,1620
1039,1621
1042,1622
1046,1623
1049,1624
1052,1625
1056,1626
1059,1627
1063,1628
1067,1628
1070,1629
1074,1630
1078,1631
1081,1632
1085,1633
1089,1634
1093,1635
1097,1636
1101,1637
1105,1638
1109,1639
1112,1641
1116,1642
1120,1644
1124,1645
1128,1646
1132,1648
1136,1649
1140,1651
1144,1652
1148,1654
1152,1655
1156,1656
1160,1657
1164,1658
1167,1659
1171,1660
1175,1661
1179,1662
1183,1662
1186,1663
1190,1664
1193,1664
1197,1665
1200,1666
1203,1666
1206,1667
1209,1668
1212,1669
1215,1669
1217,1670
1220,1672
1222,1673
1224,1674
1226,1676
1228,1678
1230,1680
1232,1682
1233,1685
1235,1687
1236,1690
1237,1693
1238,1696
1239,1699
1240,1703
1240,1706
1241,1710
1241,1713
1242,1717
1242,1720
1242,1724
1242,1728
1242,1731
1242,1735
1242,1738
1242,1742
1242,1745
1241,1749
1240,1752
1240,1755
1239,1758
1238,1761
1237,1764
1236,1767
1235,1769
1234,1772
1233,1774
1231,1776
1230,1778
1228,1780
1227,1782
1225,1783
1223,1785
1221,1786
1220,1787
1218,1788
1216,1789
1214,1789
1212,1790
1210,1790
1208,1791
1206,1791
1204,1791
1202,1791
1200,1790
1198,1790
1196,1789
1195,1789
1193,1788
1191,1786
1189,1785
1187,1783
1185,1781
1184,1779
1182,1777
1180,1775
1179,1773
1177,1770
1176,1768
1174,1765
1173,1762
1171,1760
1170,1757
1169,1755
1167,1752
1166,1750
1165,1748
1164,1746
1163,1744
1162,1742
1161,1740
1160,1738
1160,1737
1159,1735
1158,1734
1158,1733
1157,1732
1157,1731
1156,1730
1156,1729
1156,1728
1156,1727
1155,1727
1155,1726
1155,1725
1155,1724
1155,1724
1155,1723
1156,1722
1156,1721
1156,1719
1156,1718
1156,1716
1157,1715
1157,1713
1158,1711
1158,1710
1158,1708
1159,1706
1159,1704
1160,1703
1160,1701
1161,1699
1162,1698
1162,1696
1163,1695
1164,1693
1164,1691
1165,1690
1165,1688
1166,1687
1167,1685
1167,1683
1168,1682
1168,1680
1169,1678
1170,1676
1170,1674
1171,1673
1171,1671
1172,1669
1172,1667
1173,1665
1173,1663
1174,1661
1175,1660
1175,1658
1176,1656
1176,1655
1177,1653
1177,1652
1178,1650
1178,1649
1179,1648
1179,1647
1180,1646
1180,1645
1180,1644
1181,1643
1181,1642
1182,1642
1182,1641
1182,1640
1183,1640
1183,1639
1183,1639
1183,1638
1184,1638
1184,1637
1184,1637
1184,1636
1184,1635
1183,1634
1183,1633
1183,1632
1183,1631
1183,1630
1182,1629
1182,1627
1181,1626
1181,1624
1180,1623
1180,1621
1179,1620
1179,1618
1178,1617
1178,1616
1177,1614
1176,1613
1176,1612
1175,1612
1174,1611
1174,1610
1173,1610
1172,1609
1171,1609
1171,1608
1170,1608
1169,1608
1168,1608
1168,1608
1167,1608
1166,1608
1165,1608
1164,1607
1164,1607
1163,1607
1162,1607
1161,1607
1160,1607
1159,1607
1158,1607
1158,1606
1157,1606
1156,1606
1155,1605
1154,1605
1153,1605
1152,1604
1151,1604
1151,1604
1150,1604
1149,1604
1148,1604
1147,1604
1147,1604
1146,1605
1145,1605
1144,1606
1144,1606
1143,1607
1142,1608
1142,1608
1141,1609
1140,1610
1140,1611
1139,1612
1138,1613
1138,1613
1137,1614
1137,1615
1136,1616
1135,1616
1135,1617
1134,1618
1134,1618
1133,1619
1133,1619
1132,1620
1132,1620
1131,1621
1131,1622
1131,1622
1130,1623
1130,1624
1130,1624
1129,1625
1129,1626
1129,1627
1128,1628
1128,1629
1128,1630
1128,1631
1128,1632
1127,1633
1127,1634
1127,1635
1127,1636
1127,1637
1127,1638
1126,1639
1126,1640
1126,1641
1126,1642
1126,1643
1126,1644
1125,1645
1125,1646
1125,1647
1125,1648
1125,1649
1125,1650
1125,1650
1125,1651
1125,1652
1125,1653
1125,1654
1125,1655
1125,1656
1125,1657
1125,1658
1125,1659
1125,1660
1125,1661
1125,1662
1125,1662
1125,1663
1125,1664
1125,1665
1125,1666
1125,1667
1125,1668
1125,1669
1125,1670
1125,1670
1125,1671
1125,1672
1125,1673
1125,1674
1125,1675
1125,1677
1125,1678
1125,1679
1125,1680
1125,1681
1125,1682
1125,1684
1125,1685
1125,1686
1125,1687
1125,1688
1125,1689
1125,1690
1125,1691
1125,1692
1124,1692
1124,1693
1124,1693
1124,1694
1124,1694
1124,1694
1124,1695
1123,1695
1123,1695
1123,1695
1122,1695
1122,1695
1122,1695
1121,1695
1121,1695
1120,1695
1120,1695
1119,1695
1119,1695
1119,1695
1118,1695
1118,1695
1117,1696
1117,1696
1116,1697
1116,1697
1115,1698
1115,1698
1114,1699
1114,1699
1113,1700
1113,1700
1112,1701
1112,1701
1111,1702
1111,1702
1110,1703
1110,1703
1109,1704
1109,1704
1108,1704
1107,1705
1107,1705
1106,1706
1106,1707
1105,1707
1105,1708
1104,1709
1103,1709
1103,1710
1102,1710
1102,1711
1101,1712
1100,1712
1100,1712
1099,1713
1098,1713
1098,1713
1097,1713
1096,1713
1096,1712
1095,1712
1094,1712
1093,1711
1092,1711
1091,1710
1090,1709
1089,1708
1089,1707
1088,1707
1087,1706
1086,1705
1085,1704
1084,1703
1083,1703
1082,1702
1081,1701
1080,1701
1079,1700
1078,1700
1077,1699
1076,1699
1075,1699
1074,1699
1073,1698
1072,1698
1071,1698
1070,1698
1069,1697
1068,1697
1067,1697
1066,1696
1065,1696
1064,1695
1063,1695
1061,1694
1060,1693
1059,1692
1058,1691
1057,1691
1055,1690
1054,1689
1053,1688
1052,1687
1051,1686
1049,1686
1048,1685
1047,1685
1046,1684
1045,1683
1044,1683
1043,1683
1042,1682
1041,1682
1039,1681
1038,1681
1037,1681
1036,1680
1035,1680
1034,1680
1033,1679
1032,1679
1031,1679
1030,1678
1029,1678
1028,1678
1027,1677
1026,1677
1025,1676
1024,1676
1023,1675
1022,1675
1021,1675
1019,1674
1018,1674
1017,1673
1016,1673
1015,1672
1014,1672
1013,1671
1012,1670
1011,1670
1009,1669
1008,1668
1007,1668
1006,1667
1005,1666
1004,1665
1003,1664
1002,1664
1000,1663
999,1662
998,1660
997,1659
996,1658
995,1657
994,1656
993,1654
992,1653
991,1652
990,1651
989,1649
988,1648
987,1647
986,1646
986,1645
985,1644
984,1642
984,1641
983,1640
983,1639
982,1638
982,1636
981,1635
981,1633
981,1632
980,1630
980,1628
980,1627
979,1625
979,1623
979,1620
978,1618
978,1616
978,1614
978,1611
978,1609
977,1606
977,1604
977,1601
977,1598
977,1596
977,1593
977,1591
977,1588
977,1585
977,1583
977,1580
978,1578
978,1575
978,1573
978,1571
979,1568
979,1566
979,1564
980,1562
980,1559
981,1557
981,1555
981,1553
982,1550
982,1548
983,1546
983,1543
984,1541
984,1538
984,1536
985,1533
985,1530
986,1528
986,1525
987,1522
987,1520
987,1517
988,1514
988,1511
989,1509
989,1506
990,1503
990,1500
990,1498
991,1495
991,1493
992,1490
992,1488
993,1485
993,1483
994,1481
994,1478
995,1476
995,1473
996,1471
996,1469
996,1466
997,1464
997,1462
998,1459
998,1457
998,1454
998,1452
999,1449
999,1447
999,1445
999,1442
1000,1440
1000,1437
1000,1434
1000,1432
1000,1429
1000,1427
1000,1424
1000,1422
1000,1419
1000,1416
1000,1414
1000,1411
1000,1409
1000,1406
999,1404
999,1401
999,1399
999,1397
999,1394
998,1392
998,1390
998,1388
998,1385
997,1383
997,1381
997,1379
997,1377
996,1375
996,1372
996,1370
995,1368
995,1366
994,1364
994,1362
994,1360
993,1358
993,1356
993,1354
992,1352
992,1350
992,1348
991,1346
991,1344
990,1342
990,1341
990,1339
989,1337
989,1336
989,1334
988,1333
988,1331
987,1330
987,1328
986,1327
986,1325
985,1324
985,1323
984,1321
983,1320
983,1319
982,1317
981,1316
981,1315
980,1314
979,1313
978,1312
978,1311
977,1311
976,1310
975,1310
975,1309
974,1309
973,1309
972,1309
972,1309
971,1309
970,1309
970,1310
969,1310
968,1311
967,1312
967,1313
966,1314
966,1315
965,1316
964,1317
964,1318
963,1320
963,1321
963,1323
962,1324
962,1326
961,1327
961,1328
961,1330
961,1331
960,1333
960,1334
960,1336
960,1337
960,1339
960,1340
960,1342
961,1344
961,1346
961,1348
962,1349
962,1352
963,1354
963,1356
964,1358
965,1360
966,1363
966,1365
967,1367
968,1370
969,1372
970,1375
971,1377
971,1379
972,1382
973,1384
974,1387
975,1390
976,1392
977,1395
978,1398
979,1400
980,1403
981,1406
981,1409
982,1411
983,1414
984,1417
985,1420
986,1423
987,1426
988,1429
989,1432
990,1435
991,1438
992,1441
993,1444
994,1447
994,1450
995,1453
996,1456
997,1459
998,1462
998,1465
999,1468
1000,1471
1000,1474
1001,1476
1001,1479
1001,1482
1002,1484
1002,1487
1002,1489
1002,1491
1002,1494
1002,1496
1002,1498
1001,1500
1001,1502
1001,1504
1000,1506
1000,1507
999,1509
999,1511
998,1513
998,1515
997,1517
997,1518
996,1520
995,1522
995,1524
994,1526
994,1527
993,1529
993,1531
992,1532
992,1533
991,1535
991,1536
990,1537
990,1537
990,1538
989,1538
989,1539
988,1539
988,1538
987,1538
987,1537
986,1536
986,1535
986,1534
985,1533
985,1531
984,1529
984,1528
983,1526
983,1524
983,1522
982,1521
982,1519
981,1517
981,1516
980,1514
980,1513
979,1511
979,1510
978,1510
978,1509
977,1509
977,1509
976,1509
976,1509
975,1509
974,1510
974,1510
973,1511
972,1512
971,1513
971,1514
970,1515
969,1517
968,1518
966,1519
965,1521
964,1522
963,1523
962,1525
960,1527
959,1528
958,1530
956,1531
955,1533
954,1534
952,1535
951,1537
949,1538
948,1540
946,1542
945,1543
943,1545
942,1546
940,1548
939,1550
937,1551
936,1553
935,1555
933,1557
932,1558
931,1560
929,1562
928,1564
927,1566
925,1568
924,1569
923,1571
921,1573
920,1575
919,1576
918,1578
917,1579
915,1581
914,1582
913,1583
912,1584
910,1585
909,1586
908,1587
907,1588
906,1588
904,1588
903,1589
902,1589
901,1588
899,1588
898,1588
897,1587
896,1587
894,1586
893,1585
892,1584
891,1583
890,1582
889,1581
888,1580
887,1579
886,1577
885,1576
884,1575
883,1573
882,1572
881,1570
881,1568
880,1567
879,1565
879,1563
878,1562
878,1560
877,1559
877,1557
876,1556
876,1554
876,1553
875,1551
875,1550
875,1548
875,1547
874,1545
874,1544
874,1542
874,1541
873,1539
873,1537
873,1536
872,1534
872,1532
872,1531
871,1529
871,1527
870,1525
870,1523
869,1522
868,1520
868,1518
867,1516
866,1515
865,1513
864,1511
863,1509
862,1508
861,1506
860,1505
859,1503
858,1501
857,1500
855,1498
854,1497
853,1495
851,1494
850,1493
848,1492
847,1490
845,1489
844,1488
842,1487
840,1486
839,1485
837,1484
835,1483
833,1482
831,1481
829,1480
827,1479
825,1478
823,1478
821,1477
819,1476
817,1475
815,1475
813,1474
811,1474
810,1474
808,1474
806,1475
805,1475
803,1476
802,1476
801,1477
799,1478
798,1479
796,1480
795,1480
793,1481
791,1482
790,1482
788,1483
786,1483
784,1483
782,1484
780,1484
778,1484
776,1484
774,1485
771,1485
769,1485
767,1486
765,1487
762,1487
760,1488
758,1489
756,1490
754,1492
752,1493
750,1495
748,1497
746,1499
744,1502
743,1505
741,1507
740,1511
739,1514
737,1518
736,1521
735,1525
734,1529
734,1534
733,1538
732,1542
731,1546
731,1550
730,1555
729,1558
728,1562
727,1566
726,1570
725,1573
724,1577
723,1580
723,1584
722,1587
721,1591
720,1595
720,1598
719,1602
718,1606
718,1610
717,1615
717,1619
716,1623
716,1627
716,1632
715,1636
715,1641
715,1646
714,1650
714,1655
713,1660
713,1664
712,1669
711,1674
711,1678
710,1683
709,1687
708,1692
707,1696
706,1701
705,1705
703,1709
702,1713
700,1717
699,1721
697,1725
695,1729
693,1733
691,1736
689,1740
687,1743
685,1747
682,1750
680,1753
678,1757
675,1760
673,1763
670,1766
667,1768
665,1771
662,1774
659,1776
656,1779
654,1781
651,1783
648,1785
645,1787
642,1789
639,1791
637,1793
634,1794
631,1796
628,1797
626,1799
623,1800
620,1801
618,1802
615,1803
613,1804
610,1805
608,1805
606,1806
604,1806
602,1807
600,1807
598,1807
596,1807
595,1807
593,1807
591,1807
590,1806
588,1806
586,1805
585,1804
583,1803
582,1801
580,1800
578,1798
577,1796
575,1794
573,1792
572,1789
570,1786
568,1784
567,1781
565,1778
563,1774
562,1771
560,1768
558,1764
557,1760
555,1757
554,1753
552,1749
550,1745
549,1741
547,1737
546,1733
544,1729
542,1724
541,1720
539,1716
537,1712
536,1708
534,1703
533,1699
531,1695
529,1691
527,1686
525,1682
524,1677
522,1673
520,1669
518,1664
516,1660
514,1656
513,1652
511,1648
509,1644
508,1640
506,1636
505,1632
504,1629
502,1625
501,1622
500,1619
499,1615
498,1612
497,1608
496,1605
496,1601
495,1597
494,1593
493,1589
493,1585
492,1581
491,1577
490,1572
490,1568
489,1563
488,1558
488,1553
487,1548
487,1543
486,1539
486,1534
485,1529
485,1524
485,1520
485,1515
485,1511
485,1507
486,1503
486,1499
487,1496
488,1492
489,1489
491,1486
492,1483
494,1480
495,1477
497,1474
499,1471
501,1468
503,1466
504,1463
506,1460
508,1457
509,1454
511,1451
512,1447
514,1444
515,1441
516,1437
518,1434
519,1431
521,1427
522,1424
523,1420
525,1417
527,1414
528,1411
530,1408
532,1405
534,1402
536,1399
538,1397
541,1395
543,1392
546,1390
548,1388
551,1386
554,1384
557,1381
560,1379
564,1377
567,1375
571,1373
574,1370
578,1368
582,1366
585,1364
589,1361
593,1359
597,1357
601,1355
605,1353
609,1350
613,1348
617,1346
621,1344
625,1342
629,1340
633,1338
637,1337
641,1335
646,1333
650,1331
654,1330
658,1328
662,1326
666,1324
670,1323
674,1321
678,1319
682,1318
686,1316
690,1315
694,1313
697,1312
701,1310
705,1309
709,1308
712,1307
716,1306
720,1305
724,1304
727,1304
731,1304
735,1303
739,1304
742,1304
746,1304
750,1305
754,1306
757,1307
761,1307
764,1308
767,1310
771,1311
774,1312
776,1313
779,1315
782,1316
784,1317
787,1319
789,1321
791,1322
792,1324
794,1326
795,1327
797,1329
798,1331
799,1333
800,1334
801,1336
802,1338
803,1340
803,1342
804,1344
805,1346
805,1348
806,1350
807,1352
807,1355
808,1357
809,1359
809,1362
810,1364
811,1366
812,1369
812,1372
813,1374
814,1377
815,1379
816,1382
817,1384
818,1387
819,1390
819,1392
820,1395
821,1397
822,1400
822,1402
823,1404
823,1407
824,1409
824,1411
824,1413
824,1415
824,1417
823,1419
823,1420
822,1422
822,1423
821,1424
820,1426
819,1427
817,1428
816,1429
814,1430
813,1431
811,1432
809,1433
807,1434
805,1435
803,1436
801,1437
799,1438
796,1439
794,1440
792,1441
790,1442
787,1443
785,1444
782,1445
780,1445
777,1446
774,1447
772,1448
769,1448
766,1449
764,1449
761,1449
758,1449
755,1449
752,1449
749,1449
746,1448
743,1448
740,1447
737,1446
734,1445
731,1444
728,1443
725,1442
722,1440
718,1438
715,1437
712,1435
709,1433
706,1430
704,1428
701,1426
698,1423
695,1421
693,1418
690,1416
688,1413
686,1410
684,1407
682,1404
680,1401
678,1398
676,1395
675,1392
673,1389
672,1386
671,1383
670,1379
669,1376
669,1373
668,1371
668,1368
668,1366
669,1364
669,1362
670,1360
670,1358
671,1357
673,1356
674,1355
676,1355
678,1355
680,1355
682,1354
685,1354
687,1355
690,1355
693,1354
696,1354
699,1354
702,1354
706,1353
709,1353
713,1352
716,1351
720,1350
724,1349
727,1348
731,1347
735,1345
739,1343
742,1341
746,1339
750,1336
754,1334
757,1331
761,1329
765,1326
769,1323
772,1320
776,1317
780,1315
784,1312
788,1310
792,1308
796,1306
800,1304
804,1303
809,1301
813,1300
818,1299
822,1298
827,1297
832,1297
837,1296
843,1295
848,1295
853,1294
859,1294
864,1293
870,1293
876,1292
882,1292
887,1291
893,1291
899,1291
905,1291
911,1291
917,1291
923,1291
929,1291
934,1291
940,1291
946,1292
951,1292
957,1292
962,1292
967,1293
973,1293
978,1293
982,1293
987,1294
992,1294
997,1294
1001,1294
1006,1294
1011,1294
1015,1294
1020,1294
1025,1294
1030,1293
1034,1293
1039,1293
1044,1292
1049,1291
1054,1291
1059,1290
1064,1289
1069,1289
1075,1288
1080,1287
1085,1287
1091,1286
1096,1286
1102,1285
1107,1284
1113,1284
1119,1283
1124,1283
1130,1282
1136,1281
1141,1281
1147,1280
1153,1280
1158,1279
1164,1279
1169,1278
1175,1277
1180,1276
1185,1275
1191,1274
1196,1273
1201,1272
1206,1271
1211,1270
1216,1269
1221,1267
1226,1266
1231,1265
1236,1264
1240,1262
1245,1261
1250,1260
1254,1259
1259,1258
1264,1257
1268,1256
1273,1255
1277,1254
1281,1253
1286,1252
1290,1251
1294,1250
1299,1249
1303,1248
1307,1247
1311,1246
1315,1245
1320,1244
1324,1243
1328,1242
1332,1241
1336,1240
1340,1239
1344,1237
1348,1236
1352,1235
1356,1234
1360,1232
1364,1231
1367,1229
1371,1228
1375,1227
1379,1225
1383,1224
1386,1222
1390,1221
1393,1220
1397,1218
1400,1217
1404,1215
1407,1214
1411,1213
1414,1211
1417,1210
1421,1208
1424,1206
1427,1205
1430,1203
1433,1202
1436,1200
1439,1198
1442,1197
1444,1195
1447,1194
1449,1192
1452,1191
1454,1189
1457,1187
1459,1186
1461,1184
1464,1182
1466,1180
1468,1179
1470,1177
1472,1174
1474,1172
1475,1170
1477,1168
1479,1166
1481,1164
1482,1161
1484,1159
1485,1156
1487,1154
1488,1151
1489,1148
1491,1146
1492,1143
1493,1140
1494,1138
1495,1135
1496,1132
1497,1129
1498,1126
1499,1123
1500,1121
1500,1118
1501,1115
1502,1112
1502,1110
1503,1107
1503,1105
1503,1103
1504,1100
1504,1098
1504,1096
1504,1094
1504,1092
1504,1090
1504,1087
1504,1085
1504,1083
1504,1080
1504,1078
1504,1076
1503,1073
1503,1070
1503,1068
1502,1065
1502,1062
1502,1059
1501,1057
1501,1054
1500,1051
1500,1048
1499,1045
1499,1042
1498,1039
1498,1036
1497,1033
1496,1030
1496,1027
1495,1024
1494,1021
1493,1018
1492,1015
1491,1012
1490,1010
1489,1007
1488,1004
1487,1002
1486,1000
1484,998
1483,996
1481,994
1480,993
1478,991
1476,991
1475,990
1473,990
1471,989
1469,990
1467,990
1466,991
1464,992
1462,993
1460,995
1458,996
1456,998
1454,999
1452,1001
1450,1002
1447,1004
1445,1005
1442,1006
1439,1007
1437,1008
1433,1008
1430,1008
1427,1008
1423,1008
1419,1007
1415,1006
1411,1004
1407,1002
1402,1000
1398,998
1393,995
1388,992
1383,990
1378,987
1373,984
1368,981
1363,978
1358,975
1353,973
1349,971
1344,970
1339,968
1335,968
1331,967
1327,967
1323,968
1319,969
1316,970
1313,971
1310,973
1307,975
1305,978
1302,980
1300,983
1298,986
1297,990
1295,993
1294,996
1293,1000
1292,1004
1291,1008
1291,1012
1291,1016
1291,1020
1291,1024
1291,1028
1291,1032
1292,1037
1292,1041
1293,1046
1294,1050
1295,1055
1297,1059
1298,1064
1299,1069
1301,1073
1303,1078
1305,1083
1307,1088
1309,1093
1311,1098
1313,1103
1316,1108
1318,1114
1321,1119
1323,1124
1326,1129
1329,1134
1332,1140
1334,1145
1337,1150
1340,1155
1343,1160
1345,1165
1348,1170
1351,1174
1353,1179
1356,1184
1358,1188
1360,1193
1363,1197
1365,1201
1367,1205
1369,1209
1372,1213
1374,1216
1377,1220
1379,1223
1382,1227
1385,1230
1388,1234
1392,1237
1396,1241
1400,1245
1404,1249
1408,1253
1413,1257
1418,1262
1424,1266
1430,1271
1436,1276
1442,1281
1449,1286
1456,1291
1463,1297
1470,1302
1477,1307
1485,1312
1492,1317
1500,1323
1507,1328
1514,1332
1521,1337
1528,1341
1535,1346
1541,1349
1547,1353
1553,1356
1559,1359
1565,1362
1571,1365
1576,1367
1582,1369
1588,1371
1593,1373
1599,1374
1605,1376
1611,1378
1618,1379
1624,1381
1631,1383
1638,1385
1646,1387
1653,1389
1661,1392
1669,1394
1677,1397
1685,1400
1693,1404
1701,1407
1710,1411
1718,1414
1727,1418
1735,1422
1744,1426
1752,1429
1760,1433
1768,1437
1776,1441
1783,1446
1790,1450
1797,1454
1804,1458
1810,1462
1816,1465
1822,1469
1827,1473
1833,1477
1838,1481
1843,1484
1847,1488
1852,1491
1857,1494
1861,1497
1866,1501
1870,1503
1874,1506
1879,1509
1883,1511
1887,1514
1891,1516
1896,1518
1900,1520
1904,1522
1908,1524
1912,1526
1916,1528
1920,1530
1924,1531
1927,1533
1931,1535
1935,1536
1938,1538
1942,1539
1945,1541
1948,1542
1951,1544
1955,1545
1958,1547
1961,1549
1964,1550
1966,1552
1969,1553
1972,1555
1975,1556
1977,1558
1980,1559
1982,1561
1985,1562
1987,1564
1990,1565
1992,1566
1994,1567
1996,1568
1998,1569
2001,1570
2002,1571
2004,1572
2006,1573
2008,1574
2009,1575
2011,1576
2012,1577
2014,1578
2015,1579
2016,1580
2017,1580
2018,1581
2018,1582
2019,1583
2020,1583
2020,1584
2021,1585
2021,1585
2022,1585
2022,1586
2023,1586
2023,1586
2023,1586
2023,1586
2024,1586
2024,1585
2024,1585
2024,1584
2025,1584
2025,1583
2025,1582
2025,1581
2025,1581
2026,1580
2026,1579
2026,1578
2026,1577
2026,1576
2026,1575
2025,1575
2025,1574
2025,1574
2024,1573
2024,1573
2023,1574
2022,1574
2021,1574
2020,1574
2019,1575
2019,1575
2017,1576
2016,1577
2015,1577
2014,1577
2013,1578
2012,1578
2011,1578
2010,1579
2009,1578
2008,1578
2007,1578
2007,1577
2006,1576
2005,1575
2005,1574
2004,1573
2004,1571
2003,1569
2003,1567
2003,1565
2002,1563
2002,1561
2001,1559
2001,1557
2001,1555
2000,1553
2000,1551
1999,1549
1999,1548
1998,1546
1997,1545
1996,1544
1995,1543
1994,1542
1993,1541
1992,1541
1991,1541
1990,1541
1988,1540
1987,1540
1986,1541
1984,1541
1983,1541
1981,1541
1980,1542
1978,1542
1977,1542
1975,1543
1973,1543
1972,1543
1970,1543
1969,1544
1967,1544
1966,1544
1965,1544
1963,1544
1962,1545
1960,1545
1959,1545
1957,1545
1956,1546
1954,1546
1953,1546
1951,1547
1950,1547
1948,1548
1947,1548
1945,1549
1943,1550
1942,1550
1940,1551
1938,1552
1937,1552
1935,1553
1934,1554
1932,1554
1930,1555
1929,1555
1927,1556
1926,1556
1924,1557
1923,1557
1922,1557
1920,1557
1919,1558
1917,1558
1916,1558
1915,1558
1913,1558
1912,1559
1911,1559
1909,1559
1908,1559
1907,1559
1905,1560
1904,1560
1903,1560
1901,1560
1900,1560
1899,1561
1897,1561
1896,1561
1894,1561
1893,1561
1892,1561
1890,1562
1889,1562
1888,1562
1886,1562
1885,1562
1883,1562
1882,1562
1881,1562
1879,1563
1878,1563
1876,1563
1875,1563
1874,1563
1872,1563
1871,1563
1870,1563
1868,1563
1867,1563
1866,1563
1864,1563
1863,1563
1862,1563
1860,1564
1859,1564
1857,1564
1856,1564
1854,1565
1853,1565
1851,1566
1850,1567
1848,1568
1846,1569
1844,1570
1842,1571
1841,1572
1839,1573
1837,1574
1835,1575
1834,1576
1832,1577
1830,1577
1828,1578
1827,1579
1825,1580
1824,1580
1822,1580
1821,1580
1820,1580
1818,1580
1817,1580
1816,1579
1815,1579
1814,1578
1814,1577
1813,1576
1812,1574
1812,1573
1811,1571
1811,1570
1810,1568
1810,1566
1809,1565
1809,1563
1808,1561
1807,1560
1807,1559
1806,1558
1805,1556
1804,1556
1803,1555
1802,1554
1801,1554
1800,1554
1799,1554
1797,1554
1796,1554
1795,1554
1793,1554
1792,1554
1790,1554
1789,1555
1788,1555
1786,1555
1785,1555
1783,1555
1782,1556
1781,1556
1779,1556
1778,1556
1777,1556
1775,1556
1774,1556
1773,1556
1772,1557
1770,1557
1769,1558
1768,1558
1766,1559
1765,1560
1763,1561
1762,1562
1761,1563
1759,1564
1758,1566
1756,1567
1754,1569
1753,1571
1751,1572
1750,1574
1748,1576
1747,1578
1745,1580
1744,1582
1742,1584
1741,1585
1739,1587
1738,1589
1737,1591
1735,1592
1734,1594
1733,1596
1731,1597
1730,1599
1728,1600
1727,1601
1726,1603
1724,1604
1723,1606
1721,1607
1720,1608
1719,1610
1717,1611
1715,1612
1714,1614
1712,1615
1711,1616
1709,1618
1707,1619
1705,1621
1703,1622
1701,1624
1700,1625
1698,1627
1696,1628
1694,1630
1692,1631
1689,1633
1687,1634
1685,1636
1683,1637
1681,1639
1679,1641
1677,1642
1674,1644
1672,1645
1670,1647
1668,1648
1665,1650
1663,1651
1661,1652
1659,1654
1656,1655
1654,1657
1652,1658
1650,1659
1647,1660
1645,1662
1643,1663
1641,1664
1638,1665
1636,1666
1634,1667
1632,1668
1630,1669
1628,1670
1625,1671
1623,1672
1621,1673
1619,1674
1617,1675
1615,1676
1612,1677
1610,1678
1608,1679
1606,1680
1604,1681
1602,1682
1599,1683
1597,1684
1595,1685
1593,1686
1591,1687
1588,1688
1586,1690
1584,1691
1582,1692
1579,1693
1577,1694
1575,1696
1573,1697
1571,1698
1568,1700
1566,1701
1564,1702
1562,1704
1560,1705
1558,1707
1556,1708
1554,1710
1552,1711
1551,1713
1549,1715
1547,1716
1546,1718
1545,1720
1543,1722
1542,1724
1541,1726
1540,1727
1539,1729
1538,1731
1537,1733
1537,1736
1536,1738
1536,1740
1535,1742
1535,1744
1535,1746
1535,1749
1535,1751
1535,1753
1536,1755
1536,1757
1537,1759
1537,1762
1538,1764
1538,1766
1539,1768
1540,1770
1540,1771
1541,1773
1542,1775
1543,1776
1544,1778
1544,1779
1545,1781
1546,1782
1547,1783
1548,1784
1548,1784
1549,1785
1550,1786
1550,1786
1551,1787
1552,1787
1552,1787
1552,1787
1553,1788
1553,1788
1553,1788
1554,1788
1554,1788
1554,1788
1554,1788
1554,1788
1554,1787
1553,1787
1553,1787
1553,1787
1552,1787
1552,1787
1552,1786
1551,1786
1550,1786
1550,1785
1549,1785
1549,1785
1548,1784
1547,1783
1546,1783
1545,1782
1545,1781
1544,1780
1543,1779
1542,1778
1541,1776
1540,1775
1539,1773
1538,1772
1537,1770
1536,1769
1535,1767
1534,1766
1533,1764
1532,1763
1531,1761
1530,1760
1528,1758
1527,1757
1526,1755
1525,1754
1523,1753
1522,1752
1520,1750
1519,1749
1517,1748
1516,1747
1514,1746
1513,1745
1511,1744
1509,1743
1508,1742
1506,1741
1504,1741
1503,1740
1501,1739
1499,1738
1497,1737
1496,1736
1494,1735
1492,1733
1490,1732
1489,1731
1487,1729
1485,1728
1483,1726
1482,1725
1480,1723
1478,1721
1476,1720
1474,1718
1473,1716
1471,1715
1469,1713
1467,1711
1465,1710
1463,1708
1462,1706
1460,1704
1458,1703
1456,1701
1454,1699
1452,1697
1451,1696
1449,1694
1447,1692
1445,1691
1443,1689
1441,1687
1439,1686
1438,1684
1436,1682
1434,1681
1432,1679
1430,1677
1429,1675
1427,1674
1425,1672
1423,1670
1421,1668
1420,1666
1418,1664
1416,1662
1414,1660
1413,1658
1411,1656
1409,1654
1407,1652
1406,1650
1404,1648
1402,1646
1401,1644
1399,1641
1397,1639
1396,1637
1394,1635
1392,1633
1391,1630
1389,1628
1388,1626
1386,1623
1384,1621
1383,1619
1381,1616
1380,1614
1378,1612
1377,1610
1375,1607
1374,1605
1372,1603
1371,1600
1369,1598
1368,1595
1366,1592
1365,1590
1363,1587
1362,1584
1360,1582
1359,1579
1357,1576
1356,1573
1354,1571
1353,1568
1352,1565
1350,1562
1349,1559
1348,1556
1346,1553
1345,1550
1344,1547
1342,1544
1341,1541
1340,1538
1339,1535
1337,1532
1336,1529
1335,1526
1334,1523
1332,1521
1331,1518
1330,1515
1329,1512
1328,1509
1326,1507
1325,1504
1324,1501
1323,1499
1322,1496
1321,1494
1320,1491
1319,1489
1318,1486
1316,1484
1315,1481
1314,1479
1313,1477
1312,1474
1311,1472
1310,1469
1309,1467
1308,1464
1307,1462
1306,1460
1305,1457
1304,1455
1303,1452
1301,1450
1300,1447
1299,1445
1298,1442
1297,1439
1296,1437
1295,1434
1294,1431
1292,1429
1291,1426
1290,1424
1289,1421
1288,1418
1287,1416
1285,1413
1284,1411
1283,1408
1282,1405
1281,1403
1279,1400
1278,1398
1277,1395
1276,1393
1275,1390
1273,1388
1272,1385
1271,1382
1270,1380
1269,1378
1267,1375
1266,1373
1265,1370
1264,1368
1263,1366
1262,1364
1260,1362
1259,1360
1258,1358
1257,1356
1256,1354
1255,1352
1254,1351
1253,1349
1252,1347
1251,1345
1249,1343
1248,1342
1247,1340
1246,1338
1245,1336
1244,1334
1243,1332
1242,1330
1241,1328
1240,1326
1239,1324
1238,1322
1237,1320
1236,1318
1235,1316
1234,1314
1233,1312
1232,1310
1231,1308
1230,1306
1229,1304
1228,1302
1227,1300
1226,1298
1225,1296
1224,1294
1222,1292
1221,1291
1220,1289
1219,1288
1218,1287
1217,1285
1216,1284
1215,1283
1214,1282
1213,1281
1212,1279
1210,1278
1209,1277
1208,1276
1207,1275
1206,1273
1204,1272
1203,1271
1202,1270
1200,1268
1199,1267
1197,1266
1196,1264
1195,1263
1193,1262
1192,1261
1191,1260
1189,1259
1188,1258
1187,1258
1186,1257
1184,1257
1183,1257
1182,1256
1181,1256
1180,1256
1178,1256
1177,1256
1176,1256
1174,1256
1173,1256
1171,1256
1170,1256
1168,1256
1166,1255
1164,1255
1162,1254
1160,1254
1158,1253
1156,1252
1154,1251
1152,1250
1149,1249
1147,1248
1145,1247
1143,1246
1141,1245
1139,1245
1137,1244
1135,1244
1133,1243
1132,1243
1130,1243
1129,1243
1128,1244
1127,1244
1126,1245
1125,1246
1125,1248
1124,1249
1124,1251
1124,1252
1124,1253
1123,1255
1123,1256
1123,1257
1123,1258
1123,1259
1124,1259
1124,1259
