2289,583
2289,583
2288,583
2288,584
2287,584
2287,585
2286,586
2285,587
2284,588
2283,589
2282,590
2281,591
2279,592
2278,594
2277,595
2276,596
2275,598
2274,599
2273,601
2272,602
2271,604
2270,606
2269,607
2268,609
2268,611
2267,612
2266,614
2266,616
2266,618
2265,620
2265,622
2265,624
2265,626
2265,628
2264,630
2265,633
2265,635
2265,637
2265,639
2266,641
2266,643
2266,645
2267,648
2267,650
2268,652
2268,655
2269,658
2269,661
2269,664
2269,668
2269,672
2269,676
2270,679
2270,683
2270,687
2271,691
2271,695
2272,698
2272,702
2273,705
2274,709
2275,712
2277,715
2278,719
2279,722
2281,724
2283,727
2285,729
2287,731
2290,733
2292,735
2295,736
2299,736
2302,737
2306,737
2310,737
2314,736
2318,736
2323,735
2328,734
2333,732
2339,730
2344,729
2350,727
2356,725
2362,723
2368,720
2374,718
2380,716
2387,713
2393,711
2400,709
2407,706
2413,704
2420,701
2427,699
2434,696
2440,693
2447,691
2454,688
2461,685
2468,683
2475,681
2481,678
2488,676
2494,675
2500,673
2506,672
2511,671
2517,670
2522,670
2527,670
2532,670
2536,670
2541,670
2545,671
2549,672
2553,674
2557,675
2561,677
2564,678
2568,680
2571,682
2575,685
2578,687
2581,689
2585,691
2588,693
2591,696
2594,698
2598,700
2601,702
2604,704
2607,706
2610,708
2613,710
2616,712
2619,714
2622,716
2624,718
2627,720
2630,721
2632,723
2635,724
2637,726
2639,727
2641,728
2644,730
2645,731
2647,732
2649,734
2650,735
2651,737
2652,739
2653,740
2654,742
2655,744
2655,746
2656,748
2656,749
2656,751
2656,753
2656,754
2657,756
2657,757
2657,759
2657,760
2657,762
2657,763
2657,764
2657,765
2657,766
2657,767
2657,768
2658,769
2658,770
2658,771
2658,771
2659,772
2659,773
2659,773
2660,774
2660,774
2661,774
2661,775
2662,775
2662,775
2663,775
2663,775
2664,776
2664,776
2665,776
2665,776
2665,777
2665,777
2666,777
2666,777
2666,778
2666,778
2666,778
2667,777
2667,777
2667,776
2668,775
2669,774
2669,773
2670,771
2671,769
2672,768
2673,765
2674,763
2676,761
2677,758
2678,755
2680,753
2681,750
2682,748
2683,746
2684,744
2685,742
2685,741
2685,740
2685,739
2685,739
2684,740
2683,741
2681,742
2679,744
2677,747
2675,750
2672,753
2669,757
2666,761
2662,766
2658,771
2654,776
2650,781
2645,786
2641,791
2637,796
2632,801
2628,805
2624,809
2621,813
2617,816
2614,819
2611,821
2608,823
2606,824
2604,825
2602,825
2600,825
2599,825
2598,824
2597,823
2596,822
2596,820
2595,818
2595,817
2594,815
2594,813
2594,811
2593,810
2593,808
2593,807
2592,806
2592,804
2592,803
2591,802
2591,801
2590,800
2590,800
2589,799
2589,799
2588,799
2588,798
2587,798
2586,798
2585,798
2584,798
2583,799
2582,799
2581,799
2580,800
2579,800
2578,800
2576,801
2575,801
2574,802
2572,803
2571,804
2569,804
2568,805
2566,806
2565,807
2563,808
2561,809
2560,810
2558,811
2556,812
2555,813
2553,814
2551,814
2550,815
2548,815
2547,816
2546,816
2545,816
2544,816
2543,815
2542,815
2541,814
2540,814
2540,813
2539,813
2538,812
2537,812
2536,812
2534,813
2533,813
2531,814
2529,815
2527,817
2524,818
2522,820
2519,822
2516,825
2513,827
2510,830
2507,832
2504,835
2501,838
2498,840
2495,843
2492,845
2489,847
2487,849
2484,851
2482,853
2480,854
2478,855
2477,855
2475,855
2474,855
2474,854
2473,853
2473,852
2473,850
2474,848
2474,845
2475,842
2477,839
2478,835
2479,832
2481,828
2483,824
2484,820
2486,815
2488,811
2490,807
2491,803
2493,799
2494,796
2496,793
2497,790
2497,787
2498,784
2499,782
2499,781
2499,779
2499,778
2498,777
2498,777
2497,777
2496,777
2495,777
2493,778
2492,779
2490,781
2489,782
2487,784
2485,786
2483,787
2481,789
2479,791
2477,793
2475,795
2473,797
2471,799
2469,801
2467,803
2465,805
2463,807
2461,809
2459,812
2457,813
2455,815
2453,817
2451,819
2449,820
2447,822
2445,823
2444,824
2442,825
2440,826
2438,827
2437,828
2435,828
2433,829
2432,830
2430,830
2428,831
2427,831
2425,832
2423,832
2422,832
2420,832
2419,832
2417,832
2416,831
2415,831
2414,831
2412,830
2411,830
2410,829
2409,829
2407,829
2406,829
2405,829
2403,829
2401,829
2400,829
2398,830
2396,831
2394,831
2392,832
2390,833
2388,834
2386,835
2384,836
2382,837
2380,838
2378,839
2376,839
2374,840
2372,840
2371,841
2369,841
2367,842
2365,842
2364,843
2362,843
2360,843
2359,844
2357,844
2356,844
2354,844
2353,844
2351,844
2350,844
2349,844
2347,843
2346,843
2345,843
2344,842
2343,842
2342,841
2340,841
2339,840
2338,840
2337,839
2336,839
2336,838
2335,837
2334,836
2333,836
2332,835
2331,834
2331,833
2330,832
2329,832
2328,831
2327,831
2326,830
2325,830
2324,830
2323,829
2322,829
2321,829
2320,829
2319,830
2318,830
2316,831
2315,831
2313,832
2312,833
2310,834
2309,835
2307,836
2305,837
2304,839
2302,840
2300,842
2298,843
2296,845
2294,847
2292,848
2290,850
2288,852
2286,853
2284,855
2282,856
2280,858
2278,859
2277,860
2275,861
2273,862
2272,862
2271,863
2269,863
2268,863
2267,863
2266,862
2265,862
2264,861
2263,860
2262,859
2261,859
2260,858
2260,856
2259,855
2258,854
2257,853
2257,852
2256,851
2255,849
2254,848
2253,847
2252,846
2251,846
2250,845
2249,844
2248,843
2247,843
2246,842
2244,842
2243,842
2241,843
2239,844
2237,845
2235,846
2233,847
2231,849
2229,852
2226,854
2223,857
2220,861
2217,864
2215,868
2211,872
2208,876
2205,880
2203,884
2200,888
2197,891
2195,895
2192,897
2190,900
2188,902
2186,903
2185,904
2183,905
2182,904
2182,904
2181,902
2181,900
2181,898
2181,895
2181,892
2182,888
2182,883
2183,879
2185,874
2186,868
2187,862
2189,857
2190,851
2192,844
2194,838
2195,832
2197,826
2199,820
2200,815
2202,809
2203,804
2205,799
2206,794
2207,790
2209,786
2210,782
2211,778
2212,774
2213,771
2214,768
2215,766
2216,763
2216,761
2217,759
2218,757
2218,755
2219,753
2220,752
2220,751
2221,749
2221,748
2222,747
2222,746
2223,745
2224,744
2225,743
2226,741
2226,740
2228,739
2229,737
2230,736
2231,734
2233,732
2235,729
2236,727
2238,724
2240,722
2242,719
2244,717
2246,714
2248,712
2250,709
2251,707
2253,705
2255,703
2257,701
2258,699
2260,698
2261,697
2262,696
2264,696
2265,695
2266,695
2266,695
2267,695
2268,695
2269,696
2269,696
2270,697
2271,697
2272,697
2272,698
2273,698
2274,698
2275,698
2276,698
2277,698
2278,698
2279,697
2280,697
2282,697
2283,696
2284,696
2286,695
2287,695
2288,694
2290,694
2291,693
2293,692
2294,692
2296,691
2297,690
2299,689
2300,689
2302,688
2304,687
2306,686
2307,685
2309,684
2311,682
2313,681
2315,679
2318,678
2320,676
2322,674
2325,672
2327,670
2330,668
2332,666
2335,663
2337,661
2340,658
2343,656
2345,654
2348,651
2350,649
2352,647
2355,645
2357,644
2359,642
2361,641
2362,640
2364,640
2365,639
2366,639
2367,639
2368,640
2368,641
2368,642
2369,643
2368,645
2368,647
2368,649
2367,651
2366,653
2366,655
2365,658
2364,660
2363,662
2362,664
2361,666
2360,668
2360,670
2359,671
2359,672
2358,672
2358,673
2358,672
2358,672
2358,671
2359,670
2359,669
2360,667
2360,665
2361,662
2362,659
2364,657
2365,653
2366,650
2367,647
2368,643
2370,640
2371,636
2372,633
2374,629
2375,625
2376,621
2378,618
2379,614
2380,611
2381,608
2381,605
2382,602
2383,599
2383,596
2384,593
2384,591
2385,588
2385,586
2386,583
2386,581
2386,579
2386,577
2387,574
2387,572
2387,570
2387,568
2388,565
2388,563
2389,560
2389,557
2390,555
2390,552
2391,550
2391,548
2392,545
2392,543
2392,541
2392,539
2393,537
2393,535
2393,534
2393,532
2393,530
2393,529
2393,527
2393,526
2394,524
2393,523
2393,521
2393,520
2393,519
2393,517
2394,516
2394,514
2394,512
2394,511
2394,509
2394,508
2394,506
2394,504
2394,502
2395,500
2395,498
2395,496
2396,495
2396,493
2396,491
2397,489
2397,487
2397,486
2398,485
2398,483
2398,483
2398,482
2397,482
2397,482
2397,482
2396,483
2395,484
2394,485
2393,487
2392,488
2391,490
2390,493
2389,495
2387,497
2386,500
2384,502
2383,505
2381,508
2380,510
2378,513
2377,515
2376,518
2374,520
2373,522
2372,524
2371,526
2370,527
2369,529
2368,530
2368,531
2367,532
2366,532
2366,533
2366,533
2366,533
2366,533
2366,532
2366,532
2366,531
2366,531
2366,531
2366,531
2365,531
2365,531
2365,531
2365,532
2364,532
2364,533
2363,535
2362,536
2362,538
2361,540
2360,542
2359,544
2358,546
2357,549
2356,551
2355,554
2354,556
2353,559
2352,561
2351,563
2351,565
2350,567
2349,569
2349,571
2349,572
2348,574
2348,575
2348,576
2348,576
2348,577
2348,577
2349,577
2349,577
2350,576
2350,576
2350,576
2351,575
2351,574
2352,574
2352,573
2353,573
2353,572
2353,571
2353,571
2353,571
2353,570
2353,570
2353,570
2353,569
2353,569
2352,569
2352,568
2351,568
2351,568
2350,568
2350,568
2349,568
2349,567
2348,567
2347,567
2346,567
2345,567
2344,567
2343,567
2342,567
2342,567
2340,567
2339,567
2338,567
2337,567
2336,567
2335,567
2333,567
2332,568
2330,569
2328,570
2327,571
2325,572
2322,574
2320,576
2318,578
2315,580
2313,583
2310,585
2307,588
2305,591
2302,594
2299,597
2296,600
2293,603
2290,607
2286,610
2283,614
2280,617
2277,621
2274,624
2270,628
2267,631
2264,635
2261,638
2258,641
2254,644
2251,648
2248,651
2245,653
2242,656
2240,658
2237,661
2234,663
2231,665
2228,667
2226,669
2223,671
2220,673
2217,675
2215,677
2212,679
2209,680
2207,682
2204,683
2201,684
2199,685
2196,686
2194,687
2192,687
2189,687
2187,687
2185,687
2183,686
2181,686
2179,685
2177,685
2175,684
2173,684
2171,683
2169,683
2167,682
2164,682
2162,682
2160,682
2158,682
2156,682
2154,683
2151,683
2149,684
2146,685
2144,686
2142,688
2139,689
2137,691
2134,692
2132,694
2129,696
2127,698
2124,701
2122,703
2120,705
2118,708
2115,710
2113,712
2111,714
2110,716
2108,718
2107,719
2105,721
2104,722
2103,723
2102,724
2101,724
2101,725
2100,725
2100,726
2100,726
2099,726
2099,726
2099,726
2099,726
2099,726
2100,726
2100,726
2100,726
2100,726
2101,726
2101,726
2102,726
2102,726
2103,726
2103,725
2104,725
2105,725
2105,725
2106,725
2106,725
2107,725
2107,725
2108,726
2108,726
2109,726
2109,726
2110,726
2110,727
2111,727
2111,727
2112,727
2112,728
2113,728
2113,728
2114,728
2114,728
2115,727
2115,727
2116,727
2116,726
2117,726
2117,725
2118,724
2119,724
2119,723
2120,722
2120,721
2121,721
2121,720
2121,719
2122,719
2122,718
2122,718
2122,718
2122,718
2121,718
2121,718
2120,718
2120,719
2119,719
2118,720
2117,720
2116,721
2115,722
2114,723
2112,724
2111,725
2109,726
2108,727
2106,729
2104,730
2103,730
2101,731
2099,732
2097,733
2095,734
2093,735
2092,736
2090,736
2088,737
2086,737
2084,737
2082,737
2080,737
2079,737
2077,737
2075,736
2073,735
2072,735
2070,734
2068,733
2066,732
2064,732
2062,731
2060,731
2058,731
2056,731
2054,732
2052,732
2049,733
2047,735
2044,737
2042,739
2039,741
2036,744
2034,747
2031,749
2028,752
2026,755
2023,757
2021,760
2018,761
2016,763
2014,764
2013,764
2011,763
2010,762
2008,761
2007,758
2007,755
2006,752
2005,747
2005,742
2005,736
2005,730
2005,723
2006,715
2006,708
2007,699
2007,691
2008,683
2009,674
2009,666
2010,657
2011,650
2011,642
2011,635
2011,629
2012,623
2012,618
2011,613
2011,608
2011,604
2011,600
2010,596
2010,593
2010,590
2009,587
2009,584
2009,581
2008,578
2008,575
2008,572
2007,569
2007,566
2006,563
2006,560
2005,556
2005,553
2004,550
2003,547
2003,545
2002,542
2001,539
1999,537
1998,534
1997,532
1995,530
1994,528
1992,526
1990,525
1989,524
1987,523
1985,523
1983,523
1980,523
1978,523
1976,524
1974,525
1971,526
1969,527
1967,528
1964,529
1962,529
1960,530
1958,530
1956,531
1954,531
1951,531
1949,531
1947,532
1945,532
1943,532
1941,533
1938,533
1936,533
1934,533
1932,532
1930,531
1929,530
1927,528
1925,525
1924,522
1923,518
1922,514
1921,510
1920,505
1919,500
1918,494
1918,489
1917,483
1917,478
1917,472
1916,467
1916,461
1916,456
1916,451
1916,446
1916,440
1916,435
1916,429
1917,424
1917,418
1917,412
1918,406
1919,400
1919,393
1920,387
1920,380
1921,374
1922,369
1922,363
1922,359
1923,354
1923,350
1923,347
1923,344
1923,342
1922,340
1922,339
1921,338
1921,337
1920,337
1919,337
1918,337
1917,338
1916,340
1915,342
1913,344
1911,347
1909,351
1907,355
1905,360
1903,365
1901,370
1899,375
1896,380
1894,384
1892,389
1890,393
1887,397
1885,401
1883,404
1881,407
1879,409
1877,411
1876,412
1874,412
1873,412
1871,412
1870,412
1868,411
1867,410
1866,409
1865,408
1863,407
1862,406
1861,405
1860,404
1858,403
1857,403
1856,402
1855,402
1854,401
1852,401
1851,400
1850,400
1849,400
1848,399
1848,399
1847,398
1846,398
1845,397
1844,396
1843,396
1842,395
1841,394
1840,392
1839,391
1838,389
1837,387
1836,385
1835,383
1834,380
1833,378
1831,376
1830,373
1829,370
1828,367
1826,365
1825,362
1824,359
1823,356
1822,354
1820,351
1819,349
1818,347
1816,345
1815,343
1814,341
1813,339
1812,337
1810,335
1809,333
1808,331
1807,329
1806,328
1805,326
1804,325
1803,324
1802,323
1801,323
1800,322
1798,322
1797,322
1796,321
1795,321
1793,322
1792,322
1790,323
1788,323
1787,324
1785,325
1783,326
1781,327
1779,328
1777,329
1776,330
1774,331
1772,331
1770,332
1768,333
1767,333
1765,333
1764,332
1763,331
1762,329
1761,327
1760,325
1760,321
1760,317
1760,312
1760,307
1761,301
1762,295
1763,288
1765,281
1766,274
1768,267
1769,260
1771,254
1773,248
1774,243
1776,238
1778,234
1779,230
1780,228
1782,226
1783,225
1783,225
1784,226
1785,228
1785,230
1785,234
1785,238
1784,243
1784,249
1783,255
1782,262
1781,269
1780,276
1778,284
1777,292
1776,299
1774,307
1773,314
1772,321
1771,327
1769,333
1768,338
1768,343
1767,347
1766,351
1766,354
1765,356
1765,358
1765,360
1764,361
1764,362
1764,363
1764,364
1764,364
1764,365
1764,366
1764,367
1764,368
1764,370
1764,371
1764,373
1764,374
1764,376
1764,378
1763,379
1763,381
1763,383
1763,384
1763,386
1763,387
1763,389
1763,390
1764,390
1764,391
1765,391
1766,390
1766,389
1768,388
1769,386
1770,384
1772,381
1774,378
1776,374
1778,370
1781,366
1783,361
1786,356
1789,350
1792,345
1794,340
1797,334
1800,329
1803,325
1806,320
1808,317
1811,313
1813,311
1815,309
1817,307
1819,306
1821,306
1822,307
1823,308
1824,310
1825,312
1825,315
1826,318
1826,321
1826,325
1827,328
1827,332
1827,335
1827,339
1827,342
1827,345
1827,347
1827,349
1828,351
1828,352
1829,352
1829,352
1830,352
1830,351
1831,350
1831,349
1832,348
1833,347
1833,346
1833,345
1834,345
1834,345
1834,346
1833,348
1833,350
1833,353
1832,356
1831,360
1830,364
1829,369
1828,374
1827,380
1825,385
1824,391
1823,397
1822,403
1820,409
1819,415
1818,420
1817,425
1816,430
1815,435
1814,440
1813,444
1812,448
1811,451
1810,454
1810,457
1809,459
1809,461
1808,463
1808,465
1807,466
1807,468
1806,469
1806,470
1805,470
1805,471
1805,472
1804,473
1804,474
1803,475
1802,476
1802,477
1801,479
1800,481
1799,483
1798,485
1797,487
1797,489
1796,492
1794,494
1793,497
1792,500
1791,503
1790,506
1789,509
1787,513
1786,516
1785,520
1784,524
1782,527
1781,531
1779,535
1778,539
1777,543
1775,547
1774,550
1772,554
1771,558
1770,561
1768,564
1767,567
1765,570
1764,573
1762,576
1761,578
1760,581
1758,583
1757,585
1755,588
1754,590
1752,593
1750,595
1749,598
1747,601
1745,604
1743,608
1741,611
1739,615
1737,619
1734,623
1732,627
1730,631
1728,635
1726,639
1723,643
1721,647
1719,651
1717,654
1715,658
1712,661
1710,664
1708,667
1706,670
1704,672
1702,675
1700,677
1699,679
1697,681
1695,682
1693,684
1691,686
1690,687
1688,688
1686,689
1684,691
1683,692
1681,693
1679,694
1678,696
1676,697
1674,699
1673,701
1671,703
1669,705
1668,707
1666,709
1665,711
1663,713
1662,714
1661,716
1659,718
1658,719
1657,721
1656,722
1655,723
1655,724
1654,725
1653,726
1653,726
1653,727
1652,728
1652,728
1652,729
1652,730
1651,731
1651,732
1651,734
1651,735
1651,737
1651,739
1651,741
1651,743
1650,745
1650,748
1650,751
1650,754
1649,757
1649,760
1649,763
1648,766
1648,769
1648,773
1647,776
1647,779
1646,782
1646,784
1646,787
1645,789
1645,791
1645,792
1645,794
1645,794
1645,795
1645,795
1645,795
1645,795
1645,795
1645,794
1645,794
1646,793
1646,793
1646,793
1647,793
1647,793
1647,794
1648,794
1648,796
1648,797
1649,798
1649,800
1650,802
1650,804
1651,806
1651,808
1652,810
1653,813
1654,815
1655,817
1656,819
1657,821
1658,823
1659,824
1660,826
1662,827
1663,828
1665,829
1666,829
1668,829
1670,829
1672,828
1674,827
1676,826
1678,824
1680,823
1683,821
1685,819
1687,817
1690,814
1692,812
1694,810
1697,808
1699,807
1701,805
1703,805
1705,804
1707,805
1709,806
1710,807
1711,809
1713,812
1714,815
1715,818
1715,822
1716,827
1717,832
1717,837
1717,842
1717,848
1718,853
1718,858
1718,863
1718,867
1719,871
1719,875
1719,878
1720,880
1721,882
1721,883
1722,884
1724,884
1725,883
1726,882
1728,880
1730,877
1732,873
1734,869
1736,865
1739,859
1741,854
1744,848
1747,841
1750,835
1753,828
1756,821
1759,814
1761,807
1764,801
1767,794
1770,788
1773,781
1775,775
1778,770
1780,764
1783,759
1785,754
1787,750
1789,746
1791,742
1792,739
1794,736
1795,733
1797,731
1798,728
1800,726
1801,724
1802,722
1803,721
1804,720
1805,719
1806,719
1807,718
1808,718
1808,719
1809,719
1810,720
1811,720
1811,720
1812,721
1813,721
1814,721
1815,721
1816,720
1817,720
1818,719
1819,718
1820,717
1822,716
1823,715
1824,714
1825,712
1827,711
1828,709
1830,707
1831,706
1833,704
1834,703
1836,701
1837,700
1838,699
1840,698
1841,698
1842,698
1844,698
1845,698
1846,698
1847,699
1849,699
1850,700
1851,701
1852,702
1853,703
1854,704
1856,705
1857,706
1858,707
1859,708
1861,709
1862,710
1864,711
1865,712
1866,713
1868,714
1869,715
1870,716
1872,717
1873,718
1875,719
1876,720
1878,721
1879,721
1881,722
1882,723
1884,723
1886,724
1887,724
1889,724
1891,725
1892,725
1894,725
1896,726
1898,726
1899,726
1901,726
1903,726
1905,726
1906,726
1908,726
1910,725
1912,725
1914,724
1916,723
1918,723
1920,722
1922,721
1924,720
1926,719
1928,718
1930,717
1932,716
1934,716
1935,716
1937,716
1938,717
1939,718
1940,719
1941,721
1941,724
1942,727
1942,730
1942,734
1942,737
1942,741
1942,745
1942,748
1942,752
1942,755
1942,758
1942,761
1942,764
1942,766
1943,767
1943,768
1944,768
1945,768
1947,768
1948,766
1950,764
1952,762
1954,759
1956,756
1959,752
1961,747
1964,743
1967,738
1970,733
1973,728
1976,723
1979,717
1982,712
1985,707
1989,703
1992,698
1994,694
1997,691
2000,688
2002,686
2004,684
2006,683
2008,683
2010,683
2011,683
2013,684
2014,686
2015,687
2016,690
2017,692
2018,694
2019,696
2019,698
2020,701
2021,703
2022,705
2023,707
2024,708
2026,710
2027,711
2028,712
2029,713
2031,714
2032,715
2033,716
2035,717
2037,717
2038,717
2040,717
2041,718
2043,718
2044,719
2046,719
2047,720
2048,722
2049,723
2050,725
2051,726
2052,728
2053,729
2054,731
2055,733
2056,735
2057,736
2058,738
2059,739
2060,740
2062,741
2063,741
2065,742
2066,741
2068,741
2070,741
2072,740
2074,739
2076,738
2078,737
2080,735
2082,734
2084,732
2087,731
2089,729
2091,727
2093,726
2095,724
2097,723
2100,722
2101,720
2103,719
2105,719
2107,718
2109,717
2111,716
2113,716
2114,715
2116,715
2118,714
2119,714
2121,714
2122,713
2124,712
2126,711
2128,710
2130,708
2132,706
2134,704
2137,701
2139,699
2141,696
2144,694
2146,691
2149,688
2151,685
2153,683
2156,680
2158,678
2160,676
2162,673
2164,671
2166,670
2168,668
2170,666
2172,664
2174,663
2176,661
2178,660
2179,658
2181,657
2182,656
2184,655
2185,654
2187,653
2188,652
2189,651
2191,651
2192,651
2193,650
2194,650
2194,650
2195,650
2196,651
2197,651
2197,652
2198,652
2199,653
2199,653
2200,654
2201,654
2201,655
2202,655
2203,656
2203,656
2204,656
2205,656
2206,656
2207,656
2208,656
2209,655
2211,655
2212,654
2213,654
2214,653
2216,652
2217,652
2218,651
2219,651
2220,651
2221,651
2222,651
2223,651
2223,652
2224,653
2224,654
2225,655
2225,656
2226,657
2226,659
2226,660
2227,661
2227,663
2228,664
2228,666
2229,667
2229,668
2230,669
2230,670
2231,671
2232,671
2233,671
2234,672
2235,671
2237,671
2238,670
2240,669
2241,668
2243,667
2245,666
2246,665
2248,664
2250,662
2251,661
2253,660
2254,660
2255,659
2256,658
2258,658
2259,658
2259,658
2260,658
2261,658
2261,658
2262,659
2262,659
2263,660
2263,661
2264,661
2264,662
2264,662
2265,662
2265,662
2266,662
2266,662
2267,662
2268,662
2268,661
2269,661
2269,660
2270,659
2271,659
2271,658
2272,657
2272,657
2273,656
2273,655
2274,655
2274,654
2274,654
2274,654
2274,653
2274,653
2274,653
2274,653
2274,653
2273,654
2273,654
2272,654
2272,655
2271,655
2270,655
2269,656
2268,656
2267,657
2266,658
2265,658
2263,659
2262,660
2261,661
2259,661
2258,662
2256,663
2255,664
2253,664
2252,665
2250,666
2249,666
2247,667
2246,667
2244,668
2243,669
2242,669
2240,669
2239,670
2238,670
2237,671
2236,671
2235,671
2234,671
2234,672
2233,672
2233,672
2232,672
2232,672
2232,672
2232,672
2232,672
2232,672
2232,672
2232,672
2233,673
2233,673
2233,674
2233,675
2234,676
2234,677
2234,679
2234,680
2235,681
2235,683
2236,684
2236,686
2236,687
2237,689
2237,691
2238,693
2238,695
2239,697
2239,699
2240,701
2240,702
2241,704
2242,705
2242,706
2243,707
2244,708
2246,709
2247,709
2248,709
2250,708
2252,707
2254,706
2256,705
2258,703
2260,701
2262,699
2265,697
2267,694
2270,692
2272,689
2275,686
2277,683
2280,680
2282,678
2285,675
2287,673
2289,670
2291,668
2293,666
2295,664
2297,662
2298,660
2300,659
2301,657
2302,656
2303,655
2304,655
2304,655
2305,655
2305,655
2305,655
2305,656
2305,656
2305,656
2305,657
2304,658
2304,658
2303,659
2303,661
2302,662
2301,664
2299,666
2298,669
2296,672
2294,675
2292,678
2290,682
2287,686
2285,691
2282,695
2280,700
2277,705
2274,709
2272,714
2269,718
2267,722
2264,725
2262,729
2260,731
2259,734
2257,735
2256,736
2255,737
2254,737
2253,736
2253,735
2253,734
2253,732
2253,729
2254,726
2255,722
2256,718
2257,713
2258,708
2260,703
2262,697
2263,691
2265,685
2267,679
2268,674
2270,669
2271,664
2272,660
2273,655
2273,651
2274,648
2274,645
2275,641
2275,639
2275,636
2275,634
2274,632
2274,630
2274,628
2273,627
2273,625
2272,624
2271,623
2270,623
2269,623
2268,623
2267,624
2266,625
2264,626
2262,628
2261,630
2259,632
2257,634
2255,637
2253,640
2252,642
2250,645
2249,646
2248,648
2247,648
2246,648
2246,648
2246,647
2246,645
2246,642
2247,639
2248,636
2249,632
2250,628
2251,623
2253,618
2254,612
2256,606
2258,600
2259,593
2261,587
2263,581
2264,576
2265,570
2266,566
2267,562
2267,559
2267,557
2266,556
2265,556
2264,557
2262,558
2260,561
2257,565
2255,569
2252,574
2248,580
2245,587
2242,594
2238,601
2234,608
2231,615
2227,623
2224,630
2221,637
2218,643
2215,649
2212,654
2210,659
2208,664
2206,668
2205,671
2204,674
2203,676
2202,678
2202,679
2201,679
2202,680
2202,680
2202,679
2203,678
2204,677
2205,676
2206,674
2207,673
2208,671
2210,669
2211,668
2212,666
2213,664
2215,662
2216,661
2217,659
2219,657
2220,655
2221,653
2222,651
2224,649
2225,647
2226,645
2227,643
2228,641
2229,638
2230,636
2231,634
2232,632
2232,630
2233,628
2234,626
2234,624
2235,622
2235,620
2236,618
2236,616
2237,614
2237,613
2237,611
2238,609
2238,608
2239,606
2239,605
2239,605
2239,604
2238,605
2238,605
2237,606
2236,607
2236,609
2234,611
2233,614
2232,616
2230,619
2229,622
2227,625
2226,629
2224,632
2222,635
2221,639
2219,642
2217,645
2216,648
2214,651
2213,654
2212,657
2211,659
2210,661
2209,663
2208,664
2208,666
2207,667
2207,668
2207,670
2207,671
2207,672
2207,674
2207,675
2207,677
2206,679
2206,682
2206,685
2205,688
2204,692
2204,696
2203,700
2201,705
2200,711
2199,716
2197,722
2195,728
2194,734
2192,740
2191,746
2189,751
2189,756
2188,760
2188,764
2188,767
2188,769
2189,770
2191,770
2192,770
2195,769
2197,767
2200,765
2204,762
2207,758
2211,754
2215,749
2219,744
2224,739
2228,733
2233,728
2238,722
2242,716
2247,711
2251,706
2255,702
2259,697
2262,694
2265,691
2268,688
2270,686
2272,685
2273,685
2274,685
2275,686
2275,687
2275,690
2275,692
2274,695
2273,699
2272,702
2271,706
2270,709
2269,713
2268,716
2268,718
2267,720
2267,722
2267,723
2267,723
2268,723
2269,723
2270,722
2272,720
2273,718
2275,716
2277,714
2279,711
2281,708
2283,705
2285,702
2287,699
2290,696
2292,692
2295,689
2297,685
2299,682
2302,679
2304,676
2306,673
2308,671
2310,669
2311,667
2313,666
2314,664
2315,663
2316,663
2316,662
2317,662
2317,662
2318,662
2318,662
2318,662
2319,662
2319,662
2319,662
2319,662
2319,661
2319,661
2320,660
2320,660
2320,659
2320,659
2320,658
2319,658
2319,657
2319,657
2318,657
2318,657
2317,657
2317,657
2316,657
2316,656
2315,656
2314,656
2314,655
2314,654
2313,653
2313,652
2313,650
2313,649
2313,647
2313,646
2313,644
2313,642
2313,640
2313,638
2313,637
2313,635
2313,634
2313,633
2312,632
2312,632
2311,632
2310,632
2309,633
2308,634
2307,636
2305,638
2303,641
2301,644
2299,647
2297,651
2294,655
2292,659
2289,663
2287,667
2284,671
2282,674
2280,678
2277,681
2275,683
2273,686
2271,688
2268,690
2266,691
2264,693
2262,694
2260,695
2259,695
2257,696
2255,695
2253,695
2252,694
2251,693
2249,692
2248,691
2247,689
2246,687
2245,685
2244,683
2243,681
2243,678
2242,676
2241,674
2241,671
2241,669
2240,667
2240,665
2239,663
2239,661
2239,659
2239,657
2239,655
2239,654
2238,652
2238,651
2238,650
2238,648
2238,647
2238,646
2237,645
2237,644
2237,643
2236,642
2236,642
2235,641
2234,641
2234,641
2233,641
2232,641
2231,642
2230,642
2229,643
2227,644
2226,645
2225,646
2223,647
2222,648
2221,649
2219,650
2218,652
2217,653
2216,653
2215,654
2214,655
2213,655
2212,655
2211,655
2211,655
2210,654
2210,653
2209,652
2209,651
2209,650
2209,649
2209,647
2209,646
2209,644
2209,642
2208,640
2208,639
2208,637
2208,635
2208,634
2208,632
2208,630
2208,629
2208,627
2207,626
2207,625
2206,625
2206,624
2205,624
2205,624
2204,624
2203,624
2202,625
2201,626
2200,627
2199,628
2198,629
2197,630
2196,631
2196,631
2195,631
2194,632
2194,632
2194,632
2193,631
2193,631
2193,630
2193,630
2192,629
2192,629
2192,628
2192,628
2191,628
2191,627
2190,627
2190,627
2189,627
2188,627
2187,627
2187,627
2186,628
2184,628
2183,629
2182,629
2181,630
2180,630
2178,631
2177,632
2176,632
2174,633
2173,634
2171,635
2169,636
2168,637
2166,638
2164,639
2163,640
2161,641
2159,642
2158,643
2156,644
2154,645
2152,646
2151,646
2149,647
2148,647
2146,648
2145,648
2143,649
2142,649
2140,649
2139,649
2137,649
2136,649
2135,649
2133,649
2132,648
2131,648
2130,647
2129,646
2128,645
2128,644
2127,643
2126,642
2125,641
2125,640
2124,639
2123,638
2122,637
2122,637
2121,637
2120,637
2119,638
2118,639
2117,640
2115,642
2114,644
2113,646
2111,649
2110,652
2108,655
2106,658
2105,662
2103,665
2101,669
2099,673
2098,677
2096,681
2094,684
2092,688
2090,692
2089,695
2087,698
2085,701
2083,704
2082,706
2080,708
2078,710
2077,711
2075,713
2074,714
2072,715
2071,715
2070,716
2068,716
2067,717
2065,717
2064,717
2063,718
2061,718
2060,718
2058,719
2057,719
2056,720
2054,721
2053,722
2051,723
2050,724
2048,726
2047,727
2046,729
2044,730
2043,732
2041,734
2040,735
2039,737
2037,738
2036,740
2035,741
2033,743
2032,744
2031,746
2029,747
2028,748
2027,750
2026,751
2025,752
2024,753
2023,754
2022,755
2021,755
2020,756
2019,756
2018,757
2017,757
2016,758
2015,758
2015,758
2014,758
2013,758
2012,759
2011,759
2011,759
2010,760
2009,760
2008,761
2007,761
2006,762
2005,762
2004,763
2003,763
2002,764
2001,765
2001,765
2000,765
1999,766
1998,766
1998,766
1997,767
1997,767
1996,767
1996,767
1995,768
1995,768
1994,769
1994,769
1993,770
1993,771
1992,772
1992,773
1991,774
1991,775
1991,777
1990,778
1989,780
1989,782
1988,784
1988,786
1987,788
1986,791
1985,794
1985,796
1984,799
1983,802
1983,805
1982,808
1981,811
1981,814
1980,817
1980,820
1979,822
1979,824
1979,826
1979,828
1979,830
1979,831
1979,832
1979,833
1980,834
1980,835
1980,836
1981,837
1981,838
1982,839
1982,839
1982,840
1983,841
1983,842
1984,843
1984,844
1984,845
1985,846
1985,847
1985,848
1986,849
1986,850
1986,851
1986,852
1986,853
1986,854
1987,855
1987,856
1987,857
1987,858
1987,858
1987,859
1987,860
1987,861
1987,861
1987,862
1987,863
1987,864
1986,865
1986,865
1986,866
1986,867
1986,868
1986,869
1985,870
1985,871
1985,872
1985,872
1985,873
1985,874
1985,874
1985,875
1986,875
1986,875
1986,876
1987,876
1987,876
1988,877
1989,877
1989,877
1990,877
1991,878
1991,878
1992,879
1993,879
1993,880
1994,881
1995,882
1995,883
1996,884
1997,885
1997,887
1998,888
1999,890
1999,891
2000,893
2000,895
2001,897
2001,899
2002,901
2002,903
2003,905
2003,907
2004,909
2005,911
2005,912
2006,914
2006,916
2007,918
2007,919
2008,920
2009,921
2009,922
2010,923
2011,924
2012,924
2012,925
2013,925
2014,925
2015,925
2015,926
2016,926
2016,926
2017,926
2017,926
2018,926
2018,927
2018,927
2018,928
2018,929
2018,930
2018,932
2017,933
2017,935
2016,937
2015,940
2014,942
2013,945
2012,948
2011,951
2010,954
2008,958
2007,961
2006,964
2004,968
2003,971
2002,974
2001,977
2000,980
1999,982
1998,984
1997,986
1997,988
1996,989
1996,989
1996,989
1996,989
1996,989
1997,988
1997,987
1998,986
1999,985
1999,983
2000,982
2001,980
2002,979
2002,978
2003,977
2003,976
2004,976
2004,976
2005,976
2005,977
2005,978
2005,979
2005,981
2005,983
2004,985
2004,988
2004,991
2003,994
2003,998
2002,1001
2002,1005
2002,1008
2002,1012
2001,1016
2002,1019
2002,1023
2002,1026
2002,1029
2003,1032
2004,1035
2005,1038
2006,1040
2007,1042
2009,1045
2010,1047
2012,1048
2014,1050
2016,1051
2018,1053
2021,1054
2023,1055
2026,1057
2028,1058
2031,1060
2033,1062
2035,1064
2037,1066
2039,1069
2041,1072
2043,1075
2044,1079
2045,1082
2047,1086
2048,1091
2049,1095
2049,1099
2050,1104
2051,1108
2052,1112
2053,1117
2054,1121
2055,1125
2057,1129
2058,1133
2060,1136
2063,1139
2065,1142
2068,1145
2071,1147
2075,1148
2078,1150
2083,1151
2087,1152
2092,1152
2098,1152
2103,1152
2109,1152
2115,1152
2121,1151
2128,1150
2135,1149
2141,1148
2148,1147
2155,1146
2162,1145
2170,1144
2177,1142
2184,1142
2191,1141
2198,1140
2205,1139
2212,1138
2219,1137
2226,1136
2232,1135
2239,1134
2246,1134
2253,1133
2260,1132
2266,1131
2273,1130
2280,1130
2286,1129
2293,1128
2299,1128
2306,1127
2312,1127
2318,1127
2324,1127
2330,1127
2335,1127
2340,1128
2345,1128
2350,1130
2354,1131
2358,1133
2361,1135
2364,1137
2367,1140
2370,1143
2372,1146
2375,1148
2377,1151
2379,1154
2381,1157
2383,1160
2385,1162
2387,1165
2389,1167
2392,1169
2395,1170
2397,1172
2400,1173
2404,1173
2407,1174
2411,1174
2415,1174
2419,1173
2423,1172
2428,1171
2432,1170
2437,1169
2442,1167
2447,1165
2451,1163
2456,1161
2461,1159
2466,1157
2471,1156
2475,1154
2480,1152
2484,1150
2488,1149
2492,1148
2495,1147
2499,1146
2502,1145
2505,1145
2508,1144
2510,1144
2513,1144
2515,1144
2517,1143
2520,1143
2522,1143
2524,1143
2526,1143
2528,1143
2530,1143
2532,1143
2534,1143
2536,1144
2537,1144
2539,1144
2541,1145
2542,1145
2543,1146
2544,1147
2544,1149
2544,1151
2544,1153
2544,1155
2543,1158
2542,1161
2541,1165
2539,1168
2537,1172
2535,1176
2533,1180
2531,1184
2529,1188
2527,1191
2526,1195
2524,1198
2523,1201
2522,1203
2521,1205
2521,1207
2521,1208
2522,1208
2523,1209
2524,1208
2526,1207
2528,1206
2531,1204
2534,1201
2537,1198
2541,1195
2545,1191
2549,1188
2553,1184
2558,1179
2562,1175
2567,1170
2571,1166
2576,1161
2580,1157
2585,1153
2589,1149
2592,1146
2596,1142
2599,1139
2602,1137
2604,1134
2607,1132
2609,1130
2611,1128
2612,1127
2614,1125
2616,1124
2617,1123
2618,1122
2620,1121
2621,1119
2622,1118
2624,1117
2625,1116
2627,1114
2628,1113
2629,1112
2631,1110
2632,1109
2633,1108
2635,1107
2636,1105
2637,1104
2638,1103
2639,1102
2640,1100
2641,1099
2642,1098
2643,1097
2643,1096
2644,1095
2645,1094
2645,1093
2646,1093
2646,1092
2646,1091
2647,1090
2647,1089
2648,1088
2649,1087
2649,1086
2650,1085
2650,1084
2651,1083
2652,1082
2653,1080
2653,1079
2654,1078
2655,1076
2656,1075
2657,1073
2659,1071
2660,1069
2661,1067
2662,1065
2664,1063
2665,1061
2667,1059
2669,1056
2670,1054
2672,1051
2674,1049
2676,1046
2678,1044
2679,1041
2681,1038
2683,1036
2685,1033
2687,1030
2689,1028
2691,1025
2693,1023
2695,1020
2696,1018
2698,1016
2699,1014
2701,1012
2702,1010
2704,1008
2705,1006
2706,1005
2707,1003
2708,1002
2709,1000
2709,1000
2709,999
2709,998
2709,998
2709,998
2708,999
2707,1000
2705,1001
2704,1002
2702,1003
2700,1005
2698,1007
2696,1008
2693,1011
2691,1013
2688,1015
2686,1018
2683,1020
2680,1022
2678,1025
2675,1027
2672,1030
2670,1032
2667,1034
2665,1037
2663,1039
2661,1040
2659,1042
2658,1043
2656,1044
2655,1045
2655,1045
2654,1045
2654,1044
2655,1044
2655,1042
2656,1041
2657,1039
2659,1037
2661,1034
2662,1031
2665,1028
2667,1025
2669,1022
2672,1018
2674,1015
2677,1011
2679,1007
2682,1004
2685,1000
2687,997
2689,993
2692,990
2694,986
2696,983
2698,980
2699,978
2701,975
2702,973
2704,971
2704,969
2705,967
2706,966
2706,965
2706,964
2706,963
2706,962
2706,962
2705,962
2705,962
2704,962
2703,963
2701,963
2700,964
2698,966
2697,967
2694,968
2692,970
2690,972
2687,975
2684,977
2681,980
2678,983
2674,986
2671,989
2667,992
2663,996
2659,999
2655,1003
2651,1006
2647,1010
2643,1013
2639,1016
2635,1020
2632,1023
2628,1026
2624,1028
2621,1031
2617,1033
2614,1035
2611,1037
2608,1038
2605,1039
2602,1041
2600,1041
2597,1042
2595,1042
2593,1043
2591,1043
2589,1043
2587,1042
2585,1042
2583,1042
2581,1041
2579,1041
2577,1041
2575,1040
2573,1040
2571,1039
2569,1039
2567,1038
2565,1037
2563,1037
2561,1036
2559,1035
2558,1034
2556,1033
2555,1032
2553,1030
2552,1029
2551,1028
2550,1026
2548,1024
2548,1023
2547,1021
2546,1019
2545,1017
2545,1015
2544,1013
2543,1011
2543,1009
2543,1007
2542,1005
2542,1003
2541,1001
2541,999
2541,997
2540,996
2540,994
2539,992
2539,991
2538,990
2537,988
2537,987
2536,986
2536,985
2535,984
2535,983
2534,981
2534,980
2533,979
2533,978
2533,977
2532,976
2532,974
2532,973
2532,972
2532,970
2533,969
2533,967
2533,966
2534,964
2534,963
2535,961
2535,960
2536,958
2536,957
2537,955
2538,954
2538,953
2539,952
2540,951
2540,950
2541,949
2541,949
2542,948
2542,948
2543,948
2543,948
2543,948
2543,948
2544,948
2544,949
2544,949
2544,950
2544,951
2544,951
2544,952
2544,953
2544,954
2544,954
2544,955
2544,956
2544,957
2545,957
2545,958
2545,959
2545,959
2545,960
2545,960
2546,961
2546,961
2546,962
2546,962
2547,962
2547,962
2547,963
2547,963
2547,963
2547,964
2547,964
2548,964
2547,964
2547,965
2547,965
2547,966
2547,966
2546,967
2546,967
2545,968
2545,969
2544,969
2543,970
2543,971
2542,972
2541,973
2540,973
2540,974
2539,975
2538,975
2538,976
2537,976
2536,977
2536,978
2535,978
2534,979
2534,979
2533,979
2533,980
2532,980
2532,980
2532,981
2531,981
2531,981
2530,981
2530,981
2530,981
2529,982
2529,982
2529,982
2528,982
2528,982
2528,981
2527,981
2527,981
2527,980
2527,980
2527,979
2527,978
2527,977
2528,976
2528,975
2528,973
2529,972
2529,970
2530,969
2530,967
2531,965
2531,964
2531,962
2532,961
2532,959
2532,958
2531,957
2531,957
2531,956
2530,956
2529,956
2528,956
2527,957
2526,958
2524,958
2523,959
2521,960
2519,962
2518,963
2516,965
2514,966
2512,968
2510,970
2509,971
2507,973
2505,974
2503,976
2502,977
2501,978
2500,978
2499,978
2498,979
2498,978
2498,978
2498,977
2498,976
2498,975
2499,973
2499,972
2500,970
2501,968
2502,966
2503,963
2504,961
2505,959
2506,956
2507,954
2508,951
2509,949
2510,947
2511,944
2512,942
2514,939
2515,937
2516,935
2517,932
2518,930
2519,928
2519,926
2520,925
2521,923
2521,922
2521,921
2522,921
2521,920
2521,920
2521,920
2520,921
2520,921
2519,922
2518,923
2518,924
2517,925
2516,926
2515,926
2515,927
2514,928
2514,928
2513,929
2513,929
2513,929
2513,929
2513,929
2513,929
2513,928
2513,928
2513,927
2514,926
2514,925
2514,924
2515,923
2515,922
2516,921
2516,920
2517,919
2517,918
2518,916
2519,915
2519,914
2520,912
2521,911
2521,910
2522,908
2523,907
2523,906
2524,904
2524,903
2525,902
2525,901
2525,900
2526,899
2526,898
2526,898
2526,897
2526,896
2526,895
2527,894
2527,894
2526,893
2526,892
2526,892
2525,892
2525,892
2524,892
2523,893
2521,894
2520,895
2518,897
2516,898
2514,900
2511,903
2508,905
2506,908
2503,911
2500,913
2497,916
2493,919
2490,922
2487,925
2484,928
2481,931
2478,933
2475,936
2472,938
2469,941
2466,943
2463,945
2460,947
2457,949
2455,951
2452,952
2450,954
2447,955
2445,957
2443,958
2441,959
2438,960
2436,961
2434,962
2433,962
2431,963
2429,963
2427,964
2426,964
2424,964
2423,964
2421,965
2420,965
2418,965
2417,965
2415,965
2414,965
2412,965
2411,965
2409,965
2408,966
2407,966
2405,966
2404,966
2402,966
2401,966
2400,966
2398,966
2397,966
2396,966
2394,966
2393,966
2391,966
2390,966
2388,967
2387,967
2385,967
2384,968
2382,968
2381,968
2379,969
2377,969
2376,970
2374,970
2373,971
2371,971
2370,972
2368,972
2367,972
2365,973
2364,973
2362,973
2361,973
2359,974
2358,974
2357,974
2355,974
2354,974
2352,975
2351,975
2349,975
2348,976
2346,976
2344,977
2343,977
2341,977
2339,978
2338,978
2336,979
2334,979
2333,980
2331,980
2329,981
2327,981
2326,981
2324,982
2322,982
2320,983
2318,984
2316,985
2314,986
2312,987
2309,989
2307,990
2305,992
2302,994
2299,997
2296,999
2293,1002
2290,1006
2287,1009
2284,1012
2281,1016
2277,1020
2274,1023
2271,1027
2268,1030
2265,1034
2262,1037
2259,1040
2256,1043
2253,1045
2251,1047
2248,1049
2246,1051
2244,1052
2242,1053
2240,1053
2238,1053
2237,1053
2236,1052
2234,1051
2233,1051
2232,1050
2231,1049
2230,1047
2229,1046
2228,1045
2227,1044
2225,1044
2224,1043
2223,1043
2221,1043
2220,1043
2218,1044
2216,1045
2214,1046
2212,1047
2210,1049
2208,1051
2206,1053
2203,1055
2201,1057
2199,1059
2197,1062
2195,1064
2192,1067
2190,1069
2188,1071
2186,1074
2184,1076
2182,1078
2180,1081
2178,1083
2176,1085
2174,1087
2172,1089
2171,1091
2169,1092
2168,1094
2167,1095
2165,1097
2164,1098
2163,1099
2162,1100
2161,1101
2160,1102
2159,1102
2158,1103
2157,1104
2156,1104
2156,1105
2155,1105
2154,1106
2153,1107
2152,1107
2151,1108
2150,1110
2149,1111
2147,1112
2146,1114
2144,1116
2143,1118
2141,1120
2139,1122
2137,1125
2135,1128
2133,1131
2131,1133
2129,1136
2126,1139
2124,1142
2122,1145
2120,1148
2118,1150
2116,1153
2114,1155
2113,1157
2111,1159
2109,1160
2108,1162
2107,1163
2105,1164
2104,1165
2103,1166
2102,1167
2100,1168
2099,1169
2098,1169
2097,1170
2096,1171
2094,1172
2093,1173
2092,1174
2090,1175
2089,1176
2087,1177
2086,1179
2084,1180
2082,1182
2080,1183
2078,1185
2076,1186
2075,1188
2073,1190
2071,1191
2069,1193
2067,1194
2065,1196
2063,1197
2061,1199
2059,1200
2058,1201
2056,1202
2054,1203
2052,1204
2051,1204
2049,1205
2047,1206
2046,1206
2044,1207
2042,1207
2041,1208
2039,1208
2038,1209
2036,1209
2034,1210
2033,1210
2031,1211
2030,1211
2028,1211
2027,1211
2025,1212
2024,1212
2023,1212
2021,1212
2020,1212
2019,1212
2018,1212
2016,1213
2015,1213
2014,1213
2012,1213
2011,1214
2010,1214
2008,1214
2007,1215
2006,1215
2004,1216
2003,1216
2002,1217
2000,1217
1999,1218
1998,1218
1996,1219
1995,1219
1994,1219
1993,1220
1992,1220
1991,1220
1990,1220
1989,1221
1988,1221
1987,1221
1986,1221
1985,1222
1984,1222
1983,1222
1982,1223
1981,1223
1980,1223
1979,1224
1978,1224
1977,1225
1976,1226
1975,1226
1975,1227
1973,1228
1972,1229
1971,1230
1970,1231
1969,1232
1968,1233
1967,1234
1966,1235
1965,1236
1964,1237
1963,1238
1962,1239
1962,1239
1961,1240
1960,1240
1959,1241
1959,1241
1958,1241
1958,1241
1958,1240
1957,1240
1957,1239
1957,1238
1957,1237
1956,1236
1956,1235
1956,1234
1956,1233
1956,1232
1956,1230
1955,1229
1955,1228
1955,1227
1954,1226
1954,1225
1953,1224
1953,1224
1952,1223
1951,1223
1950,1223
1949,1223
1948,1223
1947,1224
1945,1225
1944,1226
1942,1227
1940,1229
1938,1231
1937,1232
1935,1234
1933,1236
1931,1238
1930,1239
1928,1240
1927,1241
1925,1242
1924,1242
1923,1242
1922,1242
1921,1241
1921,1240
1920,1239
1920,1237
1920,1235
1920,1233
1920,1230
1920,1227
1921,1223
1921,1220
1922,1216
1923,1212
1923,1209
1924,1205
1925,1202
1926,1198
1926,1195
1927,1192
1927,1189
1928,1187
1928,1185
1928,1183
1928,1181
1929,1180
1928,1179
1928,1178
1928,1178
1928,1177
1928,1177
1927,1178
1927,1178
1926,1178
1925,1179
1925,1179
1924,1179
1924,1179
1924,1179
1923,1179
1923,1178
1923,1177
1922,1176
1922,1174
1922,1173
1922,1171
1922,1169
1922,1167
1922,1165
1921,1163
1921,1160
1921,1158
1921,1156
1920,1153
1920,1151
1920,1149
1919,1147
1918,1144
1918,1142
1917,1140
1916,1138
1916,1136
1915,1133
1914,1131
1913,1129
1912,1127
1911,1124
1910,1122
1909,1120
1908,1117
1908,1114
1907,1111
1906,1108
1905,1105
1904,1102
1904,1099
1903,1095
1902,1092
1902,1088
1901,1084
1900,1081
1900,1077
1899,1073
1898,1069
1898,1065
1897,1061
1896,1058
1896,1054
1895,1050
1894,1047
1893,1044
1892,1040
1891,1037
1890,1034
1889,1031
1888,1028
1887,1025
1885,1022
1884,1019
1883,1016
1882,1014
1881,1011
1879,1009
1878,1007
1876,1005
1875,1003
1873,1002
1872,1001
1870,1000
1868,999
1867,999
1865,999
1863,998
1862,998
1860,998
1858,998
1857,998
1855,998
1854,998
1852,998
1850,998
1849,997
1848,997
1846,996
1845,995
1844,994
1843,992
1841,990
1840,988
1840,986
1839,983
1838,980
1837,976
1837,973
1836,969
1836,965
1835,960
1835,956
1835,951
1834,947
1834,943
1834,939
1833,935
1833,931
1832,928
1831,925
1831,923
1830,921
1829,919
1828,918
1827,917
1826,916
1825,916
1823,916
1822,916
1821,917
1819,918
1818,920
1816,922
1814,924
1813,927
1811,930
1809,934
1807,937
1805,942
1803,946
1801,951
1799,956
1796,961
1794,966
1792,972
1790,977
1788,982
1786,988
1785,992
1783,997
1781,1001
1780,1004
1779,1007
1778,1009
1777,1010
1776,1010
1776,1010
1776,1008
1776,1006
1776,1003
1776,999
1777,995
1777,989
1778,983
1779,977
1780,970
1781,962
1783,954
1784,946
1785,937
1787,929
1788,921
1789,912
1791,905
1792,897
1793,890
1794,883
1795,877
1796,872
1796,867
1797,863
1797,860
1798,857
1798,855
1798,854
1798,853
1797,852
1797,852
1797,853
1796,854
1796,855
1795,856
1795,858
1794,859
1794,860
1793,861
1792,863
1792,864
1791,865
1790,866
1790,867
1789,868
1788,869
1788,870
1787,871
1786,872
1785,873
1784,874
1783,875
1782,877
1781,878
1780,880
1778,882
1777,884
1775,886
1774,888
1772,890
1771,893
1769,895
1767,898
1765,901
1763,904
1761,906
1759,909
1757,912
1755,914
1753,917
1751,919
1749,921
1747,922
1745,924
1743,925
1741,926
1740,927
1738,927
1736,928
1734,928
1733,927
1731,927
1730,927
1728,926
1726,926
1725,925
1723,925
1722,924
1720,923
1719,923
1717,922
1715,921
1714,921
1712,921
1711,920
1709,920
1708,920
1706,919
1704,919
1703,919
1701,919
1700,919
1698,918
1697,918
1695,918
1694,917
1692,917
1691,917
1690,916
1688,916
1687,915
1686,915
1684,915
1683,914
1682,914
1681,914
1680,913
1678,913
1677,913
1676,913
1675,913
1674,913
1673,913
1672,914
1671,914
1670,914
1669,915
1668,915
1667,916
1666,917
1665,918
1664,919
1664,920
1663,921
1662,922
1661,924
1660,925
1659,927
1659,929
1658,931
1657,933
1657,934
1656,936
1655,938
1655,940
1654,942
1654,944
1654,945
1653,947
1653,949
1653,950
1653,952
1653,953
1653,954
1653,956
1654,957
1654,958
1654,959
1655,960
1655,962
1656,963
1656,964
1657,965
1658,966
1659,967
1659,968
1660,969
1661,970
1662,971
1663,972
1664,973
1665,974
1667,976
1668,977
1669,978
1670,980
1671,981
1672,983
1674,985
1675,986
1676,988
1677,990
1679,992
1680,994
1681,996
1682,998
1684,1000
1685,1002
1686,1004
1687,1006
1689,1008
1690,1010
1691,1012
1693,1014
1694,1016
1695,1017
1696,1019
1698,1020
1699,1021
1700,1022
1702,1022
1703,1023
1704,1023
1706,1023
1707,1023
1708,1023
1709,1023
1710,1022
1711,1022
1712,1021
1713,1020
1714,1019
1715,1019
1715,1018
1716,1017
1716,1016
1717,1015
1717,1014
1717,1014
1717,1013
1717,1012
1716,1011
1716,1011
1716,1010
1715,1010
1714,1009
1713,1009
1712,1008
1711,1007
1710,1007
1709,1006
1707,1005
1706,1004
1705,1003
1703,1002
1701,1001
1700,999
1698,998
1696,996
1694,994
1692,992
1690,990
1688,988
1686,986
1684,984
1682,981
1680,979
1678,977
1675,975
1673,972
1671,970
1669,968
1667,966
1664,964
1662,962
1660,960
1658,958
1656,956
1654,954
1651,952
1649,950
1647,949
1645,947
1643,945
1642,944
1640,942
1638,941
1636,940
1634,938
1633,937
1631,936
1629,935
1628,935
1626,934
1624,933
1623,933
1622,932
1620,932
1619,931
1617,931
1616,930
1615,930
1614,930
1612,929
1611,929
1610,928
1609,928
1608,927
1607,926
1606,926
1606,925
1605,924
1604,923
1604,922
1603,921
1602,920
1602,919
1601,917
1601,916
1601,915
1600,915
1600,914
1600,913
1600,912
1600,912
1600,911
1600,911
1600,911
1600,911
1600,911
1600,912
1600,912
1601,913
1601,914
1601,916
1602,917
1602,918
1602,919
1603,921
1603,922
1604,923
1604,924
1605,925
1605,926
1606,926
1606,927
1607,927
1607,927
1608,927
1608,927
1608,927
1609,926
1609,925
1610,924
1610,923
1610,921
1611,920
1611,918
1611,917
1611,915
1611,914
1611,913
1611,911
1611,910
1611,909
1611,908
1610,907
1610,906
1609,906
1609,905
1608,905
1608,904
1607,904
1607,904
1606,904
1605,904
1604,904
1603,904
1602,904
1602,904
1601,904
1600,904
1599,904
1598,904
1597,904
1596,904
1594,905
1593,905
1592,905
1591,906
1590,907
1589,907
1587,908
1586,909
1585,910
1583,911
1582,912
1581,914
1579,915
1578,917
1576,918
1575,920
1574,922
1572,923
1571,925
1569,927
1568,928
1567,930
1566,931
1564,932
1563,933
1562,933
1561,934
1560,934
1559,934
1558,934
1557,934
1556,934
1555,934
1554,934
1553,933
1553,933
1552,933
1551,932
1550,932
1549,932
1549,932
1548,932
1547,932
1546,933
1545,934
1545,934
1544,935
1543,936
1542,937
1541,938
1541,939
1540,940
1539,941
1539,942
1538,943
1537,944
1537,944
1536,945
1536,946
1535,946
1535,946
1534,947
1534,947
1533,947
1533,947
1532,947
1532,947
1532,947
1531,947
1531,948
1531,948
1530,948
1530,948
1529,949
1529,950
1528,951
1528,952
1527,953
1527,954
1526,955
1526,957
1525,958
1524,960
1524,962
1523,964
1523,965
1522,967
1522,969
1521,971
1520,972
1520,974
1519,975
1519,976
1519,977
1518,978
1518,979
1517,979
1517,980
1517,981
1516,982
1516,982
1516,983
1515,984
1515,985
1515,986
1514,987
1514,988
1514,990
1513,991
1513,992
1513,994
1512,995
1512,996
1511,997
1511,998
1511,999
1511,1000
1510,1000
1510,1001
1510,1001
1510,1001
1510,1001
1509,1000
1509,999
1509,998
1509,997
1509,996
1510,994
1510,992
1510,990
1510,988
1510,985
1511,983
1511,980
1511,978
1512,975
1512,973
1512,971
1513,969
1513,967
1513,966
1514,965
1514,964
1514,964
1515,964
1515,964
1515,964
1515,964
1515,965
1516,965
1516,966
1516,967
1516,968
1517,969
1517,970
1517,971
1517,972
1518,973
1518,974
1518,975
1518,976
1519,977
1519,977
1520,977
1520,978
1520,978
1521,978
1521,977
1522,977
1522,976
1523,975
1524,974
1524,972
1525,971
1526,969
1527,967
1527,965
1528,963
1529,961
1530,959
1530,957
1531,955
1532,953
1533,951
1534,949
1534,948
1535,946
1536,944
1536,942
1537,941
1538,939
1539,938
1539,936
1540,935
1541,933
1541,932
1542,931
1542,930
1543,929
1544,928
1544,927
1545,925
1546,924
1546,923
1547,922
1548,921
1548,920
1549,919
1550,918
1551,917
1551,916
1552,915
1553,914
1554,913
1555,911
1555,910
1556,908
1557,907
1558,906
1559,904
1560,903
1561,901
1562,900
1562,898
1563,897
1564,895
1565,894
1566,893
1567,891
1568,889
1569,888
1569,886
1570,885
1571,883
1572,881
1573,880
1574,878
1575,877
1575,876
1576,874
1577,873
1578,872
1578,872
1579,871
1580,870
1580,870
1581,870
1582,869
1582,869
1583,869
1583,869
1584,869
1585,869
1585,868
1586,868
1587,867
1587,866
1588,865
1589,864
1590,862
1591,861
1592,859
1592,857
1593,855
1594,853
1595,850
1596,848
1597,845
1598,842
1599,839
1600,836
1601,833
1602,829
1603,826
1604,823
1605,820
1606,817
1607,814
1608,811
1609,809
1609,806
1610,804
1611,802
1612,800
1612,798
1613,797
1614,795
1614,794
1615,792
1616,791
1616,790
1617,788
1617,787
1618,786
1618,786
1619,785
1619,784
1620,784
1620,783
1621,783
1621,783
1621,783
1622,783
1622,783
1622,783
1622,783
1622,784
1622,784
1622,784
1622,785
1622,786
1622,787
1622,788
1621,789
1621,790
1621,792
1620,793
1619,795
1619,796
1618,798
1617,799
1616,800
1615,801
1614,802
1613,802
1611,803
1610,802
1609,802
1607,801
1606,800
1604,798
1602,796
1600,794
1598,791
1596,788
1594,785
1592,781
1590,777
1588,773
1586,769
1583,765
1581,760
1578,754
1576,749
1573,743
1570,738
1567,732
1564,726
1561,720
1558,714
1555,708
1552,702
1549,696
1545,689
1542,683
1538,677
1534,671
1531,666
1527,660
1523,654
1519,649
1515,644
1511,639
1507,634
1503,630
1499,625
1495,621
1491,617
1487,612
1483,608
1479,604
1476,600
1472,595
1468,591
1465,586
1461,581
1458,576
1455,570
1452,565
1449,559
1447,553
1444,547
1442,540
1440,534
1438,527
1436,520
1435,513
1433,506
1432,499
1431,492
1430,486
1429,480
1429,474
1428,468
1428,463
1428,458
1428,453
1428,449
1428,445
1428,441
1429,438
1429,435
1430,433
1431,431
1432,429
1432,427
1433,426
1434,424
1435,423
1436,421
1437,420
1439,418
1440,415
1441,412
1442,409
1443,406
1445,402
1446,397
1447,393
1448,388
1449,382
1451,376
1452,370
1453,364
1454,358
1455,352
1456,346
1457,339
1458,333
1459,327
1460,321
1460,315
1461,310
1462,304
1462,299
1463,294
1463,290
1464,285
1464,281
1464,277
1465,274
1465,271
1465,268
1465,265
1465,263
1465,261
1465,260
1465,258
1465,257
1465,257
1465,256
1465,256
1464,255
1464,255
1464,255
1464,255
1463,255
1463,255
1463,254
1462,254
1462,255
1462,255
1461,255
1461,256
1460,256
1460,257
1459,258
1459,259
1459,261
1458,263
1458,265
1457,268
1457,270
1456,272
1456,275
1455,277
1455,279
1454,280
1454,282
1453,284
1453,286
1452,287
1452,289
1451,290
1451,291
1450,292
1450,292
1450,292
1449,292
1449,291
1448,290
1448,288
1448,286
1447,284
1447,281
1447,278
1446,274
1446,271
1445,267
1445,262
1445,258
1444,254
1444,249
1444,245
1443,240
1443,236
1443,231
1442,227
1442,223
1441,219
1441,215
1441,211
1440,208
1440,205
1440,202
1439,200
1439,198
1438,196
1438,194
1438,193
1437,192
1437,192
1436,192
1436,192
1436,193
1435,195
1435,197
1434,199
1434,201
1433,204
1433,207
1432,210
1432,213
1431,216
1431,220
1430,223
1430,227
1429,231
1429,236
1428,240
1428,245
1427,249
1426,254
1426,259
1425,264
1425,270
1424,275
1424,280
1423,286
1423,291
1422,296
1421,302
1421,307
1420,312
1420,317
1419,321
1418,326
1418,330
1417,335
1417,339
1416,343
1415,347
1415,351
1414,355
1413,358
1413,362
1412,364
1411,367
1411,369
1410,371
1409,373
1409,375
1408,376
1407,377
1407,378
1406,380
1405,381
1405,382
1404,383
1403,384
1402,385
1402,386
1401,388
1400,390
1399,391
1399,393
1398,396
1397,398
1396,401
1395,404
1395,407
1394,410
1393,413
1392,416
1391,419
1391,423
1390,427
1389,431
1388,435
1387,439
1386,444
1386,448
1385,453
1384,458
1383,463
1382,467
1381,472
1380,477
1380,481
1379,486
1378,490
1377,494
1376,498
1375,502
1374,506
1374,510
1373,514
1372,518
1371,523
1370,527
1369,532
1368,537
1367,543
1367,548
1366,554
1365,560
1364,566
1363,572
1362,578
1362,583
1361,589
1360,594
1359,599
1358,603
1358,608
1357,612
1356,615
1355,618
1354,621
1354,623
1353,625
1352,627
1352,628
1351,629
1350,629
1350,629
1349,628
1348,627
1348,626
1347,624
1347,623
1346,621
1346,619
1345,616
1345,614
1345,612
1344,610
1344,608
1344,607
1344,605
1343,604
1343,604
1343,604
1343,604
1343,604
1343,605
1342,606
1342,607
1342,608
1342,610
1342,611
1343,613
1343,614
1343,616
1343,617
1343,619
1344,621
1344,623
1344,624
1345,626
1345,628
1346,630
1347,633
1347,635
1348,637
1349,639
1350,641
1351,643
1352,644
1354,646
1355,648
1356,649
1358,651
1359,652
1360,653
1362,655
1364,656
1365,657
1367,658
1368,659
1370,660
1372,661
1373,661
1375,662
1377,662
1378,662
1380,662
1381,662
1383,662
1385,662
1386,662
1388,662
1389,661
1390,661
1392,661
1393,661
1395,662
1396,662
1397,663
1398,664
1399,666
1401,668
1402,670
1403,673
1404,676
1404,679
1405,682
1406,685
1407,689
1407,693
1408,696
1409,699
1409,703
1410,706
1410,709
1411,711
1411,713
1411,715
1412,717
1412,718
1412,718
1412,718
1413,718
1413,717
1413,716
1413,715
1413,713
1413,712
1413,709
1413,707
1413,705
1412,703
1412,702
1412,700
1412,699
1411,698
1411,698
1411,698
1410,698
1410,699
1409,701
1409,703
1408,706
1408,709
1408,712
1407,716
1407,720
1406,724
1406,728
1405,733
1405,737
1404,741
1404,746
1404,750
1403,753
1403,757
1403,760
1403,763
1402,766
1402,768
1402,770
1401,771
1401,771
1401,771
1400,770
1400,769
1399,767
1399,765
1398,761
1397,758
1396,754
1395,749
1394,744
1393,739
1392,734
1391,728
1390,723
1389,717
1387,711
1386,706
1385,701
1383,695
1382,690
1380,686
1379,682
1377,678
1376,674
1375,671
1373,669
1372,666
1371,665
1370,663
1368,662
1367,662
1366,662
1365,662
1364,662
1363,663
1363,664
1362,665
1361,667
1360,668
1360,669
1359,671
1358,672
1357,674
1357,675
1356,677
1355,678
1355,680
1354,681
1354,683
1353,685
1352,687
1352,689
1351,691
1351,694
1350,697
1350,700
1349,704
1349,708
1348,712
1348,716
1347,720
1347,725
1346,729
1346,734
1346,738
1345,742
1345,747
1344,750
1344,754
1344,757
1343,760
1343,762
1343,764
1343,765
1342,766
1342,767
1342,767
1342,766
1341,766
1341,765
1341,763
1341,762
1341,760
1341,758
1341,756
1341,755
1341,753
1340,751
1340,750
1340,749
1340,748
1341,747
1341,747
1341,746
1341,747
1341,747
1341,748
1341,749
1341,751
1341,752
1341,754
1341,756
1342,757
1342,759
1342,761
1342,762
1342,764
1342,765
1342,766
1342,768
1342,769
1343,770
1343,771
1343,772
1343,772
1343,773
1343,774
1343,776
1343,777
1343,779
1344,781
1344,783
1344,786
1344,790
1344,793
1344,798
1344,802
1344,807
1344,813
1344,819
1344,825
1344,831
1344,838
1344,845
1344,853
1344,860
1344,867
1344,875
1344,883
1344,890
1344,898
1344,905
1344,912
1344,919
1344,926
1343,932
1343,938
1343,944
1343,949
1343,954
1343,958
1343,962
1343,964
1343,966
1343,967
1343,967
1343,967
1343,965
1343,963
1343,960
1343,957
1343,952
1343,947
1344,942
1344,936
1344,929
1344,923
1345,916
1345,909
1345,901
1346,894
1346,886
1346,879
1346,872
1347,865
1347,858
1347,852
1347,847
1348,842
1348,837
1348,833
1348,830
1349,828
1349,826
1349,824
1349,824
1349,823
1350,824
1350,824
1350,825
1350,827
1351,828
1351,830
1351,831
1352,833
1352,835
1353,836
1353,838
1354,839
1354,840
1355,841
1355,842
1356,843
1357,844
1357,844
1358,845
1359,845
1359,845
1360,845
1361,845
1361,845
1362,845
1363,844
1363,844
1364,844
1365,843
1366,843
1366,842
1367,842
1368,842
1368,842
1369,842
1370,842
1370,842
1371,842
1372,843
1373,843
1373,844
1374,844
1375,845
1375,845
1376,846
1377,846
1378,847
1378,848
1379,848
1380,849
1381,849
1381,849
1382,849
1383,850
1384,850
1385,850
1386,850
1386,850
1387,850
1388,850
1389,851
1390,851
1391,851
1392,851
1394,851
1395,851
1396,851
1397,851
1398,851
1400,851
1401,851
1403,851
1404,851
1406,851
1407,851
1409,851
1410,851
1412,851
1414,851
1415,852
1417,852
1419,852
1421,852
1423,852
1425,852
1427,852
1429,852
1431,852
1433,852
1435,852
1437,853
1440,854
1442,854
1444,856
1446,857
1448,859
1450,861
1453,864
1455,867
1457,870
1458,874
1460,878
1462,882
1464,887
1466,891
1467,895
1469,899
1471,903
1473,907
1475,910
1477,913
1479,915
1481,917
1483,919
1485,920
1488,920
1490,920
1492,920
1495,919
1498,917
1501,915
1503,912
1506,909
1510,906
1513,902
1516,898
1519,894
1522,889
1526,885
1529,881
1532,876
1535,872
1539,868
1542,864
1545,860
1548,857
1551,854
1554,851
1557,848
1559,846
1562,844
1564,843
1567,841
1569,840
1572,839
1574,838
1576,837
1578,837
1581,836
1583,835
1585,834
1587,833
1589,832
1592,831
1594,831
1596,830
1598,829
1600,829
1602,829
1604,829
1605,829
1607,829
1609,830
1611,831
1612,832
1614,833
1616,835
1617,836
1618,838
1620,840
1621,842
1622,845
1624,847
1625,850
1626,852
1627,855
1628,858
1630,861
1631,863
1632,866
1633,869
1634,871
1636,874
1637,876
1638,878
1639,881
1640,883
1642,885
1643,887
1644,888
1646,889
1647,890
1649,891
1650,891
1652,892
1653,892
1655,892
1656,892
1658,892
1660,891
1661,891
1663,890
1665,890
1666,889
1668,889
1669,888
1671,888
1672,888
1674,888
1675,888
1676,888
1677,888
1679,889
1680,890
1681,891
1681,892
1682,894
1683,896
1684,898
1684,900
1684,902
1685,905
1685,907
1685,910
1686,912
1686,915
1686,918
1686,920
1686,922
1686,924
1686,926
1686,928
1686,929
1686,930
1686,931
1686,931
1686,931
1686,931
1686,931
1686,930
1686,929
1686,929
1686,928
1686,927
1685,926
1685,925
1685,924
1684,923
1684,923
1683,922
1683,922
1682,922
1681,922
1680,922
1680,923
1679,923
1678,924
1677,925
1676,925
1675,926
1674,926
1674,927
1673,927
1672,927
1672,927
1671,927
1671,927
1670,926
1670,925
1670,924
1670,922
1670,921
1670,919
1670,917
1671,915
1671,913
1671,911
1672,909
1672,907
1672,905
1673,904
1673,902
1674,901
1674,900
1674,899
1675,898
1675,897
1675,897
1676,897
1676,897
1676,897
1676,898
1676,898
1676,899
1677,900
1677,901
1677,902
1677,903
1677,905
1677,906
1677,907
1677,908
1677,910
1678,911
1678,912
1678,914
1678,915
1678,917
1679,919
1679,921
1679,923
1679,926
1679,929
1679,931
1679,934
1679,938
1679,941
1679,944
1679,948
1679,951
1678,955
1678,959
1678,962
1678,966
1678,969
1678,972
1678,975
1678,977
1678,979
1679,980
1679,982
1680,983
1681,983
1681,983
1682,983
1684,982
1685,981
1687,979
1688,977
1690,974
1692,971
1695,967
1697,963
1699,959
1702,954
1705,949
1707,943
1710,938
1713,932
1716,926
1718,919
1721,913
1724,907
1727,900
1729,894
1732,887
1735,881
1737,874
1740,868
1742,862
1745,856
1747,851
1749,845
1751,840
1754,836
1756,831
1758,827
1760,823
1762,820
1765,817
1767,813
1769,811
1771,808
1773,806
1776,805
1778,803
1780,802
1782,801
1784,800
1787,799
1789,798
1791,797
1793,797
1795,796
1797,795
1799,795
1801,795
1803,794
1805,794
1806,795
1808,795
1809,795
1811,796
1812,797
1813,798
1814,799
1815,800
1816,801
1817,803
1817,804
1818,805
1819,806
1820,808
1820,809
1821,810
1822,811
1823,812
1824,813
1825,813
1826,814
1827,813
1828,813
1830,812
1831,811
1833,809
1835,807
1837,804
1839,801
1841,797
1844,794
1846,789
1849,785
1851,779
1854,774
1857,769
1860,763
1862,757
1865,751
1868,745
1871,740
1873,734
1876,729
1878,724
1880,719
1882,714
1885,710
1886,706
1888,702
1890,699
1892,695
1893,692
1895,689
1896,687
1897,684
1899,682
1900,680
1901,678
1902,677
1903,675
1904,674
1905,673
1906,672
1907,671
1908,669
1908,668
1909,667
1910,666
1911,664
1912,663
1913,662
1914,660
1915,659
1916,657
1917,656
1918,655
1918,654
1919,653
1920,653
1920,654
1920,655
1920,657
1920,659
1920,662
1919,665
1918,669
1918,674
1917,678
1916,683
1915,688
1914,693
1912,698
1911,703
1910,708
1909,713
1908,718
1907,723
1906,727
1905,731
1904,735
1903,739
1902,742
1902,744
1901,746
1901,747
1901,748
1901,748
1901,748
1901,747
1902,746
1902,744
1903,742
1904,740
1905,737
1906,734
1907,730
1908,727
1909,723
1910,719
1911,715
1912,711
1913,707
1914,703
1916,699
1917,695
1918,692
1919,688
1920,685
1920,681
1921,678
1922,675
1923,672
1924,668
1925,665
1926,662
1927,659
1927,657
1928,654
1928,652
1929,651
1929,649
1930,648
1930,646
1930,645
1931,644
1931,643
1931,642
1932,642
1932,641
1932,640
1933,640
1933,639
1933,639
1933,639
1934,639
1934,639
1934,639
1935,640
1935,640
1935,640
1935,641
1935,642
1935,643
1935,645
1935,646
1935,648
1935,650
1935,653
1934,655
1934,658
1933,661
1933,664
1932,668
1932,671
1931,675
1931,678
1930,682
1929,686
1929,689
1928,693
1928,696
1928,700
1927,703
1927,707
1927,710
1927,713
1926,715
1926,718
1926,721
1927,723
1927,725
1927,728
1927,730
1927,732
1928,734
1928,736
1928,738
1929,741
1929,743
1929,745
1930,747
1930,749
1930,751
1931,753
1931,756
1931,758
1932,761
1932,764
1932,767
1932,770
1932,774
1932,778
1932,782
1932,786
1932,791
1932,796
1931,801
1931,807
1930,813
1930,819
1929,826
1928,833
1927,840
1927,846
1926,853
1926,860
1925,866
1925,872
1925,878
1926,883
1926,888
1927,893
1928,897
1929,900
1931,903
1933,906
1936,908
1938,909
1941,910
1945,910
1948,910
1952,909
1957,908
1961,906
1966,905
1970,903
1975,901
1980,899
1985,897
1991,895
1996,893
2001,892
2006,891
2011,890
2016,889
2021,888
2026,888
2031,888
2035,888
2040,889
2044,890
2049,891
2053,893
2057,895
2060,898
2064,900
2068,903
2071,906
2074,910
2077,913
2080,916
2083,920
2086,923
2089,927
2092,930
2095,933
2098,936
2101,939
2104,942
2107,944
2111,947
2114,948
2118,950
2122,952
2126,953
2131,954
2135,954
2140,955
2145,955
2150,955
2156,956
2161,956
2167,956
2173,956
2179,956
2185,956
2191,957
2197,957
2203,958
2209,959
2215,960
2221,962
2226,964
2232,966
2237,968
2242,971
2247,975
2251,979
2255,983
2259,988
2263,993
2266,998
2270,1003
2273,1009
2276,1014
2279,1020
2282,1026
2284,1031
2287,1037
2290,1042
2293,1047
2296,1052
2299,1057
2302,1062
2305,1067
2309,1071
2312,1075
2316,1079
2320,1083
2324,1086
2329,1089
2333,1092
2338,1095
2343,1097
2348,1099
2353,1101
2358,1103
2363,1105
2369,1106
2374,1108
2379,1109
2384,1110
2390,1111
2395,1112
2399,1113
2404,1114
2409,1115
2413,1116
2417,1117
2421,1118
2425,1119
2428,1121
2431,1122
2435,1123
2437,1124
2440,1125
2443,1126
2445,1127
2447,1128
2449,1129
2451,1129
2453,1130
2454,1130
2456,1131
2457,1131
2459,1131
2460,1131
2461,1130
2463,1130
2464,1130
2465,1129
2466,1128
2467,1127
2468,1126
2469,1125
2470,1124
2470,1123
2471,1122
2472,1121
2472,1120
2473,1119
2473,1118
2473,1116
2473,1115
2473,1114
2473,1113
2473,1111
2473,1110
2473,1109
2473,1107
2473,1106
2472,1104
2472,1103
2471,1102
2471,1101
2470,1100
2469,1100
2467,1100
2466,1100
2464,1100
2463,1100
2461,1101
2459,1102
2456,1102
2454,1103
2452,1104
2450,1105
2447,1106
2445,1107
2443,1108
2441,1108
2439,1109
2437,1109
2435,1109
2433,1109
2432,1108
2430,1107
2429,1106
2428,1104
2427,1103
2426,1101
2425,1099
2425,1097
2424,1095
2423,1093
2423,1091
2422,1089
2421,1087
2421,1084
2420,1082
2420,1080
2419,1078
2418,1076
2418,1074
2417,1072
2416,1070
2416,1068
2415,1066
2414,1064
2413,1063
2412,1061
2411,1060
2409,1058
2408,1057
2407,1055
2406,1054
2405,1053
2403,1051
2402,1050
2401,1049
2399,1048
2398,1046
2396,1045
2395,1044
2394,1043
2392,1042
2391,1041
2390,1040
2388,1039
2387,1038
2386,1037
2384,1036
2383,1035
2382,1034
2380,1033
2379,1032
2378,1031
2376,1030
2375,1028
2374,1027
2373,1026
2372,1025
2371,1023
2370,1022
2369,1021
2367,1020
2366,1019
2365,1018
2363,1017
2361,1017
2360,1017
2358,1017
2356,1017
2354,1017
2351,1018
2349,1018
2347,1019
2345,1020
2342,1020
2340,1021
2338,1022
2335,1022
2333,1023
2331,1023
2329,1023
2327,1023
2326,1022
2324,1022
2323,1021
2321,1020
2320,1019
2319,1018
2317,1017
2316,1016
2315,1015
2313,1015
2312,1014
2311,1013
2309,1012
2308,1012
2306,1011
2305,1011
2303,1011
2301,1011
2300,1011
2298,1012
2296,1012
2294,1013
2292,1013
2290,1014
2288,1015
2286,1016
2284,1017
2282,1018
2281,1018
2279,1018
2277,1019
2275,1018
2274,1018
2273,1017
2271,1016
2270,1015
2269,1014
2268,1013
2267,1011
2266,1009
2265,1007
2264,1005
2263,1003
2262,1001
2261,998
2260,996
2259,994
2258,991
2257,989
2256,987
2255,985
2253,983
2252,982
2251,980
2249,979
2248,977
2246,976
2245,975
2243,974
2242,973
2240,972
2239,971
2237,970
2236,969
2235,968
2233,967
2232,967
2230,966
2229,965
2228,965
2226,964
2225,963
2224,963
2223,962
2222,961
2221,959
2221,958
2220,957
2219,955
2219,954
2218,952
2218,951
2217,949
2217,947
2216,945
2216,943
2216,941
2216,939
2216,937
2215,934
2215,932
2215,930
2215,928
2215,926
2214,924
2214,923
2213,921
2213,920
2212,919
2212,918
2211,917
2210,916
2210,915
2209,914
2208,914
2208,913
2207,913
2206,912
2206,912
2205,912
2204,912
2204,912
2203,912
2202,913
2202,913
2201,913
2200,914
2200,914
2199,915
2199,915
2198,915
2198,915
2198,915
2198,915
2197,915
2197,915
2197,915
2197,915
2197,914
2197,914
2197,914
2198,913
2198,913
2198,913
2198,912
2198,912
2198,912
2199,912
2199,911
2199,911
2199,911
2199,911
2199,911
2199,911
2199,911
2199,911
2200,911
2200,911
2200,911
2200,911
2200,911
2200,911
2200,911
2201,911
2201,910
2201,910
2201,910
2201,909
2202,909
2202,909
2202,908
2202,907
2203,907
2203,906
2203,906
2203,905
2204,905
2204,904
2203,904
2203,905
2203,905
2203,906
2202,906
2201,908
2200,909
2199,911
2198,913
2197,915
2196,917
2194,919
2193,921
2191,924
2190,926
2188,928
2186,931
2184,933
2182,935
2180,938
2178,940
2176,943
2174,945
2172,947
2169,950
2167,952
2165,954
2162,955
2160,957
2158,958
2156,959
2154,960
2152,961
2151,961
2149,960
2148,960
2147,959
2146,958
2145,956
2144,955
2143,953
2143,950
2143,948
2143,945
2143,942
2143,939
2144,935
2144,932
2145,928
2146,924
2147,920
2149,916
2150,911
2151,907
2153,903
2155,898
2156,894
2158,890
2160,887
2161,883
2163,880
2164,877
2165,875
2167,873
2168,871
2169,869
2170,868
2171,867
2172,866
2173,865
2175,863
2176,862
2177,861
2179,859
2180,857
2182,855
2184,853
2185,851
2187,848
2189,845
2192,841
2194,838
2196,834
2199,830
2201,826
2204,821
2207,816
2209,812
2212,807
2215,802
2217,798
2220,793
2222,789
2224,785
2226,781
2228,778
2230,775
2231,773
2232,770
2233,769
2234,767
2235,766
2235,765
2235,765
2235,765
2236,765
2235,765
2235,766
2235,766
2235,767
2235,767
2235,768
2234,769
2234,769
2234,770
2234,770
2234,770
2234,770
2235,770
2235,769
2236,769
2236,768
2237,766
2238,765
2239,763
2241,761
2242,758
2244,755
2245,752
2247,749
2249,745
2251,741
2254,737
2256,732
2258,728
2261,723
2263,719
2266,714
2268,709
2271,704
2273,699
2275,694
2278,690
2280,685
2282,681
2284,676
2286,672
2288,668
2290,664
2291,660
2293,657
2295,653
2296,650
2297,647
2298,644
2300,641
2301,638
2302,635
2303,633
2304,630
2305,628
2305,625
2306,623
2307,620
2308,618
2309,615
2309,613
2310,611
2310,609
2310,607
2310,605
2310,603
2310,602
2310,601
2309,601
2308,601
2307,601
2305,602
2303,603
2301,605
2299,607
2296,610
2293,613
2290,617
2287,621
2283,626
2280,631
2276,636
2272,641
2268,646
2265,651
2261,655
2258,660
2254,663
2251,666
2249,669
2246,671
2244,672
2242,672
2240,671
2239,670
2238,667
2238,664
2237,660
2237,656
2237,650
2238,644
2238,638
2239,631
2240,624
2240,616
2241,609
2242,601
2243,594
2243,586
2243,579
2243,573
2243,567
2243,562
2242,557
2241,553
2240,549
2239,546
2237,544
2236,542
2234,540
2232,539
2230,539
2227,538
2225,538
2222,539
2219,539
2216,540
2213,540
2210,541
2207,542
2204,543
2200,544
2197,545
2193,546
2189,546
2186,547
2182,548
2178,548
2174,549
2169,550
2165,550
2161,551
2156,552
2151,552
2147,553
2142,553
2137,553
2132,554
2127,554
2122,553
2117,553
2112,553
2107,552
2102,551
2097,549
2093,548
2088,545
2083,542
2079,539
2074,535
2070,530
2066,525
2062,520
2058,514
2054,508
2051,501
2047,494
2043,487
2039,479
2035,472
2031,465
2027,458
2023,452
2019,445
2015,439
2010,433
2006,428
2002,423
1997,418
1993,414
1988,410
1984,407
1979,404
1975,402
1970,400
1965,398
1961,397
1956,395
1951,394
1947,392
1942,391
1938,389
1934,388
1930,386
1925,384
1921,381
1917,378
1913,375
1909,372
1904,368
1900,364
1896,359
1892,354
1887,349
1883,344
1878,339
1874,333
1869,328
1865,323
1861,318
1856,313
1852,310
1847,306
1843,304
1838,302
1834,301
1830,300
1825,300
1821,301
1817,303
1814,304
1810,306
1806,309
1803,312
1800,315
1796,319
1793,322
1790,326
1788,329
1785,333
1783,336
1780,339
1778,342
1775,345
1773,347
1771,349
1769,350
1767,351
1764,351
1762,350
1760,349
1758,348
1755,346
1753,344
1750,342
1748,339
1746,335
1743,331
1741,326
1738,321
1736,315
1734,308
1732,301
1730,293
1728,285
1726,277
1724,269
1722,261
1720,253
1718,245
1716,238
1714,231
1713,224
1711,218
1709,212
1707,207
1705,203
1703,199
1701,196
1699,194
1697,194
1695,194
1693,195
1691,197
1689,201
1687,205
1685,210
1682,215
1680,222
1678,229
1675,236
1673,244
1671,251
1669,259
1667,266
1665,273
1663,280
1661,285
1659,291
1658,295
1656,298
1655,300
1653,301
1652,301
1651,300
1650,298
1650,295
1649,291
1648,288
1648,283
1647,279
1646,274
1646,269
1645,263
1645,258
1644,252
1644,247
1643,241
1642,236
1642,230
1641,225
1641,220
1640,215
1639,211
1639,208
1638,206
1637,204
1636,204
1635,204
1634,205
1633,207
1631,209
1630,212
1629,216
1628,220
1626,225
1625,230
1624,234
1623,239
1622,244
1621,248
1620,253
1619,257
1618,261
1617,264
1617,267
1616,270
1616,271
1616,273
1616,273
