2182,670
2182,669
2183,669
2183,669
2183,668
2183,668
2183,667
2183,666
2183,666
2183,665
2183,664
2183,663
2183,663
2183,662
2183,661
2183,660
2183,659
2183,659
2182,658
2182,657
2182,656
2182,656
2181,655
2181,655
2181,655
2180,654
2180,654
2180,654
2179,654
2179,654
2179,655
2178,655
2178,655
2178,656
2177,657
2177,657
2177,658
2176,659
2176,660
2176,661
2176,662
2176,662
2175,664
2175,665
2175,666
2175,667
2175,668
2175,669
2175,670
2175,671
2176,673
2176,674
2176,675
2176,676
2176,678
2177,679
2177,680
2177,682
2177,683
2178,685
2178,686
2179,687
2179,688
2180,689
2180,690
2181,691
2182,692
2183,693
2184,693
2184,694
2185,695
2186,695
2187,696
2188,697
2189,697
2190,698
2191,699
2192,700
2193,701
2194,702
2195,703
2195,705
2196,706
2197,708
2197,709
2198,711
2199,713
2199,715
2200,716
2200,718
2201,720
2201,722
2202,725
2202,727
2203,729
2203,731
2203,733
2204,735
2204,737
2205,739
2205,741
2206,743
2206,745
2207,747
2207,749
2208,751
2209,753
2209,754
2210,756
2211,758
2211,760
2212,762
2212,764
2213,766
2214,768
2214,770
2215,772
2215,775
2216,777
2217,779
2217,781
2218,783
2219,785
2220,786
2221,788
2221,790
2222,792
2223,793
2224,795
2225,797
2226,798
2227,800
2228,802
2229,803
2230,805
2232,806
2233,808
2234,809
2235,811
2236,812
2238,814
2239,815
2241,816
2242,818
2243,819
2245,820
2246,822
2248,823
2250,825
2251,826
2253,828
2254,830
2256,831
2257,833
2259,835
2260,837
2262,839
2264,842
2265,844
2267,846
2269,848
2270,850
2272,852
2274,854
2276,856
2278,858
2280,860
2281,862
2283,864
2285,866
2287,868
2289,870
2291,872
2292,874
2294,877
2296,878
2297,880
2299,882
2301,884
2302,886
2304,887
2305,889
2307,890
2308,891
2310,893
2311,894
2312,895
2314,897
2315,898
2316,900
2317,901
2317,903
2318,904
2319,906
2319,908
2319,909
2320,911
2320,913
2320,915
2320,918
2320,920
2320,922
2319,924
2319,926
2319,928
2318,930
2318,933
2317,935
2317,937
2316,939
2316,941
2315,943
2314,945
2314,947
2313,948
2313,950
2312,952
2311,954
2311,955
2310,957
2309,958
2309,960
2308,961
2308,962
2307,964
2306,965
2305,967
2305,968
2304,969
2303,971
2302,972
2301,974
2300,976
2298,978
2297,980
2296,981
2294,983
2293,986
2291,988
2290,990
2288,992
2286,994
2285,996
2283,999
2281,1001
2279,1003
2277,1005
2276,1007
2274,1009
2272,1011
2270,1013
2269,1014
2267,1016
2265,1017
2264,1018
2262,1019
2261,1020
2259,1021
2258,1022
2257,1023
2255,1024
2254,1024
2252,1025
2251,1026
2250,1026
2248,1027
2247,1027
2246,1028
2244,1028
2243,1029
2242,1029
2240,1029
2239,1030
2238,1030
2236,1031
2235,1031
2233,1032
2232,1032
2230,1033
2228,1033
2227,1034
2225,1035
2223,1035
2221,1036
2219,1037
2218,1037
2216,1038
2214,1039
2212,1039
2211,1039
2209,1040
2207,1040
2205,1041
2204,1041
2202,1041
2200,1041
2198,1041
2197,1041
2195,1042
2193,1042
2192,1042
2190,1042
2188,1042
2186,1042
2184,1043
2182,1043
2180,1044
2178,1045
2176,1046
2174,1048
2171,1049
2169,1051
2166,1053
2163,1055
2160,1057
2157,1059
2154,1062
2151,1064
2148,1066
2145,1069
2141,1071
2138,1073
2135,1075
2132,1077
2129,1079
2126,1080
2123,1081
2121,1082
2118,1083
2116,1083
2114,1083
2112,1083
2110,1082
2108,1081
2106,1080
2105,1079
2103,1077
2102,1076
2101,1074
2100,1072
2099,1069
2098,1067
2098,1065
2097,1062
2096,1060
2096,1057
2095,1055
2094,1053
2093,1051
2092,1049
2092,1047
2091,1045
2090,1043
2088,1042
2087,1040
2086,1039
2085,1038
2083,1036
2082,1035
2080,1034
2078,1033
2077,1032
2075,1032
2073,1031
2071,1030
2070,1030
2068,1029
2066,1029
2064,1029
2062,1029
2060,1028
2057,1028
2055,1028
2053,1028
2051,1028
2049,1029
2047,1029
2044,1029
2042,1029
2040,1030
2038,1030
2036,1031
2033,1031
2031,1032
2029,1033
2026,1035
2024,1036
2021,1038
2019,1040
2016,1042
2013,1044
2011,1047
2008,1050
2006,1053
2003,1056
2000,1060
1998,1063
1995,1067
1993,1070
1990,1074
1988,1077
1985,1080
1983,1083
1981,1085
1979,1087
1977,1089
1975,1090
1973,1091
1972,1092
1970,1092
1969,1091
1967,1090
1966,1088
1964,1086
1963,1084
1962,1081
1961,1077
1960,1074
1959,1070
1958,1066
1957,1061
1956,1057
1955,1052
1954,1048
1952,1043
1951,1039
1950,1035
1949,1031
1947,1028
1946,1024
1945,1021
1943,1018
1942,1015
1940,1013
1939,1011
1937,1009
1935,1007
1934,1006
1932,1005
1931,1004
1929,1003
1927,1002
1926,1001
1924,1000
1922,999
1921,998
1919,998
1917,997
1915,996
1914,996
1912,995
1910,994
1908,993
1907,993
1905,992
1903,992
1901,991
1900,991
1898,990
1896,990
1894,990
1892,989
1890,989
1889,988
1887,988
1885,987
1883,987
1881,986
1880,986
1878,985
1876,985
1874,984
1873,983
1871,983
1869,982
1868,981
1866,980
1864,979
1863,978
1861,976
1860,975
1858,974
1857,973
1855,971
1854,970
1852,969
1851,968
1849,967
1848,965
1846,964
1845,963
1843,963
1841,962
1840,961
1838,961
1836,960
1835,959
1833,959
1831,959
1829,958
1828,958
1826,958
1824,958
1822,958
1820,958
1818,958
1816,958
1814,958
1813,958
1811,958
1809,958
1807,957
1805,957
1803,957
1801,957
1799,957
1798,957
1796,957
1794,956
1792,956
1790,956
1789,955
1787,955
1785,955
1783,954
1782,954
1780,954
1778,953
1776,953
1774,953
1773,952
1771,952
1769,952
1768,951
1766,950
1764,950
1763,949
1761,948
1759,947
1758,946
1756,945
1755,944
1753,943
1751,943
1750,942
1748,941
1747,940
1745,939
1743,939
1742,938
1740,937
1738,936
1737,936
1735,935
1733,934
1732,934
1730,933
1728,933
1726,933
1724,932
1723,932
1721,932
1719,932
1717,932
1715,932
1713,932
1711,932
1709,932
1707,932
1705,932
1703,932
1701,932
1700,932
1698,932
1696,932
1694,932
1692,932
1690,932
1689,932
1687,932
1685,932
1683,932
1681,932
1680,932
1678,932
1676,932
1674,933
1672,933
1670,933
1669,934
1667,934
1665,935
1663,935
1661,936
1660,936
1658,937
1656,938
1654,939
1652,939
1650,940
1649,941
1647,942
1645,943
1643,944
1641,945
1639,946
1638,947
1636,948
1634,949
1632,950
1630,950
1629,951
1627,952
1625,952
1624,953
1622,953
1620,954
1619,954
1617,955
1616,955
1614,955
1613,955
1611,956
1610,956
1608,956
1607,957
1605,957
1604,957
1602,957
1601,958
1599,958
1598,958
1597,958
1595,958
1594,958
1593,958
1592,958
1590,958
1589,958
1588,957
1587,957
1586,957
1585,956
1583,956
1582,955
1581,955
1580,955
1579,954
1578,954
1577,953
1576,953
1575,952
1574,952
1573,951
1572,951
1571,950
1571,950
1570,950
1569,949
1568,949
1567,949
1566,949
1565,949
1564,949
1564,949
1563,949
1562,950
1561,950
1560,950
1560,950
1559,951
1558,951
1558,951
1557,951
1557,951
1556,951
1556,951
1555,951
1555,950
1554,950
1554,950
1554,949
1554,949
1553,948
1553,948
1553,947
1552,946
1552,946
1552,945
1552,944
1551,943
1551,943
1551,942
1550,941
1550,940
1549,939
1549,938
1548,938
1548,937
1547,936
1546,935
1546,935
1545,934
1544,933
1543,933
1542,932
1541,932
1540,932
1539,931
1537,931
1536,930
1535,930
1533,930
1532,929
1530,929
1529,928
1527,928
1526,928
1524,927
1523,927
1521,927
1519,926
1517,926
1516,926
1514,926
1512,926
1510,926
1508,926
1506,927
1505,927
1503,928
1501,929
1499,930
1497,931
1494,933
1492,934
1490,936
1488,938
1486,940
1484,942
1482,944
1480,947
1478,949
1476,952
1474,954
1472,957
1470,959
1468,962
1466,964
1464,967
1462,969
1460,971
1458,973
1456,975
1454,976
1451,978
1449,979
1447,980
1445,980
1443,981
1441,981
1439,981
1437,982
1434,982
1432,982
1430,982
1428,982
1426,982
1423,982
1421,982
1419,982
1417,983
1414,984
1412,985
1410,986
1408,988
1406,989
1404,991
1401,993
1399,995
1397,998
1396,1000
1394,1003
1392,1006
1390,1009
1388,1013
1387,1016
1385,1019
1384,1022
1382,1026
1380,1029
1379,1032
1378,1036
1376,1039
1375,1043
1373,1046
1372,1049
1371,1053
1369,1056
1368,1060
1367,1063
1366,1067
1365,1071
1364,1074
1362,1078
1361,1082
1360,1085
1359,1089
1358,1093
1357,1096
1356,1100
1355,1104
1354,1108
1354,1112
1353,1116
1352,1120
1351,1124
1350,1128
1349,1132
1348,1136
1348,1139
1347,1143
1346,1147
1345,1151
1345,1154
1344,1158
1343,1161
1342,1165
1341,1168
1341,1172
1340,1175
1339,1178
1338,1181
1337,1184
1337,1187
1336,1190
1335,1193
1334,1196
1333,1199
1332,1201
1331,1204
1330,1206
1329,1209
1328,1211
1327,1214
1326,1216
1325,1218
1323,1220
1322,1223
1321,1225
1320,1227
1319,1229
1318,1231
1316,1233
1315,1236
1314,1238
1313,1241
1311,1243
1310,1246
1309,1249
1308,1252
1306,1255
1305,1258
1304,1261
1303,1264
1302,1267
1300,1270
1299,1274
1298,1277
1297,1280
1296,1284
1295,1287
1294,1290
1293,1294
1292,1297
1291,1301
1290,1304
1289,1308
1288,1311
1287,1315
1286,1318
1286,1321
1285,1325
1284,1328
1284,1331
1283,1334
1283,1337
1283,1340
1282,1343
1282,1346
1282,1349
1282,1351
1282,1354
1282,1357
1282,1359
1282,1362
1283,1364
1283,1366
1284,1368
1285,1370
1286,1372
1287,1374
1288,1376
1289,1378
1291,1379
1292,1381
1294,1382
1296,1384
1298,1385
1300,1386
1302,1387
1304,1388
1306,1389
1309,1390
1312,1392
1314,1393
1317,1394
1320,1395
1323,1396
1326,1398
1329,1399
1331,1401
1334,1403
1337,1404
1340,1406
1344,1408
1347,1409
1350,1411
1353,1413
1356,1414
1359,1416
1362,1417
1366,1418
1369,1419
1372,1420
1376,1420
1380,1421
1383,1421
1387,1421
1391,1420
1395,1420
1399,1419
1403,1418
1407,1417
1411,1415
1415,1413
1419,1412
1424,1410
1428,1407
1433,1405
1437,1403
1441,1401
1446,1399
1450,1397
1455,1395
1459,1393
1464,1391
1468,1390
1472,1389
1476,1388
1480,1387
1484,1386
1488,1386
1492,1386
1496,1387
1500,1387
1503,1388
1507,1389
1511,1391
1514,1392
1517,1394
1521,1395
1524,1397
1527,1399
1530,1401
1533,1403
1536,1405
1539,1407
1542,1410
1545,1412
1548,1415
1551,1417
1553,1420
1556,1423
1558,1426
1560,1428
1563,1431
1565,1434
1567,1437
1569,1440
1571,1443
1573,1446
1575,1450
1577,1453
1578,1456
1580,1459
1582,1462
1583,1465
1584,1469
1586,1472
1587,1475
1589,1478
1590,1481
1591,1484
1592,1488
1593,1491
1595,1494
1596,1497
1596,1500
1597,1503
1598,1506
1599,1510
1599,1513
1600,1516
1600,1519
1601,1522
1601,1525
1601,1528
1601,1531
1601,1534
1601,1537
1601,1540
1600,1543
1600,1545
1599,1548
1598,1550
1598,1552
1597,1554
1596,1556
1595,1558
1594,1559
1593,1560
1592,1561
1591,1562
1589,1563
1588,1563
1587,1563
1586,1564
1584,1564
1583,1563
1582,1563
1580,1563
1579,1563
1577,1562
1576,1562
1575,1562
1573,1561
1572,1561
1571,1560
1569,1559
1568,1559
1567,1558
1566,1557
1564,1556
1563,1556
1562,1555
1561,1554
1560,1552
1559,1551
1558,1550
1557,1548
1556,1547
1556,1545
1555,1543
1554,1541
1554,1539
1553,1537
1553,1535
1552,1532
1552,1530
1552,1528
1552,1525
1551,1523
1551,1521
1551,1519
1551,1517
1551,1515
1551,1513
1551,1511
1551,1509
1551,1508
1551,1506
1552,1505
1552,1504
1552,1502
1552,1501
1553,1500
1553,1499
1554,1498
1554,1497
1555,1495
1556,1494
1556,1493
1557,1491
1558,1489
1559,1487
1560,1485
1561,1483
1562,1481
1563,1479
1564,1476
1565,1474
1566,1471
1567,1468
1568,1466
1569,1464
1570,1461
1571,1459
1571,1458
1572,1456
1573,1455
1573,1454
1573,1453
1573,1453
1573,1454
1573,1454
1573,1455
1573,1457
1572,1458
1571,1460
1570,1463
1569,1466
1568,1468
1566,1472
1565,1475
1563,1478
1561,1482
1559,1486
1557,1489
1555,1493
1552,1497
1550,1500
1547,1504
1545,1507
1542,1510
1539,1514
1536,1516
1534,1519
1531,1521
1528,1524
1525,1526
1521,1528
1518,1529
1515,1531
1512,1532
1509,1533
1505,1535
1502,1536
1498,1537
1495,1538
1491,1539
1488,1540
1484,1541
1481,1542
1477,1543
1473,1544
1470,1545
1466,1546
1462,1547
1458,1547
1455,1548
1451,1549
1447,1549
1443,1550
1440,1550
1436,1551
1432,1551
1429,1551
1425,1551
1422,1550
1418,1550
1415,1550
1411,1549
1408,1548
1405,1548
1402,1547
1398,1546
1395,1544
1392,1543
1389,1541
1387,1540
1384,1538
1381,1535
1378,1533
1375,1530
1373,1528
1370,1525
1367,1522
1364,1519
1361,1515
1359,1512
1356,1508
1353,1505
1350,1501
1347,1497
1344,1494
1342,1490
1339,1486
1336,1482
1333,1478
1330,1474
1327,1469
1324,1465
1321,1461
1319,1457
1316,1453
1313,1449
1310,1445
1307,1441
1304,1437
1302,1433
1299,1429
1296,1425
1294,1421
1291,1417
1289,1414
1286,1410
1284,1407
1281,1404
1279,1400
1276,1397
1274,1394
1272,1392
1269,1389
1267,1386
1265,1383
1262,1380
1260,1377
1257,1374
1255,1370
1252,1367
1250,1364
1247,1360
1244,1357
1242,1353
1239,1349
1236,1345
1234,1341
1231,1336
1228,1332
1225,1328
1222,1323
1219,1318
1216,1314
1213,1309
1210,1304
1206,1299
1203,1295
1200,1290
1197,1285
1194,1280
1190,1276
1187,1272
1184,1268
1181,1264
1178,1260
1175,1257
1173,1254
1170,1251
1167,1248
1164,1246
1162,1244
1159,1241
1156,1239
1154,1237
1151,1235
1149,1233
1146,1230
1143,1228
1141,1225
1138,1222
1135,1219
1132,1216
1130,1213
1127,1210
1124,1206
1121,1202
1118,1198
1116,1194
1113,1190
1110,1185
1107,1180
1104,1175
1102,1170
1099,1165
1096,1160
1094,1154
1091,1149
1088,1144
1086,1138
1084,1133
1082,1127
1080,1122
1078,1117
1076,1112
1074,1107
1073,1102
1071,1097
1070,1092
1069,1088
1068,1083
1067,1079
1066,1074
1065,1070
1065,1066
1064,1062
1064,1057
1064,1053
1064,1050
1064,1046
1064,1042
1065,1039
1065,1035
1066,1032
1067,1029
1068,1026
1069,1024
1070,1021
1071,1019
1072,1016
1074,1014
1075,1012
1077,1010
1079,1008
1080,1005
1082,1004
1084,1002
1086,1000
1088,998
1091,996
1093,994
1095,993
1097,991
1100,989
1102,987
1104,986
1107,984
1109,982
1112,980
1114,978
1117,976
1120,974
1122,972
1125,970
1127,968
1130,966
1133,964
1135,962
1138,960
1140,959
1143,957
1146,955
1148,953
1151,951
1153,949
1156,947
1159,945
1161,943
1164,941
1166,939
1168,937
1171,935
1173,933
1175,930
1178,928
1180,926
1182,924
1184,922
1186,920
1189,918
1191,915
1193,913
1195,911
1197,909
1199,907
1201,905
1203,903
1205,901
1207,900
1208,898
1210,896
1212,894
1214,892
1216,890
1218,888
1219,887
1221,885
1223,883
1225,882
1226,881
1228,879
1229,878
1231,877
1233,876
1234,875
1236,874
1237,873
1239,873
1240,872
1241,872
1243,871
1244,870
1245,870
1247,869
1248,869
1249,868
1250,868
1251,868
1252,867
1253,867
1254,867
1255,866
1256,866
1257,865
1258,865
1258,864
1259,863
1260,862
1260,861
1260,860
1261,858
1261,857
1261,855
1261,853
1261,851
1261,850
1261,848
1261,846
1261,845
1260,844
1260,843
1260,842
1259,842
1259,841
1258,841
1258,842
1257,842
1256,843
1256,844
1255,846
1254,847
1253,849
1252,850
1251,852
1250,854
1249,856
1247,858
1246,860
1244,862
1243,864
1241,866
1239,867
1237,868
1235,870
1232,870
1230,871
1228,872
1225,872
1223,872
1220,871
1217,871
1214,870
1211,869
1209,868
1206,867
1203,866
1200,865
1197,864
1194,863
1192,863
1189,862
1186,861
1183,861
1181,861
1178,861
1175,861
1173,862
1170,862
1168,863
1165,864
1163,864
1160,865
1158,866
1155,867
1152,868
1149,869
1146,869
1143,870
1140,870
1137,871
1133,871
1130,871
1127,871
1123,871
1120,871
1116,871
1112,870
1109,870
1105,869
1102,869
1098,868
1095,868
1092,867
1088,867
1085,867
1082,867
1079,868
1077,868
1074,869
1071,870
1069,871
1067,873
1065,874
1063,876
1061,878
1059,881
1057,883
1055,886
1053,889
1051,892
1050,895
1048,898
1046,901
1044,905
1042,908
1040,911
1038,914
1036,918
1034,921
1032,924
1030,927
1027,930
1025,934
1023,937
1020,940
1018,943
1016,946
1013,950
1011,953
1008,956
1006,959
1003,963
1001,966
998,969
996,973
993,977
991,981
989,984
986,989
984,993
982,997
979,1002
977,1006
975,1010
972,1015
970,1019
967,1024
965,1029
963,1033
960,1038
958,1043
956,1048
954,1053
951,1058
949,1063
947,1068
945,1073
943,1079
940,1084
938,1089
936,1094
934,1099
931,1104
929,1110
927,1115
924,1120
922,1125
919,1130
917,1135
914,1139
912,1144
909,1149
906,1153
903,1158
900,1162
897,1167
894,1171
891,1175
888,1179
885,1184
881,1188
878,1192
875,1196
871,1200
868,1204
865,1208
862,1213
858,1217
855,1221
852,1225
849,1230
846,1234
843,1239
840,1244
837,1248
834,1253
832,1258
829,1263
826,1268
824,1272
822,1277
819,1281
817,1286
815,1290
813,1294
811,1299
809,1303
807,1306
806,1310
804,1314
803,1317
802,1320
800,1323
799,1326
798,1329
798,1332
797,1334
796,1336
796,1338
796,1340
796,1342
796,1344
796,1346
796,1347
797,1349
797,1350
798,1351
799,1353
800,1354
801,1355
803,1356
804,1357
806,1359
808,1360
810,1361
812,1362
815,1363
817,1364
820,1365
823,1366
826,1367
829,1368
832,1368
835,1369
839,1369
842,1370
846,1370
849,1370
853,1371
857,1371
861,1371
865,1371
868,1372
872,1372
876,1372
880,1373
884,1373
888,1373
892,1373
896,1373
900,1373
904,1373
907,1373
911,1373
915,1372
919,1372
924,1371
928,1370
932,1368
936,1367
940,1365
945,1363
949,1360
953,1358
958,1355
962,1352
967,1349
972,1346
976,1342
981,1339
986,1335
991,1331
996,1327
1000,1324
1005,1320
1010,1316
1015,1312
1020,1308
1024,1305
1029,1302
1034,1298
1039,1295
1043,1292
1048,1289
1053,1287
1058,1284
1062,1282
1067,1280
1071,1277
1076,1275
1081,1273
1085,1271
1090,1269
1095,1267
1099,1265
1104,1263
1109,1261
1113,1258
1118,1256
1123,1254
1128,1251
1132,1248
1137,1246
1142,1243
1146,1240
1151,1238
1155,1235
1160,1232
1164,1229
1168,1226
1173,1223
1177,1220
1181,1218
1185,1215
1189,1212
1193,1209
1197,1206
1200,1203
1204,1199
1208,1196
1211,1193
1215,1190
1218,1187
1222,1184
1225,1181
1228,1178
1232,1175
1235,1172
1238,1169
1241,1166
1244,1163
1248,1160
1251,1157
1254,1154
1257,1151
1259,1148
1262,1145
1265,1142
1268,1139
1271,1136
1274,1133
1276,1130
1279,1127
1282,1124
1284,1121
1287,1117
1289,1114
1292,1111
1294,1108
1297,1105
1299,1102
1302,1098
1304,1095
1306,1092
1308,1089
1311,1086
1313,1083
1315,1080
1317,1077
1319,1075
1321,1073
1323,1070
1325,1068
1327,1067
1329,1065
1331,1064
1333,1063
1335,1062
1337,1062
1339,1061
1340,1061
1342,1061
1344,1062
1346,1062
1347,1063
1349,1063
1351,1064
1353,1065
1354,1066
1356,1067
1358,1069
1359,1070
1361,1072
1362,1073
1364,1075
1366,1076
1367,1078
1369,1079
1370,1080
1372,1081
1374,1082
1375,1083
1377,1084
1378,1084
1380,1085
1382,1085
1383,1085
1385,1085
1386,1084
1388,1084
1390,1083
1391,1082
1393,1082
1395,1081
1397,1079
1398,1078
1400,1077
1402,1075
1403,1073
1405,1071
1407,1070
1409,1068
1410,1066
1412,1064
1414,1062
1416,1060
1417,1058
1419,1057
1421,1055
1423,1053
1424,1052
1426,1050
1428,1049
1430,1048
1431,1046
1433,1045
1435,1044
1437,1043
1438,1042
1440,1041
1442,1041
1443,1040
1445,1039
1447,1038
1448,1038
1450,1037
1452,1036
1453,1036
1455,1035
1457,1035
1458,1034
1460,1034
1462,1033
1463,1033
1465,1033
1467,1032
1468,1032
1470,1031
1472,1031
1473,1030
1475,1030
1477,1029
1478,1029
1480,1028
1482,1028
1484,1027
1485,1026
1487,1026
1489,1025
1490,1024
1492,1024
1494,1023
1496,1022
1497,1022
1499,1021
1501,1020
1502,1020
1504,1020
1506,1019
1507,1019
1509,1019
1511,1019
1512,1019
1514,1019
1515,1020
1517,1020
1519,1020
1520,1021
1522,1021
1523,1022
1525,1022
1526,1023
1528,1023
1529,1024
1531,1024
1532,1024
1534,1025
1536,1025
1537,1025
1539,1024
1541,1024
1542,1024
1544,1023
1546,1023
1547,1022
1549,1021
1551,1020
1552,1018
1554,1017
1556,1015
1558,1014
1560,1012
1561,1010
1563,1009
1565,1007
1567,1005
1568,1003
1570,1002
1572,1000
1574,999
1575,997
1577,996
1579,994
1580,993
1582,992
1584,991
1585,990
1587,989
1589,988
1590,987
1592,987
1593,987
1595,987
1596,987
1598,987
1599,987
1601,987
1602,988
1603,988
1605,989
1606,989
1608,990
1609,990
1610,991
1612,991
1613,992
1614,992
1616,992
1617,992
1619,992
1620,992
1622,992
1623,991
1625,991
1626,990
1628,989
1630,988
1631,987
1633,986
1635,985
1636,984
1638,983
1640,982
1641,980
1643,979
1645,978
1646,976
1648,975
1650,974
1652,972
1653,971
1655,970
1657,969
1658,968
1660,967
1661,966
1663,966
1664,965
1666,965
1668,964
1669,963
1671,963
1672,962
1674,962
1675,961
1677,961
1678,960
1680,960
1681,959
1682,959
1684,959
1685,958
1687,958
1688,958
1689,958
1691,957
1692,957
1693,957
1695,957
1696,957
1697,957
1699,957
1700,957
1701,957
1703,957
1704,957
1705,957
1707,957
1708,957
1709,956
1711,956
1712,956
1714,955
1715,955
1717,954
1718,954
1719,953
1721,953
1722,952
1724,951
1725,951
1727,951
1728,950
1729,950
1731,950
1732,950
1733,950
1735,950
1736,951
1737,951
1738,952
1739,952
1740,953
1741,953
1742,954
1743,955
1745,955
1746,956
1747,956
1748,957
1749,957
1750,958
1751,958
1752,958
1753,959
1754,959
1755,959
1756,958
1758,958
1759,958
1760,957
1761,957
1762,956
1764,956
1765,955
1766,954
1768,953
1769,952
1770,951
1771,950
1773,949
1774,948
1775,947
1777,946
1778,945
1779,944
1781,943
1782,942
1783,941
1784,939
1786,938
1787,937
1788,936
1789,934
1791,933
1792,932
1793,930
1794,929
1795,928
1796,927
1797,925
1798,924
1799,923
1800,922
1801,921
1802,920
1802,920
1803,919
1803,918
1804,918
1804,917
1805,916
1805,916
1806,915
1806,914
1806,913
1806,912
1806,911
1806,910
1807,908
1807,907
1807,905
1807,903
1806,901
1806,900
1806,898
1806,896
1805,895
1805,893
1804,892
1804,891
1803,890
1802,889
1801,889
1800,889
1799,889
1798,889
1797,889
1795,889
1794,889
1792,890
1791,890
1789,891
1787,891
1786,892
1784,893
1782,893
1780,894
1778,894
1776,894
1773,894
1771,893
1769,892
1767,891
1765,889
1763,886
1761,883
1759,880
1757,877
1755,874
1753,870
1751,867
1749,864
1746,861
1744,858
1742,855
1739,853
1737,851
1734,849
1732,847
1729,846
1726,845
1724,844
1721,843
1719,842
1716,842
1714,841
1711,841
1709,840
1707,840
1705,839
1703,838
1701,837
1699,835
1698,834
1696,832
1695,830
1694,828
1693,825
1693,823
1693,819
1693,816
1693,811
1693,807
1694,802
1694,797
1695,792
1696,786
1697,781
1699,775
1700,770
1701,765
1703,760
1704,756
1706,752
1707,749
1709,746
1710,743
1712,741
1713,739
1715,738
1717,737
1718,736
1720,736
1721,737
1723,738
1724,739
1726,740
1727,742
1729,744
1730,746
1732,749
1733,751
1735,754
1737,757
1738,759
1740,761
1742,764
1744,766
1745,767
1747,769
1749,770
1751,771
1754,771
1756,771
1758,771
1760,771
1762,770
1764,769
1767,768
1769,767
1771,766
1773,764
1775,763
1777,762
1779,760
1780,759
1782,758
1784,756
1786,755
1787,754
1789,753
1790,752
1792,752
1793,751
1795,751
1796,751
1797,750
1799,750
1800,750
1801,750
1803,750
1804,750
1805,749
1807,749
1808,749
1809,748
1811,747
1812,746
1813,745
1815,744
1816,742
1818,740
1819,737
1821,733
1823,728
1824,722
1826,716
1828,709
1830,702
1832,695
1834,687
1835,679
1837,672
1838,664
1840,657
1841,650
1842,644
1843,638
1844,633
1844,629
1845,626
1845,623
1845,622
1845,621
1845,622
1844,623
1843,625
1843,628
1842,632
1841,636
1839,642
1838,648
1837,654
1835,661
1834,667
1832,674
1831,681
1829,688
1828,694
1827,700
1826,705
1825,710
1824,714
1823,716
1823,718
1822,719
1822,719
1822,718
1822,717
1822,714
1823,712
1823,709
1823,706
1824,703
1824,700
1824,697
1825,694
1825,692
1825,689
1825,686
1826,684
1826,682
1826,680
1826,678
1826,676
1826,674
1826,673
1826,671
1826,670
1826,669
1826,668
1826,667
1826,666
1826,665
1826,665
1826,664
1826,664
1826,663
1826,663
1825,662
1825,661
1825,661
1826,660
1826,659
1826,658
1826,656
1826,655
1826,653
1827,652
1827,650
1827,648
1828,645
1828,643
1828,641
1828,639
1829,637
1829,635
1829,633
1829,631
1829,629
1829,628
1829,626
1829,625
1829,624
1829,624
1828,623
1828,624
1827,624
1826,625
1825,626
1824,628
1823,630
1822,633
1821,636
1819,639
1818,642
1817,645
1815,648
1813,652
1812,655
1810,658
1809,660
1807,663
1805,665
1804,666
1803,667
1801,667
1800,668
1799,667
1798,666
1797,665
1796,663
1795,661
1795,659
1794,656
1793,654
1793,651
1792,649
1792,647
1791,645
1791,643
1790,641
1790,640
1789,640
1789,640
1788,641
1787,642
1786,644
1785,647
1784,651
1782,655
1781,659
1779,664
1778,669
1776,675
1774,681
1772,686
1771,692
1768,697
1766,702
1764,707
1762,711
1760,715
1758,718
1755,721
1753,724
1751,726
1749,728
1746,730
1744,732
1741,734
1739,735
1737,736
1734,738
1732,739
1730,740
1727,741
1725,742
1723,743
1720,744
1718,745
1716,746
1714,747
1711,747
1709,748
1707,748
1705,748
1703,748
1701,748
1699,748
1697,747
1696,746
1694,745
1693,743
1691,741
1690,738
1689,736
1688,733
1688,729
1687,726
1686,723
1686,719
1686,716
1685,713
1685,710
1685,707
1685,704
1685,701
1686,699
1686,697
1686,695
1686,694
1687,693
1687,692
1688,691
1688,690
1689,689
1689,689
1690,688
1690,687
1691,685
1692,684
1692,682
1693,680
1694,677
1695,675
1695,672
1696,670
1697,667
1698,664
1699,661
1700,657
1701,654
1702,651
1703,648
1704,645
1705,642
1706,640
1707,637
1708,635
1709,633
1710,632
1711,630
1712,629
1712,629
1713,629
1714,629
1714,629
1715,630
1715,632
1715,634
1716,636
1716,638
1715,641
1715,644
1715,647
1715,650
1714,654
1713,656
1713,659
1712,662
1711,664
1711,665
1710,666
1709,667
1708,667
1707,666
1706,665
1706,663
1705,661
1704,659
1703,656
1702,653
1701,649
1700,645
1699,641
1698,637
1697,632
1696,628
1695,624
1694,620
1692,615
1691,611
1690,608
1689,604
1688,601
1687,597
1686,594
1684,592
1683,589
1682,587
1681,585
1680,584
1679,582
1678,581
1677,579
1676,579
1675,578
1674,577
1673,576
1672,576
1672,575
1671,574
1670,572
1670,571
1669,570
1669,568
1668,567
1668,565
1668,563
1667,562
1667,560
1667,558
1666,556
1666,555
1666,553
1666,552
1665,550
1665,549
1665,547
1665,546
1664,544
1664,543
1664,541
1664,539
1664,538
1664,535
1664,533
1664,531
1664,529
1664,527
1664,525
1664,524
1664,522
1665,522
1665,521
1665,521
1665,521
1665,522
1666,523
1666,524
1666,526
1667,528
1667,530
1667,532
1668,534
1668,536
1669,538
1670,541
1670,543
1671,545
1672,548
1673,550
1674,552
1675,554
1676,556
1677,557
1678,559
1679,560
1681,562
1682,562
1683,563
1685,563
1686,563
1688,563
1690,563
1691,562
1693,560
1695,559
1697,557
1699,555
1701,553
1703,551
1704,549
1706,547
1708,545
1710,543
1711,542
1713,540
1714,539
1716,538
1717,538
1719,537
1720,537
1721,538
1722,538
1723,539
1724,540
1725,541
1726,542
1726,544
1727,545
1728,547
1728,549
1729,551
1729,554
1730,556
1730,557
1730,559
1731,561
1731,562
1732,563
1732,564
1732,565
1733,566
1733,566
1733,566
1734,566
1734,566
1734,565
1735,564
1735,563
1735,562
1735,561
1735,559
1736,557
1736,555
1736,553
1736,551
1735,549
1735,547
1735,545
1735,543
1734,541
1734,539
1733,537
1732,536
1732,534
1731,533
1730,532
1729,531
1728,530
1727,529
1726,528
1725,527
1724,526
1723,526
1722,525
1721,525
1720,524
1719,524
1719,523
1718,523
1717,522
1716,521
1715,520
1715,519
1714,518
1714,517
1713,515
1713,514
1712,512
1712,511
1712,509
1712,508
1712,506
1712,504
1711,503
1711,502
1711,501
1711,500
1711,500
1711,500
1711,500
1710,501
1710,502
1710,504
1709,506
1709,508
1708,511
1708,513
1707,515
1707,518
1706,520
1706,522
1705,523
1705,524
1704,525
1704,526
1703,526
1703,526
1703,525
1703,524
1702,522
1702,519
1702,517
1702,514
1702,511
1702,507
1702,504
1702,500
1702,497
1702,494
1702,491
1702,489
1702,486
1702,484
1701,483
1701,481
1700,480
1700,479
1699,479
1699,479
1698,480
1697,481
1696,481
1695,483
1694,484
1693,485
1692,486
1691,487
1690,488
1689,489
1688,489
1687,489
1686,489
1685,489
1684,489
1683,489
1682,488
1680,488
1679,488
1678,488
1676,489
1675,490
1673,491
1672,492
1670,494
1668,496
1667,499
1665,502
1663,506
1661,510
1659,514
1657,519
1655,523
1652,527
1650,531
1648,535
1646,539
1644,543
1642,546
1640,549
1638,551
1637,553
1635,555
1633,557
1632,559
1630,560
1629,561
1627,561
1626,562
1625,562
1623,562
1622,561
1621,561
1620,561
1619,560
1619,560
1618,560
1617,560
1616,560
1615,560
1615,561
1614,562
1613,563
1612,565
1611,567
1610,569
1609,571
1608,574
1608,576
1607,579
1606,582
1605,585
1603,588
1602,590
1601,593
1600,596
1599,599
1598,601
1596,604
1595,606
1594,609
1592,612
1591,614
1590,617
1588,620
1587,624
1585,627
1583,630
1582,634
1580,637
1579,640
1577,644
1575,647
1574,650
1572,653
1571,656
1569,658
1567,661
1566,663
1564,666
1563,668
1561,670
1560,672
1558,674
1557,676
1555,678
1554,680
1552,682
1551,684
1549,686
1548,688
1546,690
1545,693
1543,695
1542,697
1540,700
1539,702
1537,705
1536,708
1534,711
1533,714
1531,717
1529,720
1528,723
1526,726
1525,729
1523,732
1522,736
1520,739
1519,742
1517,745
1516,749
1514,752
1513,755
1511,759
1509,762
1508,765
1506,768
1505,772
1503,775
1502,778
1500,782
1499,785
1497,788
1496,792
1494,795
1493,799
1491,803
1489,808
1487,813
1485,818
1483,824
1481,831
1478,838
1475,846
1473,854
1470,863
1467,872
1464,881
1461,891
1458,900
1454,910
1451,920
1448,929
1445,938
1443,946
1440,955
1437,962
1435,970
1433,976
1431,982
1429,987
1427,992
1426,996
1425,999
1424,1001
1423,1003
1422,1004
1422,1005
1421,1005
1421,1005
1421,1005
1421,1004
1421,1003
1421,1002
1422,1001
1422,1000
1422,999
1422,998
1422,998
1422,998
1422,999
1422,1000
1422,1002
1421,1005
1421,1008
1420,1011
1419,1015
1419,1019
1418,1024
1417,1028
1416,1033
1416,1038
1415,1043
1414,1048
1413,1053
1413,1058
1412,1063
1411,1068
1410,1073
1410,1078
1409,1082
1408,1087
1407,1092
1407,1096
1406,1100
1405,1104
1404,1108
1403,1112
1402,1116
1401,1119
1400,1123
1399,1126
1398,1129
1397,1132
1396,1135
1395,1137
1393,1140
1392,1142
1391,1144
1390,1146
1389,1148
1388,1150
1386,1152
1385,1153
1384,1154
1383,1156
1382,1157
1381,1158
1380,1158
1380,1159
1379,1159
1378,1160
1378,1160
1377,1160
1377,1160
1376,1159
1376,1159
1376,1158
1376,1157
1376,1157
1376,1156
1376,1154
1376,1153
1377,1152
1377,1150
1378,1149
1378,1147
1379,1146
1380,1144
1380,1143
1381,1142
1382,1141
1383,1140
1384,1139
1385,1138
1386,1138
1387,1138
1388,1138
1389,1138
1390,1138
1391,1138
1392,1139
1394,1139
1395,1140
1396,1140
1397,1141
1399,1141
1400,1142
1401,1143
1402,1143
1404,1144
1405,1144
1406,1145
1407,1146
1409,1146
1410,1147
1411,1147
1412,1148
1414,1148
1415,1149
1416,1150
1417,1150
1419,1151
1420,1151
1421,1152
1422,1152
1423,1153
1424,1153
1426,1154
1427,1155
1428,1155
1429,1156
1430,1157
1431,1158
1432,1158
1433,1159
1434,1160
1435,1161
1436,1162
1437,1163
1438,1164
1438,1165
1439,1165
1440,1166
1441,1167
1442,1168
1443,1169
1444,1169
1445,1170
1446,1171
1447,1172
1448,1173
1449,1174
1450,1175
1451,1176
1452,1177
1453,1178
1454,1179
1455,1180
1456,1181
1457,1182
1458,1183
1459,1184
1460,1186
1461,1187
1463,1188
1464,1189
1465,1190
1466,1191
1468,1192
1469,1193
1470,1194
1471,1195
1473,1196
1474,1196
1475,1197
1477,1198
1478,1199
1479,1200
1481,1200
1482,1201
1483,1202
1485,1202
1486,1203
1487,1204
1489,1204
1490,1205
1492,1206
1493,1207
1494,1207
1496,1208
1497,1209
1498,1210
1500,1211
1501,1211
1502,1212
1504,1213
1505,1214
1506,1215
1508,1215
1509,1216
1510,1217
1512,1218
1513,1219
1514,1220
1516,1221
1517,1222
1518,1223
1520,1223
1521,1224
1522,1225
1524,1226
1525,1227
1526,1228
1528,1229
1529,1230
1530,1231
1532,1232
1533,1233
1534,1233
1536,1234
1537,1235
1539,1235
1540,1236
1541,1236
1543,1237
1544,1237
1546,1237
1547,1238
1549,1238
1550,1238
1552,1238
1553,1238
1555,1238
1556,1238
1558,1238
1559,1238
1561,1237
1562,1237
1564,1237
1565,1237
1567,1237
1568,1236
1570,1236
1571,1236
1573,1236
1574,1236
1576,1236
1577,1237
1579,1237
1580,1237
1582,1237
1583,1238
1584,1238
1586,1238
1587,1239
1588,1239
1590,1240
1591,1240
1593,1240
1594,1241
1595,1241
1597,1242
1598,1242
1600,1242
1601,1243
1602,1243
1604,1244
1605,1244
1607,1244
1608,1245
1610,1245
1611,1246
1613,1246
1614,1246
1616,1246
1618,1246
1619,1246
1621,1246
1623,1246
1624,1246
1626,1245
1628,1245
1630,1245
1632,1244
1634,1243
1635,1243
1637,1242
1639,1242
1641,1241
1643,1241
1645,1240
1647,1240
1649,1240
1650,1240
1652,1239
1654,1239
1656,1239
1658,1240
1659,1240
1661,1240
1663,1241
1664,1241
1666,1242
1668,1243
1669,1244
1671,1246
1672,1247
1674,1248
1676,1250
1677,1251
1679,1253
1680,1254
1682,1256
1684,1257
1685,1258
1687,1260
1689,1261
1691,1262
1693,1263
1695,1264
1697,1264
1699,1265
1701,1265
1703,1266
1705,1266
1708,1266
1710,1266
1713,1266
1715,1266
1718,1265
1721,1265
1724,1264
1726,1263
1729,1262
1732,1261
1736,1260
1739,1258
1742,1257
1745,1255
1748,1254
1752,1252
1755,1251
1758,1249
1761,1247
1765,1246
1768,1244
1771,1243
1775,1242
1778,1240
1781,1239
1784,1238
1787,1237
1791,1236
1794,1236
1797,1235
1800,1234
1803,1234
1806,1233
1808,1233
1811,1233
1814,1233
1817,1233
1820,1233
1823,1233
1825,1233
1828,1233
1831,1233
1834,1233
1836,1233
1839,1233
1842,1233
1845,1233
1848,1233
1851,1232
1854,1232
1857,1232
1860,1231
1863,1231
1866,1230
1869,1230
1872,1229
1875,1228
1878,1228
1881,1227
1885,1226
1888,1225
1891,1224
1894,1224
1898,1222
1901,1221
1904,1220
1908,1219
1911,1218
1915,1216
1919,1215
1922,1213
1926,1212
1930,1210
1933,1208
1937,1207
1941,1205
1945,1203
1948,1201
1952,1199
1956,1197
1960,1195
1964,1193
1968,1192
1971,1190
1975,1188
1979,1187
1982,1185
1986,1184
1989,1182
1993,1181
1996,1180
2000,1179
2003,1177
2007,1176
2010,1176
2013,1175
2016,1174
2019,1173
2022,1173
2026,1172
2029,1172
2032,1171
2034,1171
2037,1170
2040,1170
2043,1169
2046,1169
2049,1169
2052,1168
2055,1167
2057,1167
2060,1166
2063,1166
2066,1165
2068,1164
2071,1164
2074,1163
2076,1162
2079,1162
2081,1161
2084,1160
2086,1160
2088,1159
2091,1159
2093,1158
2095,1158
2097,1157
2099,1157
2101,1157
2104,1157
2105,1156
2107,1156
2109,1156
2111,1156
2113,1156
2115,1155
2117,1155
2119,1155
2121,1155
2123,1155
2124,1155
2126,1156
2128,1156
2129,1156
2131,1156
2132,1157
2134,1157
2136,1158
2137,1158
2139,1158
2140,1159
2142,1159
2143,1159
2145,1160
2147,1160
2148,1160
2150,1160
2152,1160
2153,1160
2155,1160
2157,1160
2159,1160
2160,1160
2162,1160
2164,1160
2165,1160
2167,1160
2169,1160
2171,1160
2172,1160
2174,1160
2176,1160
2178,1160
2179,1160
2181,1160
2183,1160
2185,1160
2187,1160
2188,1160
2190,1160
2192,1160
2193,1161
2195,1161
2197,1161
2198,1162
2200,1162
2201,1162
2203,1163
2204,1163
2206,1164
2207,1164
2208,1165
2210,1165
2211,1166
2213,1166
2214,1167
2216,1167
2217,1168
2218,1169
2219,1170
2221,1171
2222,1172
2223,1173
2224,1174
2225,1176
2226,1177
2227,1179
2228,1181
2229,1183
2230,1185
2230,1187
2231,1190
2232,1193
2232,1195
2232,1199
2233,1202
2233,1205
2233,1209
2233,1213
2233,1217
2233,1221
2232,1225
2232,1229
2231,1234
2230,1239
2229,1244
2228,1248
2227,1254
2226,1259
2224,1264
2223,1269
2221,1275
2219,1280
2218,1285
2216,1291
2214,1296
2211,1301
2209,1307
2207,1312
2204,1317
2202,1323
2199,1328
2197,1333
2194,1338
2192,1343
2189,1348
2186,1352
2184,1357
2181,1362
2178,1366
2175,1371
2172,1376
2169,1380
2167,1385
2164,1389
2161,1394
2158,1399
2155,1403
2152,1408
2149,1413
2146,1417
2144,1422
2141,1427
2139,1432
2136,1437
2134,1442
2132,1447
2129,1452
2128,1457
2126,1462
2124,1467
2123,1472
2121,1477
2120,1482
2119,1487
2119,1492
2118,1497
2117,1502
2117,1507
2117,1512
2117,1517
2117,1521
2117,1526
2118,1531
2118,1535
2119,1540
2119,1544
2120,1549
2121,1553
2122,1557
2122,1561
2123,1566
2124,1570
2124,1574
2125,1578
2125,1582
2126,1586
2126,1589
2126,1593
2126,1597
2127,1601
2127,1604
2127,1607
2127,1611
2127,1614
2127,1617
2127,1620
2127,1623
2127,1626
2127,1628
2127,1630
2128,1632
2128,1634
2128,1636
2129,1638
2129,1639
2129,1640
2130,1641
2130,1642
2131,1643
2132,1643
2133,1643
2133,1644
2134,1644
2135,1644
2136,1643
2137,1643
2138,1642
2139,1642
2139,1641
2140,1640
2141,1640
2142,1639
2143,1638
2144,1637
2145,1636
2146,1635
2147,1634
2148,1633
2149,1632
2151,1631
2152,1630
2153,1629
2154,1628
2155,1628
2156,1627
2158,1626
2159,1626
2160,1625
2162,1625
2164,1624
2165,1624
2167,1624
2169,1623
2171,1623
2173,1623
2175,1623
2177,1623
2180,1623
2182,1623
2185,1623
2187,1624
2190,1624
2192,1624
2195,1625
2198,1625
2200,1626
2203,1626
2205,1627
2207,1628
2210,1629
2212,1630
2214,1631
2215,1632
2217,1634
2219,1635
2220,1637
2221,1639
2222,1640
2223,1642
2224,1644
2225,1646
2226,1648
2226,1650
2227,1651
2228,1653
2228,1655
2228,1657
2229,1659
2229,1660
2230,1662
2230,1663
2230,1664
2231,1666
2231,1667
2232,1668
2232,1668
2232,1669
2233,1670
2233,1670
2233,1670
2234,1671
2234,1671
2234,1671
2234,1670
2234,1670
2234,1670
2234,1670
2234,1669
2234,1669
2234,1668
2234,1667
2234,1667
2233,1666
2233,1665
2233,1664
2232,1663
2232,1662
2232,1661
2232,1660
2231,1659
2231,1657
2232,1655
2232,1653
2232,1652
2232,1650
2233,1647
2233,1645
2233,1643
2234,1641
2234,1639
2234,1637
2235,1635
2235,1633
2235,1631
2235,1630
2235,1628
2235,1627
2235,1625
2234,1624
2234,1623
2233,1622
2232,1621
2231,1620
2230,1619
2229,1619
2227,1618
2226,1618
2224,1617
2222,1617
2221,1617
2219,1617
2217,1616
2215,1616
2212,1616
2210,1616
2208,1615
2206,1615
2204,1614
2202,1614
2200,1613
2199,1612
2197,1611
2196,1610
2194,1609
2193,1608
2192,1606
2191,1604
2190,1603
2189,1601
2189,1600
2188,1598
2187,1596
2187,1595
2186,1593
2185,1592
2185,1590
2184,1589
2183,1588
2182,1587
2181,1586
2180,1584
2179,1584
2178,1583
2177,1582
2176,1581
2175,1581
2174,1580
2172,1580
2171,1579
2169,1579
2167,1579
2166,1579
2164,1579
2162,1579
2160,1579
2158,1579
2157,1579
2155,1580
2153,1580
2151,1580
2149,1580
2147,1580
2145,1580
2143,1580
2142,1580
2140,1579
2139,1579
2137,1578
2136,1577
2135,1576
2134,1575
2133,1574
2132,1572
2131,1571
2130,1569
2129,1567
2129,1566
2128,1564
2128,1562
2127,1560
2127,1558
2126,1555
2126,1553
2126,1551
2126,1549
2126,1546
2126,1544
2125,1541
2125,1539
2125,1537
2125,1534
2125,1532
2125,1530
2125,1528
2125,1526
2124,1524
2124,1522
2124,1520
2123,1518
2123,1517
2122,1515
2122,1513
2122,1512
2121,1510
2121,1508
2120,1507
2120,1505
2119,1503
2118,1502
2118,1500
2117,1499
2117,1497
2116,1496
2115,1494
2114,1493
2113,1491
2112,1490
2112,1489
2111,1487
2110,1486
2109,1485
2107,1484
2106,1482
2105,1481
2104,1480
2103,1478
2102,1477
2101,1476
2100,1475
2099,1474
2097,1472
2096,1471
2095,1470
2093,1469
2092,1469
2090,1468
2089,1467
2087,1467
2085,1466
2084,1466
2082,1466
2080,1466
2078,1466
2076,1466
2074,1466
2072,1466
2070,1466
2068,1467
2066,1467
2063,1468
2061,1468
2059,1469
2056,1470
2054,1470
2052,1471
2049,1472
2047,1472
2045,1473
2043,1474
2040,1474
2038,1475
2036,1475
2034,1476
2032,1476
2030,1476
2028,1477
2026,1477
2024,1477
2022,1478
2020,1478
2019,1479
2017,1479
2015,1479
2013,1480
2011,1480
2010,1480
2008,1480
2006,1480
2005,1480
2003,1480
2002,1480
2000,1480
1998,1479
1997,1479
1995,1478
1994,1477
1992,1477
1991,1476
1989,1475
1988,1474
1987,1473
1985,1472
1984,1470
1982,1469
1981,1468
1979,1467
1978,1465
1976,1464
1975,1463
1973,1462
1972,1461
1970,1459
1969,1458
1967,1457
1966,1456
1964,1455
1962,1454
1961,1453
1959,1452
1958,1451
1956,1450
1955,1450
1953,1449
1951,1448
1950,1447
1948,1446
1947,1445
1945,1444
1944,1443
1942,1442
1940,1442
1939,1441
1937,1440
1935,1440
1933,1439
1932,1439
1930,1438
1928,1438
1926,1438
1925,1438
1923,1439
1921,1439
1919,1440
1918,1440
1916,1441
1914,1442
1912,1443
1911,1443
1909,1444
1907,1445
1905,1445
1904,1445
1902,1445
1900,1445
1898,1444
1896,1443
1895,1442
1893,1441
1891,1440
1889,1438
1888,1436
1886,1434
1884,1432
1882,1430
1880,1428
1878,1426
1876,1423
1873,1421
1871,1419
1869,1417
1866,1415
1863,1413
1860,1412
1857,1410
1854,1409
1851,1408
1848,1407
1845,1406
1841,1405
1838,1405
1834,1405
1831,1405
1827,1405
1823,1405
1820,1405
1816,1406
1812,1406
1809,1407
1805,1407
1801,1408
1797,1408
1794,1408
1790,1409
1786,1409
1783,1409
1779,1409
1776,1409
1773,1409
1769,1409
1766,1409
1763,1408
1760,1408
1757,1408
1754,1407
1751,1407
1748,1406
1746,1406
1743,1405
1740,1405
1738,1404
1735,1403
1733,1403
1730,1402
1727,1402
1725,1401
1722,1400
1720,1400
1718,1400
1715,1399
1713,1399
1710,1399
1708,1399
1705,1399
1703,1399
1700,1399
1698,1399
1696,1399
1694,1399
1691,1399
1689,1399
1687,1399
1685,1398
1683,1398
1681,1398
1679,1397
1678,1396
1676,1395
1674,1394
1673,1393
1671,1392
1670,1391
1669,1389
1668,1387
1667,1386
1665,1384
1664,1382
1663,1380
1662,1379
1661,1377
1660,1375
1659,1373
1658,1372
1657,1371
1656,1369
1655,1368
1654,1367
1653,1366
1652,1365
1651,1364
1650,1363
1649,1362
1648,1361
1647,1361
1645,1360
1644,1359
1643,1359
1642,1358
1641,1358
1640,1358
1639,1357
1638,1357
1637,1357
1637,1357
1636,1357
1635,1356
1634,1356
1633,1356
1632,1356
1632,1356
1631,1356
1630,1356
1630,1356
1629,1356
1629,1356
1629,1356
1628,1356
1628,1356
1628,1356
1628,1356
1627,1356
1627,1356
1627,1356
1627,1356
1627,1356
1627,1357
1627,1357
1627,1357
1627,1358
1627,1358
1627,1358
1628,1359
1628,1359
1628,1360
1628,1361
1628,1361
1628,1362
1628,1363
1628,1363
1628,1364
1628,1365
1628,1365
1628,1366
1628,1367
1628,1367
1628,1368
1628,1368
1628,1369
1628,1369
1628,1369
1628,1369
1629,1370
1629,1370
1629,1370
1629,1369
1629,1369
1629,1369
1629,1369
1629,1369
1629,1370
1630,1370
1630,1370
1629,1370
1629,1371
1629,1371
1629,1372
1629,1372
1629,1373
1628,1374
1628,1375
1628,1376
1627,1376
1627,1377
1626,1378
1625,1379
1625,1380
1624,1380
1623,1381
1623,1382
1622,1382
1621,1383
1620,1384
1619,1384
1618,1384
1617,1385
1616,1385
1615,1385
1614,1385
1613,1385
1611,1385
1610,1386
1609,1386
1608,1386
1606,1386
1605,1386
1604,1385
1602,1385
1601,1385
1600,1385
1598,1385
1597,1385
1595,1384
1594,1384
1593,1384
1591,1383
1590,1383
1588,1382
1587,1381
1585,1381
1584,1380
1583,1379
1581,1378
1580,1377
1578,1376
1577,1375
1576,1374
1574,1373
1573,1372
1572,1370
1571,1369
1569,1368
1568,1367
1567,1365
1566,1364
1565,1363
1564,1362
1563,1361
1562,1360
1561,1359
1560,1358
1559,1357
1558,1356
1557,1355
1556,1354
1555,1354
1554,1353
1553,1353
1552,1352
1551,1352
1550,1351
1549,1351
1549,1350
1548,1350
1547,1350
1546,1349
1545,1349
1544,1348
1544,1347
1543,1347
1542,1346
1541,1345
1540,1344
1539,1343
1538,1343
1537,1342
1537,1341
1536,1340
1535,1338
1534,1337
1533,1336
1532,1334
1531,1333
1530,1331
1530,1330
1529,1328
1528,1326
1527,1324
1526,1322
1525,1320
1524,1318
1524,1316
1523,1314
1522,1312
1521,1309
1520,1307
1519,1304
1518,1302
1517,1299
1516,1297
1515,1294
1515,1291
1514,1289
1513,1286
1512,1283
1511,1280
1510,1277
1509,1274
1508,1271
1507,1268
1506,1265
1505,1262
1504,1259
1502,1256
1501,1253
1500,1250
1499,1247
1498,1244
1497,1241
1495,1237
1494,1234
1493,1231
1491,1227
1490,1224
1489,1220
1487,1217
1486,1213
1485,1210
1483,1206
1482,1202
1481,1199
1479,1195
1478,1192
1476,1189
1475,1186
1473,1183
1472,1180
1471,1178
1469,1175
1468,1173
1466,1171
1465,1169
1463,1168
1462,1166
1460,1164
1458,1163
1457,1161
1455,1159
1453,1157
1451,1155
1449,1153
1447,1151
1445,1149
1443,1146
1440,1143
1438,1140
1435,1137
1433,1134
1430,1130
1427,1127
1424,1123
1421,1120
1417,1116
1414,1113
1411,1110
1408,1107
1404,1104
1401,1101
1397,1098
1393,1095
1389,1093
1386,1091
1382,1089
1378,1087
1374,1085
1370,1084
1366,1083
1362,1083
1358,1082
1354,1082
1350,1082
1346,1082
1342,1082
1338,1083
1333,1083
1329,1083
1324,1083
1320,1083
1315,1083
1310,1083
1306,1083
1301,1083
1296,1083
1291,1083
1285,1083
1280,1083
1275,1083
1270,1084
1264,1084
1259,1084
1253,1085
1248,1086
1242,1087
1237,1088
1231,1089
1226,1090
1220,1092
1215,1094
1209,1095
1204,1097
1199,1099
1194,1102
1188,1104
1184,1107
1179,1109
1174,1112
1169,1115
1165,1119
1161,1122
1157,1126
1153,1130
1149,1133
1145,1137
1141,1141
1137,1145
1133,1149
1130,1153
1126,1157
1122,1161
1119,1165
1115,1169
1112,1173
1108,1177
1104,1181
1100,1185
1097,1189
1093,1192
1089,1196
1085,1199
1081,1203
1077,1206
1073,1210
1069,1213
1065,1216
1061,1220
1057,1223
1053,1226
1049,1230
1045,1233
1041,1237
1037,1240
1033,1244
1029,1248
1025,1252
1021,1256
1018,1261
1015,1265
1011,1270
1008,1275
1005,1280
1002,1285
999,1290
997,1296
994,1301
992,1307
990,1313
987,1319
985,1325
983,1331
982,1337
980,1344
978,1350
976,1356
975,1362
973,1367
971,1372
969,1378
967,1382
965,1387
963,1391
961,1394
958,1398
956,1400
953,1403
950,1405
947,1406
943,1407
940,1407
936,1407
933,1406
929,1406
925,1405
921,1403
916,1402
912,1400
908,1398
904,1396
900,1394
896,1392
892,1390
888,1388
884,1386
881,1385
877,1383
873,1381
870,1380
867,1379
864,1378
861,1378
858,1378
856,1377
853,1378
851,1378
849,1378
847,1379
845,1380
844,1381
842,1381
840,1382
838,1383
837,1384
835,1385
834,1386
832,1386
830,1387
829,1388
827,1388
826,1389
824,1389
823,1390
821,1390
820,1391
819,1391
818,1392
817,1393
816,1394
815,1395
814,1396
813,1397
813,1398
812,1399
812,1400
811,1402
811,1403
811,1404
810,1404
810,1405
809,1406
809,1407
809,1407
809,1408
808,1408
808,1408
808,1408
807,1408
807,1408
807,1407
806,1407
806,1406
805,1405
805,1404
805,1403
804,1402
804,1400
803,1399
803,1397
802,1395
802,1394
802,1392
802,1391
802,1389
802,1388
802,1386
802,1385
803,1384
804,1383
804,1383
805,1382
806,1382
807,1382
808,1381
810,1381
811,1381
813,1382
814,1382
816,1382
817,1383
819,1383
821,1384
823,1384
825,1385
827,1385
829,1386
831,1387
833,1388
836,1389
838,1389
840,1390
843,1391
845,1392
848,1393
850,1394
853,1395
856,1396
859,1397
861,1399
864,1400
867,1401
870,1402
873,1403
876,1404
879,1405
882,1406
885,1406
888,1407
892,1408
895,1409
898,1409
901,1410
905,1411
908,1412
912,1414
915,1415
919,1416
922,1418
925,1419
929,1421
933,1422
936,1424
940,1425
943,1426
947,1427
950,1428
954,1428
957,1429
960,1429
964,1429
967,1429
970,1428
973,1427
976,1426
979,1425
982,1423
985,1422
987,1420
990,1417
992,1415
995,1412
997,1410
1000,1407
1002,1404
1004,1401
1006,1397
1008,1394
1010,1391
1012,1388
1014,1385
1016,1382
1018,1379
1020,1377
1021,1374
1023,1372
1025,1370
1027,1369
1029,1367
1031,1366
1033,1365
1034,1363
1036,1362
1038,1361
1040,1360
1042,1358
1044,1357
1046,1355
1047,1353
1049,1351
1051,1349
1053,1347
1054,1345
1056,1343
1058,1340
1060,1337
1061,1335
1063,1332
1065,1329
1067,1326
1068,1323
1070,1320
1072,1317
1073,1314
1075,1311
1077,1308
1078,1305
1080,1302
1081,1300
1083,1297
1085,1294
1086,1292
1088,1290
1089,1288
1091,1286
1092,1284
1094,1283
1095,1281
1097,1280
1098,1279
1099,1278
1101,1277
1102,1276
1103,1275
1104,1274
1106,1273
1107,1272
1108,1271
1109,1271
1110,1270
1111,1269
1113,1268
1114,1267
1115,1266
1116,1265
1117,1264
1118,1263
1119,1262
1120,1261
1122,1260
1123,1260
1124,1259
1125,1258
1126,1258
1128,1257
1129,1257
1130,1256
1131,1256
1133,1256
1134,1256
1135,1255
1137,1256
1138,1256
1139,1256
1141,1257
1142,1257
1144,1258
1145,1259
1146,1259
1148,1260
1149,1261
1151,1262
1152,1263
1153,1264
1155,1265
1156,1266
1157,1267
1159,1268
1160,1269
1161,1270
1162,1270
1164,1270
1165,1271
1166,1271
1167,1270
1168,1270
1169,1270
1170,1269
1171,1269
1172,1268
1173,1267
1173,1266
1174,1265
1175,1264
1176,1263
1177,1262
1177,1261
1178,1260
1179,1259
1179,1258
1180,1257
1180,1256
1181,1255
1182,1254
1182,1253
1183,1252
1183,1251
1184,1250
1184,1250
1184,1249
1185,1248
1185,1248
1185,1247
1186,1247
1186,1246
1186,1245
1186,1244
1187,1244
1187,1243
1187,1242
1187,1241
1187,1240
1187,1238
1187,1237
1187,1235
1187,1234
1187,1232
1187,1230
1187,1228
1187,1226
1187,1224
1186,1222
1186,1219
1186,1217
1186,1214
1186,1212
1185,1210
1185,1207
1185,1205
1185,1203
1185,1201
1184,1199
1184,1197
1184,1195
1184,1194
1183,1193
1183,1191
1183,1190
1182,1189
1182,1188
1182,1187
1181,1186
1181,1185
1181,1184
1180,1184
1180,1183
1180,1183
1179,1182
1179,1182
1179,1182
1178,1182
1178,1182
1178,1182
1178,1182
1178,1182
1177,1183
1177,1184
1177,1184
1177,1185
1177,1187
1178,1188
1178,1189
1178,1190
1178,1191
1178,1191
1178,1192
1179,1193
1179,1193
1179,1193
1179,1193
1179,1192
1179,1192
1179,1191
1179,1189
1178,1188
1178,1186
1178,1184
1177,1182
1176,1179
1176,1176
1175,1173
1174,1170
1172,1167
1171,1163
1170,1160
1169,1156
1167,1153
1166,1149
1164,1146
1163,1143
1161,1140
1160,1138
1158,1135
1157,1133
1155,1131
1154,1129
1152,1128
1151,1126
1150,1125
1148,1124
1147,1123
1146,1122
1145,1121
1144,1120
1143,1119
1142,1118
1141,1117
1140,1116
1139,1114
1138,1113
1137,1111
1136,1110
1135,1108
1135,1107
1134,1105
1133,1103
1132,1102
1131,1100
1131,1099
1130,1097
1129,1096
1128,1095
1127,1094
1127,1092
1126,1091
1125,1090
1124,1089
1124,1088
1123,1087
1122,1086
1121,1085
1121,1083
1120,1082
1119,1081
1118,1080
1118,1079
1117,1078
1116,1077
1115,1076
1115,1074
1114,1073
1113,1072
1112,1070
1111,1069
1110,1067
1110,1066
1109,1064
1108,1062
1107,1061
1106,1059
1105,1058
1104,1056
1104,1055
1103,1053
1102,1052
1101,1051
1100,1049
1099,1048
1098,1047
1098,1046
1097,1045
1096,1044
1095,1043
1094,1042
1094,1042
1093,1041
1092,1041
1091,1040
1091,1040
1090,1040
1090,1040
1089,1040
1088,1040
1088,1040
1087,1040
1087,1041
1087,1041
1086,1041
1086,1041
1086,1042
1085,1042
1085,1042
1085,1043
1084,1043
1084,1043
1084,1043
1084,1043
1084,1043
1084,1043
1083,1043
1083,1043
1083,1043
1083,1043
1083,1042
1083,1042
1083,1041
1083,1040
1083,1040
1083,1039
1083,1038
1083,1037
1082,1036
1082,1035
1082,1033
1082,1032
1082,1031
1082,1030
1082,1028
1081,1027
1081,1025
1081,1024
1081,1022
1080,1021
1080,1019
1080,1017
1079,1015
1079,1012
1078,1010
1078,1008
1077,1005
1076,1003
1076,1001
1075,999
1075,996
1074,994
1073,992
1073,990
1072,988
1072,986
1071,985
1070,983
1070,982
1069,980
1069,979
1069,978
1068,978
1068,977
1067,977
1067,976
1067,976
1066,976
1066,976
1066,977
1065,977
1065,977
1065,977
1064,978
1064,978
1064,978
1063,979
1063,979
1063,979
1062,979
1062,979
1061,979
1061,979
1060,979
1060,978
1059,978
1058,977
1058,977
1057,976
1057,975
1056,975
1056,974
1055,973
1054,973
1054,972
1053,971
1053,971
1052,970
1052,969
1051,968
1050,968
1050,967
1049,966
1049,965
1048,965
1047,964
1047,963
1046,962
1045,962
1045,961
1044,960
1043,959
1043,959
1042,958
1041,957
1041,956
1040,955
1039,954
1038,953
1038,953
1037,952
1036,951
1036,950
1035,949
1034,948
1033,947
1033,947
1032,946
1031,945
1031,944
1030,943
1029,942
1029,941
1028,940
1027,939
1027,938
1026,937
1025,936
1025,935
1024,933
1024,932
1023,930
1022,929
1022,928
1022,926
1021,925
1021,924
1021,923
1020,922
1020,921
1020,921
1020,920
1020,920
1020,919
1021,919
1021,919
1021,919
1022,919
1022,919
1022,919
1023,919
1024,920
1024,920
1025,921
1026,922
1027,922
1028,923
1029,924
1029,925
1030,926
1031,927
1032,928
1033,929
1034,929
1035,930
1036,930
1037,931
1038,931
1039,931
1040,931
1041,930
1042,930
1043,929
1043,929
1044,928
1045,927
1046,927
1046,926
1047,925
1048,925
1049,924
1049,924
1050,923
1051,923
1051,922
1052,922
1052,922
1053,922
1053,922
1054,922
1054,922
1055,922
1055,923
1055,923
1056,924
1056,925
1056,926
1056,927
1057,928
1057,929
1057,930
1057,932
1057,933
1057,934
1057,936
1056,938
1056,939
1056,941
1056,943
1055,945
1055,947
1054,949
1054,951
1053,954
1053,956
1052,959
1052,961
1051,964
1050,967
1050,969
1049,972
1049,975
1048,978
1047,981
1047,983
1046,986
1045,989
1044,991
1044,993
1043,995
1042,997
1041,999
1040,1000
1038,1001
1037,1002
1036,1002
1034,1003
1033,1003
1031,1003
1030,1002
1028,1002
1026,1001
1024,1000
1022,999
1021,998
1019,997
1017,996
1014,995
1012,994
1010,992
1008,991
1006,990
1004,989
1002,988
1000,988
998,987
996,986
994,986
992,985
990,985
988,984
986,984
984,984
982,984
981,984
979,985
977,985
976,985
974,986
972,986
971,987
969,988
968,988
966,989
964,990
963,990
961,991
960,991
958,992
957,992
955,993
954,993
952,994
951,994
949,995
948,996
946,996
945,997
943,997
942,997
940,998
939,998
938,998
936,999
935,999
933,999
932,999
930,999
929,999
927,999
926,999
924,998
923,998
921,998
920,997
918,997
917,997
915,996
913,995
912,995
910,994
909,994
907,993
906,992
904,992
903,991
901,991
900,990
898,990
897,990
896,990
894,990
893,990
892,991
891,992
891,993
890,995
889,997
889,999
888,1001
888,1003
887,1006
887,1008
887,1011
886,1014
886,1016
886,1019
885,1022
885,1024
884,1027
884,1029
883,1031
883,1034
882,1036
881,1038
881,1039
880,1041
879,1043
878,1044
877,1045
876,1047
875,1048
874,1049
873,1050
871,1051
870,1052
869,1053
868,1053
866,1054
865,1055
864,1056
863,1057
861,1058
860,1060
859,1061
857,1062
856,1064
855,1066
854,1068
853,1070
852,1072
851,1074
850,1077
849,1079
848,1082
847,1085
846,1087
845,1090
844,1093
844,1096
843,1099
842,1102
841,1106
840,1109
839,1112
838,1115
837,1118
835,1120
834,1123
833,1125
831,1128
829,1129
828,1131
826,1132
824,1134
822,1134
819,1135
817,1135
815,1135
812,1135
809,1134
807,1134
804,1133
801,1132
798,1130
795,1129
792,1128
789,1126
787,1125
784,1123
781,1122
778,1120
775,1119
773,1118
770,1117
768,1116
765,1115
763,1114
760,1114
758,1114
756,1113
754,1113
752,1113
749,1113
747,1113
745,1114
743,1114
742,1115
740,1115
738,1116
736,1116
735,1117
733,1118
731,1119
730,1119
728,1120
727,1121
725,1122
724,1123
722,1125
721,1126
720,1127
719,1128
717,1129
716,1130
715,1132
714,1133
713,1134
712,1135
711,1137
710,1138
709,1139
708,1141
708,1142
707,1144
707,1145
706,1147
706,1149
705,1151
705,1153
705,1155
705,1157
705,1160
705,1162
705,1164
705,1167
705,1169
706,1172
706,1174
706,1176
706,1178
706,1180
706,1182
706,1184
706,1185
706,1187
705,1188
705,1189
704,1190
704,1191
703,1191
703,1191
702,1191
701,1191
700,1190
699,1189
698,1188
697,1187
695,1186
694,1184
693,1183
692,1181
690,1180
689,1178
688,1176
687,1175
686,1174
685,1172
685,1171
684,1170
684,1170
683,1169
683,1169
683,1168
683,1168
683,1168
683,1169
684,1169
684,1170
685,1170
685,1171
686,1171
687,1172
687,1173
688,1174
689,1175
690,1176
691,1177
692,1178
693,1179
694,1180
695,1181
696,1181
697,1182
698,1182
699,1182
700,1182
700,1181
701,1180
701,1180
702,1179
702,1177
703,1176
703,1175
703,1173
704,1172
704,1170
704,1169
705,1168
705,1166
706,1165
706,1164
707,1163
707,1162
708,1161
708,1160
709,1160
709,1159
710,1158
711,1158
711,1157
712,1157
712,1156
713,1155
713,1155
713,1154
713,1153
714,1152
714,1151
714,1150
714,1149
714,1148
714,1147
713,1145
713,1143
713,1141
712,1139
711,1136
710,1134
710,1131
709,1128
708,1125
706,1121
705,1118
704,1114
703,1111
701,1107
700,1104
699,1100
697,1097
696,1094
694,1091
693,1088
692,1086
691,1084
689,1082
688,1081
687,1080
686,1079
685,1078
684,1077
683,1077
682,1077
681,1077
679,1077
678,1077
676,1077
674,1077
673,1077
671,1078
669,1078
667,1079
664,1080
662,1081
660,1082
657,1083
655,1084
652,1086
649,1087
646,1089
643,1091
640,1092
637,1094
634,1096
630,1098
627,1101
624,1103
621,1105
618,1108
615,1110
612,1113
609,1116
606,1119
604,1122
602,1126
599,1129
598,1133
596,1137
595,1142
594,1146
593,1151
592,1155
592,1159
592,1164
591,1168
591,1172
592,1176
592,1180
592,1184
593,1187
593,1190
594,1194
595,1197
596,1200
597,1203
598,1206
600,1209
601,1211
603,1214
604,1216
606,1218
608,1220
610,1222
612,1224
614,1226
616,1228
619,1230
621,1232
623,1234
626,1236
629,1238
631,1240
634,1243
637,1245
640,1247
643,1249
646,1251
649,1254
652,1256
656,1258
659,1260
662,1262
666,1264
669,1266
673,1268
676,1269
680,1271
683,1272
687,1272
690,1273
694,1273
697,1273
700,1273
703,1273
706,1272
710,1271
713,1270
716,1269
719,1267
721,1266
724,1264
727,1262
730,1261
733,1259
735,1257
738,1255
740,1253
743,1252
745,1250
748,1248
750,1247
753,1245
755,1243
757,1241
759,1239
761,1237
763,1235
765,1233
767,1231
769,1229
770,1227
772,1225
774,1222
775,1220
777,1218
778,1215
780,1213
781,1211
782,1209
784,1207
785,1205
786,1202
787,1200
788,1198
789,1196
790,1194
791,1193
792,1191
793,1189
793,1187
794,1186
794,1185
795,1183
795,1182
795,1181
795,1180
795,1179
795,1179
795,1178
795,1178
794,1177
794,1177
793,1177
792,1177
791,1177
790,1177
789,1177
788,1177
787,1177
786,1177
784,1178
783,1178
781,1178
780,1179
778,1180
777,1180
775,1181
773,1181
771,1182
769,1182
766,1182
764,1183
761,1183
758,1183
755,1182
752,1182
749,1181
745,1180
742,1179
738,1178
734,1177
730,1175
725,1173
721,1171
716,1168
711,1166
707,1163
702,1161
697,1158
693,1155
688,1153
684,1150
679,1148
675,1145
671,1143
667,1140
663,1138
659,1135
655,1133
651,1130
647,1128
644,1125
641,1123
637,1120
634,1117
631,1114
627,1111
624,1108
621,1105
618,1102
615,1098
611,1095
608,1091
605,1087
602,1083
598,1079
595,1075
592,1071
588,1066
585,1062
581,1057
578,1053
574,1048
571,1043
567,1038
563,1034
560,1029
556,1024
553,1020
549,1016
546,1012
543,1008
540,1004
536,1000
534,997
531,994
528,991
525,989
523,986
521,985
519,983
517,981
515,980
513,979
512,978
510,978
509,977
508,976
507,976
506,975
505,975
504,975
504,974
503,973
503,973
502,972
502,970
501,969
501,967
500,966
500,963
499,961
498,959
498,956
497,954
497,951
496,948
495,946
495,943
494,940
494,938
494,935
494,933
494,930
494,928
494,926
494,924
495,922
495,921
496,919
497,917
498,916
500,915
501,914
503,913
505,912
507,911
509,911
511,910
513,910
516,910
519,910
521,910
524,911
528,911
531,912
534,913
538,914
541,915
545,917
548,918
552,919
556,921
560,923
564,925
568,926
572,928
576,930
580,932
584,933
587,935
591,936
595,937
599,937
602,938
606,938
609,938
613,938
616,938
620,937
623,937
627,937
630,936
633,935
637,935
640,934
643,934
647,933
650,933
654,932
657,932
661,932
664,932
668,932
671,932
675,932
678,932
682,933
685,933
689,933
692,934
695,934
699,934
702,935
705,935
709,936
712,937
715,937
718,938
721,938
724,939
727,940
730,940
733,940
736,940
739,941
742,941
745,941
748,941
751,942
754,942
756,943
759,944
762,944
765,945
768,946
770,947
773,948
776,949
779,951
781,952
784,953
787,955
789,957
792,958
794,960
797,963
799,965
802,968
804,971
806,974
809,977
811,980
813,984
815,987
817,991
819,994
821,998
823,1002
825,1006
827,1009
829,1013
831,1017
833,1021
835,1025
836,1029
838,1034
840,1038
842,1043
844,1047
846,1052
848,1056
850,1061
852,1066
854,1071
856,1076
858,1081
860,1085
862,1090
864,1095
866,1099
868,1104
870,1108
872,1113
874,1117
877,1121
879,1125
881,1129
883,1133
885,1136
887,1140
889,1143
891,1146
893,1149
895,1152
897,1155
899,1157
901,1159
903,1162
905,1164
907,1166
909,1168
911,1169
913,1171
915,1172
917,1174
920,1175
922,1176
924,1177
926,1179
929,1180
931,1181
933,1182
936,1183
938,1184
940,1184
943,1185
945,1186
947,1186
950,1186
952,1187
954,1187
957,1187
959,1187
961,1186
964,1186
966,1186
968,1186
970,1185
972,1184
975,1184
977,1183
979,1182
981,1182
983,1181
985,1180
987,1179
989,1178
991,1177
993,1176
995,1176
997,1175
999,1174
1001,1174
1004,1174
1006,1173
1008,1173
1010,1173
1012,1173
1014,1173
1016,1174
1018,1175
1021,1175
1023,1176
1025,1177
1028,1179
1030,1180
1032,1181
1034,1183
1037,1184
1039,1186
1042,1187
1044,1188
1046,1190
1049,1191
1051,1192
1054,1193
1056,1193
1059,1194
1061,1194
1064,1195
1066,1195
1069,1194
1071,1194
1074,1193
1076,1192
1079,1191
1082,1189
1084,1187
1087,1185
1090,1183
1092,1181
1095,1178
1097,1176
1100,1173
1103,1170
1106,1167
1108,1164
1111,1161
1114,1158
1116,1154
1119,1151
1122,1149
1125,1146
1128,1143
1130,1140
1133,1137
1136,1135
1139,1132
1142,1129
1145,1127
1148,1125
1151,1122
1154,1120
1157,1117
1160,1115
1163,1113
1166,1111
1169,1108
1172,1106
1175,1104
1178,1101
1181,1099
1184,1096
1188,1094
1191,1091
1194,1088
1197,1085
1200,1082
1203,1079
1206,1076
1210,1072
1213,1069
1216,1065
1219,1062
1222,1058
1225,1055
1228,1051
1232,1047
1235,1043
1238,1040
1241,1036
1244,1032
1247,1028
1250,1025
1253,1021
1256,1017
1259,1013
1262,1010
1265,1006
1268,1002
1271,999
1273,995
1276,992
1279,988
1281,985
1284,982
1286,978
1289,975
1291,973
1294,970
1296,968
1298,965
1301,963
1303,961
1305,960
1307,958
1309,956
1311,954
1313,952
1315,950
1317,948
1319,946
1321,944
1323,941
1325,939
1327,936
1329,933
1332,929
1334,926
1336,922
1338,918
1340,914
1342,909
1345,904
1347,899
1349,893
1352,888
1354,882
1356,876
1359,870
1361,864
1363,858
1366,852
1368,846
1370,840
1373,835
1375,830
1377,825
1379,821
1382,817
1384,814
1386,811
1388,810
1390,809
1392,809
1394,809
1395,810
1397,812
1399,814
1400,816
1402,819
1403,822
1405,824
1406,826
1407,829
1408,830
1410,832
1411,832
1412,832
1413,832
1414,830
1415,828
1416,826
1416,822
1417,817
1418,812
1419,806
1419,800
1420,793
1420,785
1421,777
1421,769
1421,760
1422,751
1422,743
1422,734
1422,726
1422,718
1421,711
1421,704
1421,698
1420,692
1420,687
1419,683
1418,680
1417,677
1416,674
1415,672
1414,670
1413,668
1411,667
1410,665
1408,664
1406,662
1405,660
1403,658
1401,655
1399,653
1397,649
1395,646
1393,642
1390,639
1388,635
1386,631
1383,627
1381,624
1379,620
1376,617
1374,614
1372,611
1370,608
1367,606
1365,603
1363,601
1361,599
1359,597
1357,595
1355,594
1353,592
1352,590
1350,589
1348,588
1347,587
1346,587
1344,586
1343,586
1342,586
1341,586
1340,587
1339,587
1338,587
1338,588
1337,588
1337,588
1336,588
1336,587
1335,587
1335,586
1335,585
1335,583
1335,581
1335,579
1335,577
1336,574
1336,572
1336,568
1337,565
1338,562
1338,558
1339,554
1340,550
1341,545
1342,541
1342,536
1343,531
1344,526
1345,521
1347,516
1348,511
1349,507
1350,503
1351,499
1352,496
1353,494
1354,492
1355,490
1356,490
1357,489
1358,490
1359,490
1360,492
1361,494
1362,496
1363,498
1364,500
1364,503
1365,506
1366,508
1367,511
1368,514
1368,516
1369,519
1370,521
1370,523
1371,526
1372,528
1373,530
1373,532
1374,534
1375,536
1375,538
1376,540
1377,542
1377,544
1378,545
1379,547
1380,549
1380,551
1381,553
1382,554
1383,556
1384,558
1384,560
1385,563
1386,565
1387,567
1388,570
1389,572
1390,575
1391,577
1392,580
1393,583
1394,585
1395,588
1396,591
1397,593
1398,596
1399,599
1400,602
1401,605
1402,608
1404,611
1405,615
1406,618
1407,621
1408,624
1410,628
1411,631
1412,634
1414,637
1415,640
1416,644
1418,647
1419,650
1420,652
1422,655
1423,658
1425,661
1426,663
1428,666
1429,668
1431,670
1432,672
1434,674
1436,676
1437,678
1439,680
1440,682
1442,684
1444,685
1445,687
1447,689
1449,691
1450,693
1452,695
1454,697
1456,700
1457,702
1459,705
1461,708
1463,711
1464,714
1466,717
1468,721
1470,724
1472,728
1474,731
1475,735
1477,738
1479,742
1481,745
1483,749
1485,752
1487,755
1489,758
1491,762
1493,765
1496,768
1498,770
1500,773
1502,776
1505,778
1507,781
1509,783
1512,786
1514,788
1517,790
1519,792
1522,794
1524,797
1527,799
1530,801
1532,803
1535,806
1538,808
1541,810
1544,813
1546,815
1549,817
1552,820
1555,822
1558,824
1561,827
1564,829
1567,831
1570,834
1573,836
1576,838
1579,841
1582,843
1585,845
1588,847
1591,850
1594,852
1597,854
1600,856
1603,857
1606,859
1609,861
1612,863
1615,864
1619,866
1622,867
1625,869
1628,870
1631,872
1634,873
1637,875
1641,876
1644,878
1647,880
1650,882
1653,884
1656,886
1659,888
1662,890
1665,892
1668,894
1671,896
1674,898
1677,900
1680,902
1682,904
1685,906
1688,908
1691,910
1694,912
1697,913
1699,915
1702,917
1705,918
1708,920
1710,921
1713,922
1715,923
1718,925
1720,926
1723,927
1725,928
1728,929
1730,930
1732,931
1734,932
1736,933
1738,935
1739,936
1741,938
1743,939
1744,940
1746,942
1747,943
1748,945
1750,946
1751,947
1752,949
1753,950
1754,951
1755,952
1756,953
1757,955
1758,956
1759,957
1760,958
1760,959
1761,960
1762,961
1762,962
1763,964
1763,965
1764,966
1764,968
1765,969
1765,971
1765,972
1765,973
1766,975
1766,976
1766,977
1766,979
1766,980
1766,981
1767,982
1767,983
1767,983
1767,984
1767,985
1767,985
1767,986
1767,986
1767,986
1768,987
1768,987
1768,987
1768,988
1767,988
1767,988
1767,989
1767,989
1767,990
1766,991
1766,991
1766,993
1765,994
1765,995
1764,996
1763,998
1763,999
1762,1001
1761,1003
1760,1004
1759,1006
1758,1008
1757,1009
1756,1011
1755,1013
1754,1014
1753,1015
1752,1017
1751,1018
1751,1018
1750,1019
1749,1019
1748,1020
1747,1020
1746,1020
1745,1020
1745,1020
1744,1019
1743,1019
1742,1019
1741,1018
1740,1018
1740,1017
1739,1016
1738,1016
1737,1015
1736,1015
1735,1014
1735,1013
1734,1013
1733,1012
1732,1012
1731,1011
1730,1011
1729,1010
1728,1010
1728,1010
1727,1009
1726,1009
1725,1009
1724,1009
1724,1008
1723,1008
1722,1008
1721,1008
1721,1008
1720,1008
1719,1008
1719,1008
1718,1008
1718,1008
1717,1008
1716,1008
1716,1008
1716,1008
1715,1007
1715,1007
1714,1007
1714,1006
1714,1006
1713,1006
1713,1005
1713,1005
1712,1005
1712,1004
1712,1004
1711,1004
1711,1004
1711,1004
1710,1003
1710,1003
1710,1003
1709,1003
1709,1003
1709,1003
1708,1003
1708,1003
1708,1003
1708,1003
1707,1003
1707,1003
1707,1003
1707,1004
1707,1004
1706,1004
1706,1004
1706,1004
1706,1005
1706,1005
1706,1005
1706,1005
1706,1005
1706,1005
1706,1005
1706,1005
1706,1006
1706,1006
1706,1006
1706,1006
1706,1006
1706,1006
1706,1006
1706,1006
1706,1006
1706,1007
1706,1007
1706,1007
1706,1007
1706,1008
1706,1008
1705,1009
1705,1010
1705,1010
1705,1011
1704,1012
1704,1013
1704,1013
1703,1014
1703,1015
1703,1016
1702,1016
1702,1017
1702,1017
1701,1018
1701,1018
1701,1019
1700,1019
1700,1019
1699,1020
1699,1020
1699,1020
1698,1020
1698,1021
1697,1021
1696,1022
1696,1022
1695,1023
1694,1023
1694,1024
1693,1024
1692,1025
1691,1026
1690,1026
1689,1027
1689,1028
1688,1028
1687,1029
1686,1029
1685,1030
1684,1031
1683,1031
1682,1032
1681,1032
1679,1032
1678,1033
1677,1033
1676,1033
1675,1033
1674,1033
1673,1033
1672,1033
1671,1032
1670,1032
1669,1031
1668,1031
1667,1030
1666,1030
1664,1029
1663,1029
1662,1029
1661,1028
1660,1028
1659,1028
1657,1028
1656,1027
1655,1027
1654,1027
1652,1027
1651,1027
1650,1027
1649,1027
1647,1027
1646,1027
1645,1026
1643,1026
1642,1026
1641,1026
1640,1026
1638,1026
1637,1025
1636,1025
1635,1025
1633,1025
1632,1025
1631,1025
1629,1025
1628,1024
1627,1025
1625,1025
1624,1025
1623,1025
1621,1025
1620,1025
1619,1025
1617,1026
1616,1026
1615,1026
1613,1027
1612,1027
1611,1028
1609,1028
1608,1029
1607,1029
1605,1029
1604,1030
1603,1030
1602,1030
1601,1030
1599,1030
1598,1030
1597,1029
1596,1029
1595,1028
1594,1027
1593,1027
1592,1026
1591,1025
1590,1024
1589,1023
1588,1022
1587,1021
1586,1021
1585,1020
1584,1020
1583,1020
1582,1020
1581,1021
1580,1022
1579,1023
1578,1025
1577,1027
1575,1029
1574,1032
1573,1035
1572,1038
1571,1042
1569,1046
1568,1050
1567,1054
1566,1059
1565,1063
1563,1068
1562,1072
1561,1076
1560,1080
1559,1084
1558,1087
1557,1090
1555,1093
1554,1094
1553,1096
1552,1096
1551,1096
1550,1096
1549,1095
1548,1093
1547,1090
1546,1087
1545,1084
1544,1080
1543,1076
1542,1072
1541,1067
1540,1062
1539,1057
1538,1053
1537,1048
1535,1043
1534,1038
1533,1034
1532,1029
1531,1025
1529,1021
1528,1018
1527,1014
1526,1011
1525,1009
1523,1006
1522,1004
1521,1002
1520,1000
1519,998
1518,997
1517,996
1516,995
1515,994
1513,993
1512,993
1511,992
1510,991
1509,991
1508,990
1507,990
1506,989
1505,989
1504,988
1503,987
1502,987
1501,986
1500,986
1499,986
1498,985
1496,985
1495,985
1494,985
1493,985
1492,985
1490,985
1489,985
1488,986
1486,986
1485,987
1483,987
1482,988
1480,989
1479,989
1477,990
1476,991
1474,992
1472,993
1471,994
1469,995
1467,996
1466,997
1464,998
1462,999
1461,1000
1459,1002
1457,1003
1455,1005
1454,1006
1452,1008
1450,1010
1449,1012
1447,1015
1445,1017
1443,1020
1442,1023
1440,1026
1439,1029
1437,1033
1435,1036
1434,1039
1432,1042
1431,1045
1429,1048
1428,1050
1426,1052
1424,1054
1423,1055
1421,1055
1420,1055
1419,1055
1417,1054
1416,1053
1414,1051
1413,1049
1411,1047
1410,1045
1409,1043
1407,1041
1406,1039
1404,1037
1403,1035
1402,1033
1400,1032
1399,1031
1397,1030
1396,1030
1395,1030
1393,1030
1392,1030
1390,1031
1389,1032
1387,1034
1385,1035
1384,1037
1382,1038
1380,1040
1379,1041
1377,1043
1375,1044
1373,1045
1372,1045
1370,1046
1368,1045
1366,1045
1365,1044
1363,1042
1361,1041
1359,1038
1358,1036
1356,1033
1355,1031
1353,1028
1352,1025
1350,1022
1349,1019
1347,1017
1346,1014
1345,1012
1343,1010
1342,1008
1341,1007
1340,1005
1339,1004
1337,1003
1336,1002
1335,1001
1334,1001
1333,1000
1331,999
1330,998
1329,997
1327,996
1326,995
1325,994
1323,993
1322,992
1320,991
1319,989
1317,988
1316,987
1314,986
1312,984
1311,983
1309,982
1307,981
1306,980
1304,979
1302,978
1300,977
1299,976
1297,976
1295,975
1293,974
1292,974
1290,973
1288,973
1287,973
1285,972
1283,972
1282,971
1280,971
1278,971
1277,970
1275,969
1273,969
1272,968
1270,967
1269,966
1267,965
1266,964
1264,964
1263,963
1262,961
1260,960
1259,959
1257,958
1256,957
1255,956
1253,955
1252,954
1250,953
1249,952
1248,951
1246,950
1245,949
1244,948
1242,948
1241,947
1240,947
1238,947
1237,947
1236,948
1234,948
1233,949
1232,950
1231,951
1230,953
1229,954
1227,956
1226,957
1225,959
1224,960
1223,961
1222,963
1221,964
1219,964
1218,965
1217,965
1216,965
1214,965
1213,965
1211,964
1210,963
1208,961
1207,960
1205,958
1203,956
1202,954
1200,952
1198,951
1197,949
1195,947
1193,945
1192,944
1190,942
1189,941
1187,940
1186,939
1184,939
1183,938
1181,938
1180,937
1178,937
1177,937
1175,937
1174,937
1172,936
1170,936
1169,936
1167,935
1165,935
1163,934
1162,933
1160,932
1158,930
1155,928
1153,926
1151,924
1149,922
1146,920
1144,917
1142,915
1139,913
1137,911
1134,909
1132,907
1129,905
1127,904
1125,904
1122,903
1120,904
1118,905
1116,906
1114,908
1112,910
1110,913
1109,916
1107,919
1105,922
1104,926
1102,929
1100,932
1098,935
1096,937
1094,940
1092,942
1090,944
1088,945
1085,947
1083,947
1080,948
1078,948
1075,947
1072,946
1070,945
1067,943
1064,941
1061,939
1057,937
1054,934
1051,931
1048,928
1045,924
1041,921
1038,918
1035,915
1032,912
1028,909
1025,907
1022,905
1019,903
1016,901
1013,899
1011,898
1008,898
1005,897
1002,897
1000,896
997,896
994,896
992,896
989,896
986,896
983,896
981,896
978,896
975,895
972,895
969,895
966,894
963,894
960,894
957,894
954,893
950,893
947,893
944,892
940,892
937,892
933,892
930,892
927,892
923,892
920,893
917,894
914,895
910,896
907,897
904,899
900,900
897,902
893,904
889,905
886,907
882,908
878,910
874,911
870,912
866,913
862,914
857,914
853,914
848,915
843,914
839,914
834,913
829,912
824,911
818,909
813,907
808,905
803,903
797,900
792,898
787,895
781,892
776,889
771,886
765,883
760,880
755,878
750,875
745,872
741,870
736,868
732,866
727,864
723,862
719,861
715,859
711,858
707,857
704,856
700,854
697,854
694,853
691,852
689,851
687,850
685,850
683,850
682,849
681,849
680,849
679,849
679,849
