2169,402
2168,402
2168,403
2168,403
2167,403
2166,404
2166,404
2165,405
2164,405
2163,405
2162,406
2161,406
2160,406
2159,406
2158,406
2157,406
2156,406
2155,406
2154,406
2153,406
2152,405
2151,405
2150,405
2149,405
2148,405
2147,405
2146,406
2145,406
2144,407
2143,407
2142,408
2140,409
2139,409
2138,410
2137,411
2136,412
2135,413
2133,415
2132,416
2131,417
2130,418
2129,420
2127,421
2126,423
2125,424
2124,426
2123,427
2122,429
2120,431
2119,434
2118,436
2116,439
2115,442
2113,446
2111,450
2109,455
2107,459
2104,465
2102,471
2099,477
2097,483
2094,489
2091,496
2088,503
2086,509
2083,516
2080,522
2078,527
2076,532
2073,537
2072,541
2070,544
2069,546
2068,547
2067,547
2067,547
2067,546
2067,544
2067,541
2068,537
2069,533
2071,528
2072,522
2074,517
2076,511
2078,504
2080,498
2082,492
2084,486
2086,480
2088,474
2090,469
2092,464
2094,460
2096,456
2097,452
2099,449
2100,447
2101,445
2103,443
2104,442
2105,441
2106,441
2107,441
2107,441
2108,442
2109,442
2110,443
2110,445
2111,446
2111,448
2112,450
2112,453
2112,456
2112,459
2112,462
2112,466
2112,470
2112,474
2112,478
2111,482
2111,487
2111,491
2111,495
2111,499
2111,502
2111,505
2112,508
2112,511
2113,513
2114,514
2115,516
2117,516
2118,517
2120,517
2122,516
2124,516
2126,514
2129,513
2131,511
2134,509
2136,507
2139,504
2142,502
2145,499
2147,497
2150,495
2153,493
2155,491
2158,489
2160,488
2162,487
2164,486
2166,486
2168,486
2169,486
2170,487
2172,488
2173,489
2174,491
2175,492
2176,494
2177,495
2178,497
2179,498
2179,500
2180,502
2181,503
2182,505
2183,507
2184,508
2184,510
2185,511
2186,513
2187,514
2187,516
2188,517
2189,518
2190,520
2190,521
2191,521
2192,522
2193,523
2194,523
2195,523
2195,523
2196,523
2197,523
2198,523
2199,523
2199,522
2200,522
2201,522
2201,521
2202,521
2202,521
2202,521
2203,520
2203,520
2203,520
2203,520
2203,520
2203,520
2202,520
2202,521
2202,521
2202,521
2201,521
2201,521
2200,521
2199,522
2199,522
2198,523
2197,523
2196,524
2195,524
2194,525
2193,525
2192,525
2191,526
2190,526
2189,527
2188,527
2187,527
2186,527
2185,527
2184,528
2182,528
2181,528
2180,528
2178,529
2177,529
2175,530
2174,530
2172,531
2171,532
2169,533
2167,534
2165,536
2162,538
2160,541
2157,544
2155,547
2152,550
2149,554
2146,557
2143,561
2140,565
2137,569
2133,573
2130,576
2127,580
2124,583
2120,586
2117,589
2114,592
2112,594
2109,596
2106,597
2104,598
2102,598
2100,598
2098,597
2096,596
2095,595
2093,593
2092,591
2091,588
2090,585
2089,582
2089,579
2088,576
2088,573
2087,569
2086,566
2086,563
2085,560
2085,557
2084,555
2083,553
2082,551
2081,550
2080,549
2079,548
2078,547
2076,547
2075,547
2073,547
2071,547
2070,548
2068,548
2066,549
2064,549
2062,550
2061,551
2059,552
2057,553
2055,554
2053,555
2051,556
2049,557
2047,558
2045,559
2043,560
2042,561
2040,563
2038,564
2036,565
2034,566
2032,567
2031,568
2029,568
2027,569
2026,570
2024,570
2023,571
2021,571
2020,571
2018,571
2017,571
2015,571
2014,571
2012,571
2011,571
2009,571
2008,571
2006,571
2005,571
2003,570
2001,570
2000,571
1998,571
1996,571
1994,571
1992,572
1991,573
1989,573
1987,574
1984,575
1982,576
1980,577
1978,578
1976,579
1974,580
1971,582
1969,583
1967,585
1964,586
1962,588
1959,590
1957,591
1954,593
1952,594
1949,596
1947,597
1945,598
1942,599
1940,600
1938,601
1936,601
1934,602
1932,602
1930,602
1928,603
1926,603
1924,603
1922,604
1920,604
1918,604
1917,604
1915,605
1913,605
1911,605
1910,605
1908,605
1906,605
1904,605
1903,605
1901,605
1899,605
1898,606
1896,606
1894,606
1892,607
1890,608
1889,609
1887,611
1885,612
1883,613
1880,615
1878,617
1876,618
1874,620
1872,621
1870,623
1868,624
1866,626
1864,627
1862,628
1860,629
1858,630
1856,631
1854,632
1852,633
1850,633
1849,633
1847,634
1845,634
1843,634
1841,634
1839,633
1837,633
1835,633
1833,632
1831,632
1829,631
1827,630
1825,630
1824,629
1822,628
1820,628
1818,627
1816,626
1814,626
1812,625
1810,624
1809,624
1807,623
1805,622
1804,621
1803,619
1801,618
1800,616
1799,614
1799,611
1798,609
1797,607
1796,605
1796,603
1795,601
1794,599
1794,598
1793,597
1792,597
1791,597
1791,597
1790,598
1789,599
1788,600
1787,602
1786,604
1784,606
1783,608
1782,611
1780,613
1779,616
1777,619
1775,621
1774,624
1772,626
1770,628
1768,630
1766,632
1765,633
1763,634
1761,635
1759,635
1758,635
1756,635
1754,634
1752,634
1751,633
1749,633
1747,632
1745,632
1744,632
1742,632
1740,633
1738,634
1736,635
1734,637
1731,640
1729,643
1727,646
1724,650
1722,654
1719,659
1717,664
1714,668
1711,673
1709,678
1706,683
1704,687
1701,691
1699,695
1697,698
1695,701
1692,704
1690,706
1688,708
1686,709
1684,710
1682,711
1680,711
1679,711
1677,711
1675,710
1674,709
1673,708
1671,706
1670,704
1668,702
1667,699
1666,697
1665,694
1664,692
1662,689
1661,687
1660,684
1659,682
1658,680
1656,677
1655,675
1654,673
1653,671
1651,669
1650,668
1648,666
1647,665
1646,664
1644,663
1643,662
1641,662
1640,661
1638,661
1636,661
1635,662
1633,662
1632,663
1630,663
1628,664
1627,665
1625,666
1623,668
1622,669
1620,670
1618,672
1616,673
1615,674
1613,675
1611,676
1610,677
1608,678
1606,679
1605,679
1603,680
1602,680
1600,680
1599,680
1597,680
1595,680
1594,680
1592,680
1591,679
1589,679
1588,679
1586,680
1585,680
1583,680
1581,680
1580,680
1578,681
1577,681
1575,681
1574,682
1572,682
1571,683
1569,684
1567,685
1566,686
1564,687
1562,688
1561,690
1559,691
1557,693
1555,695
1554,696
1552,698
1550,700
1548,702
1546,703
1544,705
1542,707
1540,709
1538,712
1537,714
1535,717
1533,719
1531,722
1529,724
1528,727
1526,729
1524,731
1523,733
1521,735
1520,737
1518,738
1517,739
1516,739
1515,739
1514,739
1512,738
1511,737
1510,736
1509,734
1508,732
1507,730
1506,728
1505,726
1504,723
1503,720
1502,718
1500,715
1499,712
1498,710
1497,707
1495,705
1494,703
1492,701
1491,699
1489,697
1487,695
1486,694
1484,693
1483,692
1481,692
1480,692
1478,692
1476,692
1475,693
1473,693
1472,695
1470,696
1469,698
1467,699
1466,702
1465,704
1463,708
1462,711
1460,715
1459,720
1458,725
1456,730
1455,736
1453,743
1452,750
1451,757
1449,764
1448,771
1447,778
1445,785
1444,791
1443,797
1441,803
1440,807
1439,811
1437,815
1436,817
1435,818
1434,819
1433,819
1431,817
1430,815
1429,812
1428,808
1427,804
1426,799
1425,794
1423,788
1422,782
1421,775
1420,769
1419,762
1418,756
1416,749
1415,743
1414,737
1413,731
1412,725
1410,721
1409,716
1408,712
1407,708
1405,705
1404,702
1403,699
1402,697
1400,695
1399,693
1398,691
1397,689
1396,687
1394,685
1393,683
1392,681
1391,679
1389,677
1388,675
1387,673
1385,671
1384,668
1383,666
1382,664
1380,662
1379,661
1378,659
1376,657
1375,656
1374,654
1373,653
1371,652
1370,651
1369,650
1367,649
1366,648
1365,647
1364,646
1362,645
1361,644
1360,643
1358,642
1357,641
1356,640
1355,639
1353,638
1352,637
1351,636
1349,635
1348,634
1347,633
1346,632
1344,631
1343,630
1342,629
1341,628
1339,627
1338,626
1337,625
1336,624
1335,623
1334,622
1332,621
1331,619
1330,618
1329,617
1328,616
1327,614
1326,613
1325,611
1324,610
1323,608
1322,607
1321,605
1320,604
1319,602
1319,600
1318,599
1317,597
1316,596
1315,594
1315,593
1314,591
1313,590
1313,588
1312,586
1311,585
1311,583
1310,582
1309,580
1309,579
1308,577
1308,576
1307,574
1306,573
1306,571
1305,570
1304,568
1304,567
1303,566
1303,564
1302,563
1301,562
1301,560
1300,559
1300,557
1299,556
1298,554
1298,552
1297,551
1296,549
1296,547
1295,545
1294,544
1294,542
1293,541
1292,539
1292,537
1291,536
1291,534
1290,532
1290,531
1289,529
1288,527
1288,525
1288,524
1287,522
1287,520
1286,518
1286,516
1286,514
1285,512
1285,509
1285,507
1285,505
1285,503
1284,501
1284,500
1284,498
1284,496
1285,495
1285,493
1285,492
1285,490
1285,489
1285,488
1286,487
1286,486
1286,485
1287,485
1287,484
1287,484
1288,483
1288,483
1289,483
1289,484
1290,484
1290,485
1291,486
1291,486
1292,487
1292,488
1293,489
1293,490
1294,491
1295,492
1295,493
1296,494
1297,495
1297,497
1298,498
1299,500
1299,501
1300,502
1301,503
1302,504
1302,504
1303,504
1304,504
1305,504
1305,503
1306,502
1307,501
1308,500
1309,498
1309,496
1310,494
1311,491
1312,489
1312,486
1313,484
1314,481
1315,479
1315,476
1316,474
1317,472
1317,470
1318,468
1318,466
1319,465
1320,464
1320,463
1321,462
1321,462
1322,462
1322,462
1322,462
1323,462
1323,463
1324,464
1324,465
1324,466
1324,468
1325,469
1325,470
1325,471
1325,472
1325,473
1325,474
1325,474
1325,474
1325,475
1324,475
1324,475
1324,475
1323,475
1323,476
1323,476
1322,476
1322,477
1321,478
1321,479
1320,480
1320,481
1319,482
1319,484
1318,486
1317,488
1317,490
1316,492
1315,494
1315,497
1314,500
1313,503
1312,506
1312,509
1311,513
1310,516
1309,519
1309,522
1308,525
1307,528
1306,531
1305,534
1304,536
1303,539
1302,541
1302,543
1301,545
1300,547
1299,548
1298,550
1297,551
1296,552
1294,552
1293,553
1292,553
1291,553
1290,554
1289,554
1288,554
1286,554
1285,555
1284,555
1283,556
1282,557
1280,558
1279,559
1278,560
1277,561
1275,563
1274,564
1273,565
1272,567
1270,569
1269,570
1268,572
1266,573
1265,575
1264,576
1262,576
1261,577
1260,577
1258,577
1257,577
1255,576
1254,576
1252,575
1251,574
1249,573
1248,572
1246,571
1245,570
1243,568
1242,567
1240,566
1239,565
1237,564
1236,563
1235,563
1233,563
1232,563
1230,563
1229,564
1228,566
1227,568
1225,570
1224,573
1223,577
1222,580
1221,584
1220,588
1219,593
1218,597
1217,602
1216,606
1216,610
1215,614
1214,618
1213,622
1212,626
1211,629
1211,632
1210,635
1209,637
1208,639
1207,640
1206,642
1206,643
1205,643
1204,643
1203,644
1202,643
1201,643
1201,643
1200,642
1199,641
1198,641
1198,640
1197,639
1196,639
1196,638
1195,638
1195,639
1194,640
1194,641
1193,643
1193,645
1193,648
1193,651
1193,655
1193,659
1193,663
1193,667
1194,672
1194,676
1194,680
1195,685
1196,689
1196,693
1197,697
1198,701
1199,705
1200,709
1201,713
1202,717
1204,721
1205,725
1207,729
1208,733
1210,737
1211,741
1213,746
1215,750
1217,754
1219,759
1221,764
1224,769
1226,773
1228,778
1231,784
1234,789
1236,794
1239,799
1242,804
1245,808
1249,813
1252,817
1256,821
1260,825
1263,828
1267,831
1272,833
1276,835
1280,836
1285,837
1289,837
1294,836
1299,835
1303,834
1308,832
1313,830
1318,828
1323,826
1328,824
1333,822
1338,820
1343,818
1348,817
1353,816
1357,815
1362,814
1367,814
1371,814
1375,814
1380,815
1384,816
1388,817
1392,819
1396,821
1399,823
1403,825
1406,828
1409,830
1413,833
1416,835
1419,838
1422,840
1424,843
1427,845
1430,848
1432,850
1435,853
1437,856
1439,858
1442,861
1444,863
1446,866
1448,869
1450,871
1452,874
1454,877
1456,880
1458,884
1460,887
1462,891
1463,895
1465,899
1467,904
1468,908
1470,913
1472,917
1473,922
1475,927
1477,931
1479,936
1481,940
1483,944
1485,948
1488,952
1490,955
1493,958
1496,961
1499,964
1502,966
1505,967
1509,968
1513,969
1516,970
1520,970
1524,969
1528,969
1532,968
1536,966
1540,965
1544,963
1548,961
1552,959
1556,957
1559,955
1562,953
1566,951
1568,949
1571,947
1573,945
1575,944
1576,943
1578,941
1579,940
1579,940
1579,939
1579,938
1579,938
1578,938
1577,937
1576,937
1575,937
1573,938
1571,938
1569,938
1567,939
1565,940
1563,940
1560,941
1558,942
1555,943
1553,945
1550,946
1547,947
1544,948
1541,949
1538,950
1535,951
1531,952
1528,953
1524,953
1521,953
1517,953
1514,953
1510,952
1506,952
1502,951
1498,950
1494,949
1489,947
1485,945
1481,943
1476,941
1471,938
1467,936
1462,933
1457,929
1452,926
1448,923
1443,920
1438,916
1433,913
1428,910
1423,906
1418,903
1413,899
1408,895
1403,892
1399,888
1394,884
1389,880
1384,876
1379,872
1374,868
1370,863
1365,858
1360,853
1355,848
1351,842
1346,836
1341,830
1337,823
1332,816
1327,810
1323,803
1318,796
1314,789
1310,782
1305,775
1301,769
1297,763
1293,757
1290,751
1286,746
1282,741
1279,736
1275,732
1272,728
1269,724
1266,721
1263,718
1260,716
1257,713
1254,711
1251,709
1248,707
1246,705
1243,702
1240,700
1237,697
1234,693
1231,689
1228,685
1225,681
1222,676
1218,670
1215,664
1212,657
1208,650
1205,643
1201,635
1198,627
1194,618
1190,610
1187,601
1183,592
1180,583
1176,575
1173,566
1169,558
1166,551
1163,543
1160,536
1157,530
1154,523
1151,517
1148,511
1146,506
1143,500
1141,496
1138,491
1136,487
1134,484
1132,481
1130,478
1129,476
1127,475
1126,473
1124,473
1123,472
1122,472
1121,473
1120,474
1119,475
1118,476
1117,478
1117,479
1116,480
1115,481
1114,482
1114,482
1113,482
1112,481
1111,480
1110,479
1109,476
1108,474
1107,471
1106,467
1104,463
1103,459
1102,454
1100,449
1098,444
1097,439
1095,434
1094,429
1092,423
1090,418
1089,413
1087,408
1086,402
1084,397
1083,393
1082,388
1081,384
1080,381
1079,377
1079,374
1078,372
1078,369
1077,367
1077,365
1077,363
1077,361
1077,359
1076,357
1076,355
1076,353
1076,351
1076,348
1075,345
1075,342
1074,339
1074,336
1073,333
1073,330
1072,327
1072,325
1071,322
1070,320
1070,319
1069,317
1069,316
1068,315
1068,314
1067,313
1067,313
1067,312
1066,311
1066,311
1066,309
1066,308
1066,307
1066,305
1066,303
1066,300
1066,298
1066,295
1066,293
1066,290
1066,287
1066,283
1066,280
1066,277
1066,274
1065,270
1065,267
1065,264
1065,261
1065,258
1065,255
1065,252
1064,250
1064,248
1064,247
1064,246
1064,245
1064,245
1064,245
1064,245
1064,246
1064,247
1065,249
1065,251
1065,253
1066,256
1066,259
1066,263
1067,266
1067,270
1068,273
1068,277
1069,280
1069,283
1070,287
1070,290
1070,293
1071,296
1071,299
1072,302
1072,306
1072,309
1073,312
1073,315
1073,318
1074,321
1074,324
1074,327
1074,329
1074,332
1074,334
1074,337
1074,339
1074,341
1074,343
1074,344
1074,346
1074,348
1073,350
1073,352
1073,354
1073,356
1072,358
1072,361
1072,364
1072,367
1072,371
1071,374
1071,377
1071,381
1071,384
1071,388
1071,391
1070,394
1070,397
1070,399
1069,402
1069,404
1069,406
1068,408
1068,409
1067,411
1067,412
1066,413
1066,413
1065,414
1064,414
1063,413
1063,412
1062,411
1061,410
1060,408
1059,406
1058,404
1057,402
1056,400
1055,398
1054,396
1053,395
1052,393
1052,392
1051,392
1050,391
1049,392
1049,392
1048,393
1048,395
1047,396
1047,398
1047,400
1046,401
1046,403
1045,405
1045,407
1044,409
1044,411
1043,413
1043,415
1042,417
1042,419
1041,421
1041,423
1040,425
1040,426
1039,428
1039,430
1038,431
1038,433
1037,435
1036,436
1036,437
1035,439
1034,440
1034,441
1033,442
1032,444
1032,445
1031,446
1030,447
1030,448
1029,449
1028,450
1027,451
1026,451
1026,452
1025,453
1024,454
1023,454
1022,455
1022,455
1021,455
1020,455
1019,456
1018,456
1018,456
1017,456
1016,456
1015,456
1015,456
1014,457
1013,457
1013,458
1012,458
1011,459
1011,459
1010,460
1010,461
1009,462
1009,463
1008,464
1008,465
1007,466
1007,467
1007,469
1006,470
1006,471
1005,473
1005,475
1005,476
1004,478
1004,480
1004,482
1003,484
1003,486
1003,488
1002,490
1002,492
1002,495
1001,497
1001,499
1001,501
1000,504
1000,506
1000,508
999,510
999,512
999,514
998,516
998,518
998,520
998,522
997,524
997,526
997,528
996,529
996,531
996,533
996,534
996,536
996,538
996,539
996,541
996,542
996,544
996,545
996,547
996,548
996,550
996,552
997,553
997,555
998,557
998,559
999,561
999,564
1000,566
1001,568
1002,571
1003,573
1004,576
1005,578
1007,581
1008,583
1009,586
1011,589
1012,591
1014,593
1016,596
1017,598
1019,600
1021,602
1023,605
1025,607
1027,610
1029,613
1031,617
1033,620
1035,624
1038,628
1040,633
1042,638
1045,643
1047,649
1050,655
1052,661
1054,668
1057,675
1059,682
1061,689
1064,696
1066,703
1069,710
1071,717
1074,723
1076,729
1079,735
1082,740
1084,745
1087,749
1090,752
1093,755
1097,757
1100,759
1103,760
1107,760
1111,760
1114,760
1118,760
1122,759
1126,758
1130,757
1134,757
1138,756
1142,755
1146,755
1150,755
1154,755
1159,756
1163,756
1167,758
1172,759
1176,761
1181,762
1185,764
1190,766
1195,768
1199,770
1204,772
1209,774
1213,776
1218,777
1223,778
1228,779
1233,780
1238,780
1243,780
1248,780
1253,780
1258,779
1263,778
1268,776
1273,775
1278,773
1283,772
1288,770
1293,768
1297,766
1302,765
1306,763
1310,762
1314,761
1318,759
1322,758
1325,757
1329,757
1332,756
1335,756
1338,756
1341,757
1344,758
1347,759
1350,761
1352,763
1355,765
1357,768
1360,771
1362,775
1364,778
1366,782
1368,786
1369,789
1371,793
1373,797
1374,800
1375,803
1377,806
1378,808
1379,811
1380,812
1381,813
1381,814
1382,814
1383,813
1383,812
1384,810
1384,807
1385,804
1385,801
1385,797
1386,792
1386,787
1386,782
1386,777
1387,771
1387,765
1387,759
1387,754
1387,748
1387,743
1387,738
1387,733
1388,729
1388,725
1388,722
1388,719
1388,716
1388,713
1389,711
1389,709
1389,707
1389,706
1390,704
1390,703
1391,701
1391,700
1392,700
1392,699
1393,698
1393,698
1394,698
1395,698
1396,698
1396,698
1397,698
1398,698
1399,698
1400,698
1401,698
1402,699
1403,699
1404,699
1405,700
1406,700
1407,700
1408,701
1409,701
1410,701
1411,702
1412,702
1413,702
1414,703
1415,703
1416,704
1417,704
1418,704
1419,705
1420,705
1421,705
1422,705
1423,705
1424,705
1425,706
1426,706
1427,707
1428,708
1430,709
1431,711
1432,714
1433,716
1434,719
1435,723
1436,727
1437,731
1438,735
1439,739
1440,743
1441,747
1442,751
1444,755
1445,758
1446,762
1447,765
1449,767
1450,770
1451,771
1453,773
1454,774
1456,774
1457,774
1459,774
1460,773
1462,771
1464,769
1465,767
1467,764
1469,762
1470,758
1472,755
1474,751
1475,747
1477,744
1479,740
1480,736
1482,732
1483,729
1485,726
1486,723
1488,720
1489,718
1491,716
1492,715
1494,714
1495,713
1496,713
1498,713
1499,713
1500,713
1501,713
1503,713
1504,713
1506,713
1507,712
1509,712
1510,712
1511,712
1513,711
1514,711
1516,710
1517,710
1519,709
1520,708
1522,708
1523,708
1525,707
1526,707
1527,707
1529,708
1530,708
1531,709
1532,711
1533,712
1534,714
1535,716
1536,718
1537,721
1538,723
1538,726
1539,729
1540,732
1541,735
1541,737
1542,740
1543,742
1544,745
1545,746
1546,748
1547,749
1548,750
1549,751
1551,751
1552,750
1554,750
1555,749
1557,748
1559,747
1560,746
1562,744
1564,743
1566,741
1568,739
1570,737
1572,734
1575,732
1577,730
1580,727
1582,724
1585,722
1587,719
1590,717
1592,715
1595,712
1597,710
1599,709
1602,707
1604,705
1606,704
1608,702
1610,701
1612,700
1614,698
1615,696
1617,695
1619,693
1620,691
1622,689
1623,687
1625,685
1626,683
1627,681
1628,678
1630,676
1631,674
1632,672
1633,670
1634,668
1635,667
1637,665
1638,663
1639,661
1640,659
1641,657
1643,655
1644,653
1646,650
1647,648
1649,646
1651,643
1652,641
1654,639
1655,638
1657,636
1658,636
1660,635
1661,635
1662,635
1663,636
1665,637
1666,638
1667,639
1668,641
1669,643
1670,645
1671,647
1672,649
1673,651
1673,653
1674,656
1675,659
1676,662
1677,664
1677,667
1678,671
1679,674
1679,677
1680,681
1681,684
1681,688
1682,691
1683,694
1683,697
1684,699
1685,702
1686,704
1687,705
1687,707
1688,708
1689,709
1691,709
1692,709
1693,709
1694,709
1695,708
1697,707
1698,707
1699,706
1701,705
1702,705
1703,704
1704,703
1706,703
1707,703
1708,703
1709,703
1710,704
1711,705
1711,707
1712,709
1712,711
1713,714
1713,718
1713,722
1713,726
1713,731
1712,736
1712,741
1712,747
1711,752
1710,758
1710,764
1709,770
1708,776
1708,782
1707,787
1706,793
1705,798
1705,803
1704,807
1704,811
1703,815
1702,818
1702,821
1701,822
1701,824
1700,824
1700,825
1700,824
1699,823
1699,821
1699,819
1699,816
1698,812
1698,809
1698,805
1698,800
1697,796
1697,791
1697,786
1696,782
1696,777
1695,773
1695,769
1694,765
1693,762
1693,760
1692,758
1691,756
1690,755
1689,755
1688,756
1687,758
1685,760
1684,763
1683,767
1681,771
1680,775
1679,779
1678,784
1677,787
1676,791
1675,793
1675,795
1675,796
1675,795
1675,793
1676,791
1677,786
1678,781
1679,775
1681,767
1683,759
1685,749
1687,739
1689,728
1691,717
1693,705
1696,693
1698,681
1700,669
1703,657
1705,646
1707,635
1708,625
1710,616
1711,608
1712,601
1713,595
1714,591
1714,588
1714,587
1714,586
1713,587
1713,588
1712,590
1711,593
1710,596
1709,599
1708,603
1707,606
1706,609
1705,611
1704,612
1704,613
1703,612
1703,611
1703,609
1703,606
1703,602
1703,598
1703,593
1704,587
1704,581
1705,574
1705,567
1706,560
1707,553
1708,545
1708,538
1709,530
1710,523
1711,515
1712,508
1713,501
1714,494
1714,487
1715,481
1716,476
1717,471
1717,467
1718,463
1719,459
1719,456
1720,454
1721,451
1721,449
1722,447
1723,445
1724,443
1724,441
1725,439
1726,438
1727,437
1727,436
1728,436
1728,437
1729,437
1729,438
1730,439
1730,441
1730,442
1730,444
1730,446
1730,448
1730,450
1730,453
1730,455
1730,457
1730,459
1730,461
1731,462
1731,463
1731,463
1731,463
1732,463
1733,462
1733,460
1734,458
1735,455
1737,451
1738,447
1739,443
1741,438
1743,433
1744,428
1746,422
1748,417
1750,411
1751,406
1753,400
1755,395
1757,391
1758,386
1760,382
1761,379
1763,376
1764,373
1765,371
1766,369
1767,367
1768,366
1768,364
1769,363
1770,362
1770,361
1771,360
1771,359
1772,358
1772,357
1772,356
1773,355
1773,354
1773,353
1774,352
1774,351
1774,350
1774,349
1774,348
1774,347
1774,346
1774,345
1774,344
1774,343
1774,343
1773,342
1773,343
1772,343
1772,344
1771,346
1770,348
1768,350
1767,353
1766,356
1764,360
1763,364
1761,368
1759,372
1758,375
1756,379
1754,382
1753,385
1751,388
1749,390
1748,392
1746,393
1744,394
1743,395
1742,395
1740,394
1739,394
1738,393
1736,391
1735,390
1734,388
1733,385
1732,383
1731,380
1730,377
1729,374
1728,371
1727,367
1726,364
1725,360
1724,357
1723,353
1722,350
1722,347
1721,343
1720,340
1719,337
1718,334
1717,332
1716,329
1715,326
1714,323
1713,320
1712,317
1711,314
1711,311
1710,307
1710,303
1709,298
1709,294
1708,289
1708,284
1708,278
1708,273
1708,267
1708,261
1709,255
1709,250
1709,244
1710,238
1710,233
1711,228
1711,223
1712,218
1713,213
1713,209
1714,205
1715,201
1716,197
1717,194
1718,190
1719,187
1720,184
1721,182
1722,179
1723,177
1724,175
1726,173
1727,171
1729,169
1730,168
1732,166
1733,164
1735,163
1737,161
1739,159
1741,158
1743,156
1745,154
1747,153
1749,152
1750,151
1752,150
1754,150
1756,149
1758,149
1760,150
1762,150
1763,151
1765,153
1767,154
1768,156
1770,158
1771,160
1772,162
1774,164
1775,166
1776,168
1778,170
1779,172
1780,173
1781,174
1782,175
1784,176
1785,176
1786,176
1787,175
1788,174
1789,173
1790,171
1791,169
1792,166
1793,163
1794,160
1795,156
1796,152
1797,148
1798,143
1798,138
1799,133
1799,128
1800,123
1800,118
1801,114
1801,109
1801,105
1801,101
1800,97
1800,94
1800,91
1799,88
1799,85
1798,83
1797,82
1797,80
1796,79
1795,78
1794,78
1792,78
1791,78
1790,78
1789,79
1787,80
1786,82
1785,83
1783,85
1782,87
1780,89
1779,91
1778,93
1776,95
1775,97
1774,99
1773,101
1771,104
1770,106
1769,108
1768,109
1767,111
1767,113
1766,114
1765,116
1765,117
1764,118
1764,120
1763,121
1763,122
1762,124
1762,125
1762,127
1762,128
1762,130
1762,132
1762,134
1762,136
1762,139
1762,141
1762,143
1762,146
1762,148
1763,150
1763,153
1764,155
1764,158
1765,160
1765,162
1766,165
1767,167
1768,169
1768,172
1769,174
1770,177
1771,179
1772,182
1773,184
1774,187
1776,190
1777,193
1778,196
1779,199
1780,202
1781,205
1783,209
1784,212
1785,216
1786,220
1787,224
1789,228
1790,232
1791,236
1792,240
1794,244
1795,248
1796,253
1797,257
1798,261
1799,265
1800,270
1801,274
1801,277
1802,281
1803,285
1803,288
1803,292
1804,295
1804,299
1804,303
1803,307
1803,311
1802,315
1801,319
1800,324
1799,329
1798,334
1796,340
1795,345
1793,351
1791,357
1789,362
1787,367
1784,373
1782,378
1780,383
1777,389
1774,394
1772,399
1769,405
1766,410
1763,415
1760,420
1757,425
1755,429
1752,434
1749,437
1747,440
1744,443
1742,445
1740,446
1738,447
1737,448
1735,447
1734,446
1733,445
1732,444
1731,442
1731,440
1731,438
1730,436
1730,434
1730,432
1730,431
1731,429
1731,427
1731,425
1732,424
1732,422
1733,419
1734,417
1734,415
1735,412
1736,409
1736,407
1737,404
1737,402
1737,400
1737,399
1737,397
1737,397
1737,396
1737,396
1736,395
1735,395
1735,394
1734,394
1733,393
1732,391
1732,389
1731,386
1730,383
1729,380
1729,375
1728,371
1728,366
1727,361
1727,355
1726,349
1726,343
1726,336
1726,329
1726,322
1726,315
1727,308
1727,301
1728,293
1729,285
1730,278
1731,270
1732,263
1733,255
1735,249
1736,243
1738,238
1739,234
1741,231
1742,228
1744,227
1745,227
1746,228
1747,231
1748,233
1749,237
1750,242
1751,246
1752,251
1753,257
1754,262
1755,267
1756,272
1758,277
1759,282
1760,286
1762,290
1764,294
1765,298
1767,301
1769,304
1772,306
1774,308
1776,310
1779,311
1782,311
1785,311
1788,310
1791,310
1794,308
1798,307
1801,305
1804,303
1808,301
1811,299
1815,297
1818,295
1822,293
1825,291
1828,289
1831,287
1834,285
1837,284
1840,282
1843,280
1845,278
1848,276
1850,275
1852,273
1854,271
1856,270
1857,268
1859,267
1860,265
1861,264
1862,262
1863,261
1863,259
1864,257
1864,256
1864,254
1864,252
1864,251
1863,249
1863,248
1862,246
1861,244
1860,242
1859,240
1858,237
1857,235
1856,232
1855,229
1854,225
1853,221
1852,216
1851,210
1850,203
1849,196
1848,187
1847,177
1847,166
1846,155
1846,142
1846,129
1846,114
1846,99
1846,83
1846,67
1847,51
1847,34
1848,18
1848,1
1849,-14
1849,-30
1850,-46
1850,-61
1851,-76
1851,-90
1852,-103
1852,-115
1852,-125
1852,-134
1851,-141
1851,-146
1849,-150
1848,-152
1846,-151
1844,-149
1841,-145
1838,-140
1835,-134
1831,-126
1828,-117
1824,-107
1819,-96
1815,-85
1811,-74
1806,-62
1801,-51
1797,-41
1792,-30
1788,-21
1784,-11
1779,-3
1775,4
1771,11
1768,17
1764,23
1761,27
1757,31
1754,35
1751,38
1749,40
1746,41
1744,42
1742,43
1740,44
1738,44
1736,44
1734,44
1732,43
1730,43
1728,43
1726,44
1724,45
1722,46
1720,48
1718,50
1716,52
1713,55
1711,57
1709,60
1707,62
1704,65
1702,67
1700,70
1698,72
1696,75
1694,77
1692,80
1691,82
1689,84
1687,87
1685,89
1683,91
1681,93
1679,96
1678,98
1676,101
1674,104
1672,107
1669,111
1667,114
1665,119
1663,123
1660,128
1658,134
1655,139
1653,145
1650,152
1647,158
1645,165
1642,171
1639,178
1637,185
1634,192
1631,198
1629,205
1626,211
1623,217
1621,223
1618,229
1615,234
1613,240
1611,244
1608,249
1606,254
1603,258
1601,262
1599,266
1597,271
1594,275
1592,280
1589,285
1587,290
1585,295
1582,301
1580,307
1577,312
1574,318
1572,324
1569,329
1566,335
1563,341
1560,348
1557,354
1554,360
1551,367
1548,373
1544,380
1541,387
1537,393
1534,399
1530,405
1527,411
1523,417
1519,422
1516,427
1512,431
1508,435
1504,439
1500,442
1496,445
1492,447
1488,450
1484,451
1480,453
1476,454
1472,454
1468,455
1464,455
1460,455
1456,455
1452,455
1448,454
1444,454
1441,453
1437,453
1434,452
1430,451
1427,451
1424,450
1421,450
1417,449
1415,449
1412,449
1409,449
1406,449
1404,450
1401,451
1399,453
1397,454
1395,457
1393,459
1391,462
1389,465
1388,468
1386,471
1385,474
1384,477
1382,481
1381,484
1380,488
1379,491
1378,494
1377,497
1376,500
1376,503
1375,506
1374,508
1374,510
1373,513
1373,515
1372,516
1372,518
1372,520
1372,521
1371,522
1371,523
1371,524
1371,525
1371,526
1371,527
1371,528
1371,529
1371,530
1371,531
1372,531
1372,532
1372,533
1372,533
1372,534
1373,535
1373,535
1373,536
1374,537
1374,537
1375,538
1375,539
1376,539
1376,540
1377,541
1377,541
1378,542
1379,542
1379,543
1380,543
1381,544
1382,544
1382,545
1383,545
1384,546
1385,547
1386,548
1387,549
1388,551
1389,553
1390,555
1392,557
1393,560
1394,562
1395,565
1396,567
1398,570
1399,572
1400,574
1402,576
1403,578
1405,580
1406,581
1408,582
1409,584
1411,585
1412,586
1413,587
1415,589
1416,590
1418,591
1419,593
1421,594
1422,596
1423,598
1425,600
1426,602
1427,604
1428,607
1429,609
1430,612
1431,616
1432,619
1432,623
1433,626
1434,630
1434,634
1435,638
1436,642
1436,647
1437,651
1438,655
1439,658
1440,662
1440,665
1442,668
1443,670
1444,672
1445,673
1447,674
1449,674
1450,674
1452,673
1454,672
1456,671
1458,669
1461,667
1463,665
1465,663
1468,660
1470,658
1473,655
1475,653
1478,650
1480,648
1483,646
1485,644
1487,643
1489,641
1492,640
1494,639
1495,639
1497,639
1499,639
1501,639
1502,639
1504,640
1506,640
1507,641
1509,642
1510,642
1512,643
1513,644
1515,644
1516,645
1518,645
1519,645
1521,645
1522,645
1524,644
1526,643
1527,642
1529,641
1531,639
1532,637
1534,635
1536,632
1538,630
1540,627
1541,624
1543,620
1545,617
1547,614
1548,610
1550,607
1552,604
1554,602
1555,599
1557,597
1559,595
1560,594
1562,592
1563,591
1565,591
1566,590
1568,590
1569,590
1571,591
1572,591
1574,592
1575,593
1576,594
1578,595
1579,596
1581,597
1582,598
1583,599
1585,600
1586,601
1587,602
1589,603
1590,603
1591,604
1593,604
1594,603
1596,603
1597,602
1599,602
1600,601
1602,600
1603,599
1605,598
1606,597
1608,596
1609,596
1611,595
1612,594
1613,594
1615,594
1616,594
1618,595
1619,596
1620,597
1621,598
1622,600
1624,601
1625,603
1626,605
1627,607
1628,609
1629,610
1630,612
1631,614
1633,615
1634,616
1635,617
1636,618
1637,618
1639,618
1640,618
1641,617
1643,617
1644,616
1646,614
1647,613
1649,612
1650,610
1651,609
1653,607
1654,605
1656,604
1657,602
1659,601
1660,599
1661,598
1663,596
1664,595
1665,594
1667,593
1668,593
1669,592
1670,591
1671,591
1672,591
1673,591
1674,591
1675,592
1676,593
1677,595
1678,596
1679,599
1679,601
1680,604
1680,607
1681,610
1681,614
1681,618
1682,623
1682,627
1682,632
1682,637
1682,642
1683,647
1683,651
1683,656
1683,660
1683,664
1684,667
1684,670
1685,672
1685,674
1686,675
1686,675
1687,675
1688,674
1689,672
1690,670
1691,667
1692,664
1693,660
1694,656
1695,652
1696,647
1697,643
1698,638
1699,633
1700,628
1700,624
1701,619
1702,616
1702,612
1703,609
1703,606
1703,603
1703,601
1703,599
1704,597
1704,595
1704,594
1704,593
1704,592
1703,591
1703,590
1704,589
1704,588
1704,587
1704,586
1704,585
1704,584
1704,584
1704,583
1705,583
1705,584
1705,585
1705,586
1705,588
1704,590
1704,593
1704,596
1704,600
1703,604
1702,609
1702,614
1701,620
1701,625
1700,631
1699,637
1699,643
1698,650
1697,656
1697,662
1697,668
1696,673
1696,679
1696,684
1696,689
1695,694
1696,699
1696,703
1696,707
1696,711
1697,714
1698,716
1699,718
1700,720
1701,721
1702,721
1703,721
1705,720
1706,719
1708,718
1710,716
1712,713
1714,710
1716,707
1718,704
1720,700
1722,696
1724,692
1726,687
1729,682
1731,677
1733,672
1736,667
1738,661
1741,656
1744,651
1746,646
1749,641
1752,636
1754,631
1757,627
1760,623
1762,619
1765,616
1768,614
1770,611
1773,610
1775,608
1777,607
1779,607
1782,606
1784,606
1786,606
1788,606
1790,607
1792,607
1794,607
1796,607
1798,607
1800,607
1803,607
1805,607
1806,606
1808,606
1810,606
1812,606
1814,606
1816,605
1818,605
1820,605
1821,605
1823,605
1825,605
1827,606
1829,606
1830,607
1832,607
1834,608
1835,609
1837,610
1839,611
1840,612
1842,613
1844,614
1845,615
1847,616
1849,617
1850,618
1852,619
1854,620
1855,621
1857,622
1859,623
1860,624
1862,624
1864,625
1865,626
1867,627
1869,628
1870,630
1872,631
1873,633
1875,634
1876,636
1877,637
1879,639
1880,641
1882,642
1883,644
1885,645
1886,647
1888,648
1889,650
1890,651
1892,653
1893,654
1895,656
1896,657
1898,658
1900,659
1901,661
1903,662
1904,663
1906,664
1907,665
1909,666
1911,667
1912,667
1914,668
1916,669
1918,670
1919,670
1921,671
1923,671
1925,672
1926,673
1928,674
1930,675
1931,676
1933,677
1935,678
1936,680
1938,681
1939,683
1941,684
1942,685
1944,687
1945,688
1947,689
1948,691
1950,692
1952,693
1953,694
1955,695
1956,696
1958,697
1959,698
1961,699
1963,700
1964,701
1966,701
1968,702
1969,702
1971,703
1973,703
1975,703
1976,703
1978,703
1980,703
1982,703
1984,703
1985,703
1987,703
1989,704
1991,704
1992,704
1994,705
1996,705
1997,706
1999,707
2000,708
2002,709
2004,710
2005,711
2007,712
2008,713
2010,714
2011,714
2013,715
2015,716
2016,717
2018,718
2019,719
2021,721
2022,722
2023,724
2024,726
2025,729
2026,731
2026,734
2027,738
2027,742
2027,746
2027,750
2027,755
2027,760
2027,765
2027,770
2026,775
2026,780
2026,785
2025,790
2025,795
2025,800
2026,804
2026,807
2026,810
2027,813
2028,815
2030,816
2031,817
2033,816
2036,816
2038,814
2041,812
2044,809
2047,806
2051,802
2054,798
2058,794
2062,789
2066,784
2070,779
2074,775
2078,770
2081,766
2085,761
2089,758
2092,754
2095,751
2098,748
2101,745
2104,743
2107,741
2109,740
2112,739
2114,737
2116,737
2118,736
2120,735
2122,735
2124,734
2126,734
2128,734
2130,734
2132,734
2134,734
2135,734
2137,734
2139,734
2141,734
2143,734
2144,734
2146,734
2148,734
2150,734
2151,734
2153,734
2155,735
2156,735
2158,736
2159,737
2161,738
2162,739
2163,741
2164,742
2165,744
2166,746
2167,748
2168,750
2168,752
2169,754
2170,757
2171,759
2171,761
2172,763
2173,765
2173,767
2174,769
2175,771
2176,773
2176,775
2177,777
2178,778
2179,779
2180,781
2181,782
2182,782
2183,783
2184,784
2185,784
2186,785
2187,785
2188,786
2189,786
2190,786
2191,787
2191,787
2192,788
2193,788
2194,789
2194,789
2195,790
2195,791
2196,792
2196,793
2196,794
2197,795
2197,797
2197,798
2197,799
2197,800
2198,802
2198,803
2198,804
2198,805
2198,806
2199,808
2199,809
2199,810
2199,812
2199,813
2199,815
2199,816
2199,818
2199,820
2199,822
2198,824
2198,826
2198,828
2198,830
2197,832
2197,834
2197,836
2197,838
2196,840
2196,842
2196,844
2196,846
2196,848
2195,850
2195,852
2195,853
2195,855
2195,857
2195,858
2195,860
2195,861
2195,862
2195,864
2195,865
2195,867
2195,868
2195,870
2195,871
2194,873
2194,874
2194,876
2194,878
2193,879
2193,881
2193,883
2192,885
2192,887
2192,889
2191,890
2191,892
2191,894
2190,896
2190,898
2190,900
2189,902
2189,904
2189,906
2189,907
2188,909
2188,911
2188,913
2188,914
2188,916
2188,917
2189,919
2189,920
2189,921
2189,923
2190,924
2190,926
2190,927
2191,929
2191,930
2192,931
2192,933
2193,934
2193,935
2194,937
2195,938
2195,939
2196,940
2197,942
2198,943
2199,944
2199,945
2200,946
2201,947
2202,948
2203,950
2204,951
2205,952
2206,953
2207,954
2208,955
2209,957
2210,958
2211,959
2212,960
2213,962
2214,963
2215,964
2216,965
2217,965
2218,966
2219,967
2220,967
2221,967
2223,968
2224,968
2225,968
2226,968
2227,967
2229,967
2230,966
2231,966
2232,965
2233,964
2235,964
2236,963
2237,962
2238,961
2239,960
2239,960
2240,959
2241,958
2241,958
2241,957
2241,957
2241,957
2241,957
2241,957
2240,957
2240,957
2239,958
2238,958
2237,959
2236,960
2235,961
2233,962
2232,963
2230,964
2228,966
2226,967
2225,968
2223,969
2221,971
2219,972
2217,973
2215,974
2213,975
2211,976
2209,977
2207,978
2205,978
2203,979
2201,979
2199,980
2197,980
2195,980
2194,980
2192,980
2190,980
2189,980
2187,980
2185,980
2184,980
2182,980
2180,980
2179,980
2177,980
2175,980
2173,980
2171,980
2170,980
2168,981
2166,981
2164,981
2162,981
2160,981
2159,982
2157,982
2155,982
2153,982
2151,982
2149,983
2147,983
2144,983
2142,984
2140,984
2138,985
2136,985
2134,985
2131,986
2129,987
2127,987
2125,988
2122,988
2120,989
2118,990
2115,991
2113,992
2111,992
2108,993
2106,994
2104,995
2101,996
2099,997
2097,998
2095,999
2092,999
2090,1000
2088,1001
2086,1001
2084,1002
2082,1002
2081,1002
2079,1002
2078,1002
2076,1001
2075,1001
2073,1000
2072,999
2071,998
2070,998
2068,997
2067,996
2066,995
2065,994
2064,993
2063,992
2062,992
2061,991
2060,990
2059,989
2057,988
2056,987
2055,987
2054,986
2054,985
2053,984
2052,983
2051,982
2050,981
2049,980
2048,979
2047,978
2046,977
2046,976
2045,974
2044,973
2044,972
2043,971
2042,969
2042,968
2041,967
2040,965
2039,964
2039,963
2038,962
2037,961
2037,960
2036,959
2035,958
2034,957
2033,956
2033,955
2032,954
2031,954
2030,953
2029,952
2028,952
2027,951
2026,950
2025,950
2024,949
2023,948
2022,948
2021,947
2020,946
2019,946
2018,945
2017,945
2016,944
2015,944
2014,943
2012,942
2011,942
2010,942
2008,941
2007,941
2005,940
2004,940
2002,940
2001,940
1999,939
1997,939
1996,939
1994,939
1992,939
1990,938
1989,938
1987,938
1985,938
1983,938
1981,938
1979,939
1977,939
1975,940
1973,941
1970,943
1968,944
1965,947
1962,949
1960,952
1957,956
1953,959
1950,964
1947,968
1943,973
1940,978
1936,984
1933,990
1929,996
1925,1002
1922,1008
1918,1014
1915,1019
1912,1024
1908,1029
1905,1034
1902,1038
1900,1041
1897,1045
1894,1047
1892,1049
1890,1051
1888,1052
1886,1052
1884,1052
1883,1051
1882,1050
1880,1048
1879,1046
1878,1043
1878,1039
1877,1035
1876,1031
1875,1027
1875,1022
1874,1018
1873,1013
1873,1009
1872,1005
1871,1001
1870,997
1869,994
1867,991
1866,989
1864,987
1863,985
1861,985
1859,984
1857,985
1855,985
1853,987
1850,988
1848,990
1845,992
1842,994
1840,996
1837,999
1834,1001
1832,1003
1829,1005
1827,1007
1824,1009
1822,1010
1820,1011
1817,1012
1816,1012
1814,1011
1812,1010
1811,1009
1809,1007
1808,1004
1808,1001
1807,998
1806,994
1806,990
1805,985
1805,981
1805,976
1804,972
1804,967
1804,963
1803,959
1803,956
1802,953
1801,950
1800,948
1799,946
1798,944
1797,943
1796,942
1795,941
1793,940
1792,940
1791,939
1789,939
1788,938
1786,938
1785,937
1784,937
1783,936
1781,935
1780,934
1779,933
1778,932
1777,931
1776,929
1775,928
1775,926
1774,925
1773,923
1772,921
1772,920
1771,918
1770,916
1769,915
1769,914
1768,913
1767,912
1766,911
1765,911
1763,912
1762,912
1760,914
1759,916
1757,918
1755,921
1753,924
1751,928
1749,932
1747,936
1745,940
1742,944
1740,949
1738,953
1736,957
1735,962
1733,966
1731,969
1729,973
1727,976
1726,979
1724,982
1723,984
1721,986
1720,987
1718,988
1717,989
1716,989
1714,988
1713,987
1712,986
1711,985
1709,983
1708,981
1707,979
1706,977
1705,974
1703,972
1702,970
1701,968
1699,966
1698,964
1696,963
1694,961
1693,961
1691,960
1689,960
1687,960
1686,960
1684,961
1682,961
1680,962
1678,963
1677,963
1675,964
1673,965
1672,965
1670,965
1668,966
1667,966
1665,966
1664,967
1662,967
1660,967
1659,967
1657,967
1656,967
1654,967
1653,967
1651,968
1649,968
1648,968
1646,968
1645,968
1643,969
1641,969
1640,969
1638,970
1636,970
1635,971
1633,971
1631,972
1629,972
1628,973
1626,974
1624,974
1623,975
1621,975
1619,976
1618,977
1616,977
1614,978
1613,978
1611,978
1609,978
1608,978
1606,979
1605,979
1603,978
1602,978
1600,978
1598,978
1597,978
1595,978
1594,978
1592,978
1591,978
1589,978
1588,979
1586,980
1584,982
1583,983
1581,986
1579,988
1578,991
1576,995
1574,998
1572,1002
1571,1007
1569,1011
1567,1015
1565,1019
1564,1023
1562,1027
1560,1031
1559,1034
1557,1036
1556,1038
1554,1039
1553,1040
1551,1040
1550,1040
1549,1039
1547,1037
1546,1034
1545,1031
1544,1028
1543,1024
1542,1019
1541,1015
1539,1010
1538,1005
1537,1001
1536,996
1535,992
1534,988
1533,985
1532,982
1530,980
1529,979
1528,978
1527,977
1525,978
1524,978
1522,979
1521,981
1519,982
1518,984
1516,986
1515,988
1513,990
1512,992
1510,993
1508,994
1507,995
1505,995
1504,995
1502,994
1500,993
1499,992
1497,990
1495,988
1494,986
1492,983
1490,981
1488,978
1487,975
1485,972
1483,969
1481,967
1479,964
1478,962
1476,960
1474,958
1472,957
1470,956
1468,955
1466,955
1464,955
1462,956
1461,957
1459,958
1457,960
1455,962
1453,964
1451,967
1449,971
1447,974
1445,978
1443,982
1442,987
1440,992
1438,997
1436,1003
1435,1008
1433,1014
1431,1020
1430,1026
1428,1032
1426,1037
1425,1043
1423,1048
1421,1052
1420,1056
1418,1059
1417,1062
1415,1064
1413,1065
1412,1065
1410,1064
1409,1063
1407,1060
1405,1057
1404,1054
1402,1049
1400,1044
1398,1039
1397,1033
1395,1027
1393,1020
1392,1014
1390,1007
1388,1001
1387,994
1385,988
1383,982
1382,977
1380,973
1379,969
1377,965
1376,962
1374,960
1373,958
1371,957
1370,956
1368,956
1367,956
1365,956
1364,956
1362,957
1360,957
1358,958
1357,958
1355,958
1353,958
1350,958
1348,958
1346,957
1344,955
1341,954
1339,952
1336,949
1334,946
1331,943
1329,940
1326,936
1323,933
1321,929
1318,925
1315,921
1313,916
1310,912
1308,908
1305,903
1303,899
1300,895
1298,891
1295,886
1293,883
1291,879
1289,875
1286,872
1284,868
1282,865
1280,862
1278,859
1276,856
1274,852
1272,849
1270,846
1268,843
1266,840
1264,837
1262,834
1261,831
1259,828
1257,826
1255,823
1253,820
1251,817
1250,815
1248,812
1246,809
1245,806
1243,803
1241,800
1240,797
1238,794
1236,791
1235,788
1233,785
1232,782
1230,779
1229,776
1227,773
1225,770
1224,767
1222,763
1221,760
1219,757
1218,754
1216,751
1215,747
1213,744
1212,741
1210,738
1208,735
1207,731
1205,728
1204,725
1202,722
1201,719
1199,716
1197,713
1196,710
1194,707
1193,704
1191,701
1189,698
1188,695
1186,692
1184,690
1183,687
1181,684
1179,682
1178,679
1176,677
1174,675
1173,672
1171,670
1169,668
1168,666
1166,664
1165,663
1163,661
1161,659
1160,658
1159,657
1157,656
1156,656
1155,656
1153,656
1152,656
1151,657
1150,658
1149,659
1148,660
1148,662
1147,663
1146,664
1145,665
1144,666
1143,667
1143,668
1142,669
1141,669
1140,669
1139,669
1138,669
1138,668
1137,667
1136,666
1135,664
1134,662
1133,661
1132,658
1131,656
1130,654
1129,651
1128,648
1127,646
1126,643
1125,640
1124,637
1123,635
1122,632
1122,630
1121,627
1121,626
1120,624
1120,623
1120,622
1120,622
1121,622
1121,622
1122,623
1123,625
1124,627
1125,629
1127,631
1128,634
1130,637
1132,640
1134,643
1135,646
1137,649
1139,652
1141,655
1143,657
1145,660
1147,662
1149,664
1151,666
1153,668
1155,669
1156,670
1158,671
1159,671
1160,671
1162,671
1163,671
1163,670
1164,669
1165,668
1165,668
1166,667
1166,666
1166,666
1166,666
1167,666
1167,667
1167,668
1167,669
1167,671
1167,672
1167,675
1166,677
1166,680
1166,683
1165,686
1165,689
1164,692
1163,695
1162,699
1161,702
1160,705
1159,708
1158,710
1157,713
1155,715
1154,717
1152,718
1151,719
1149,720
1147,720
1146,720
1144,719
1142,718
1140,717
1138,715
1136,712
1133,710
1131,707
1129,704
1126,701
1124,698
1121,695
1118,691
1115,688
1112,685
1109,682
1106,679
1103,676
1099,673
1096,670
1092,667
1088,664
1084,661
1081,658
1077,655
1073,652
1068,649
1064,647
1060,644
1056,642
1052,639
1048,637
1044,635
1040,634
1037,633
1033,631
1030,630
1026,629
1023,628
1020,628
1016,627
1013,626
1010,625
1007,625
1005,624
1002,624
999,624
997,624
994,624
992,624
990,624
988,624
986,624
984,624
982,624
980,623
978,623
976,622
974,621
973,620
971,618
970,617
969,615
967,613
966,611
965,609
964,607
964,605
963,603
962,602
962,600
962,598
962,597
962,596
962,595
962,595
963,595
964,595
964,596
965,598
967,599
968,602
969,605
971,608
973,611
974,615
976,619
978,623
980,627
982,631
984,635
986,639
988,642
991,646
993,649
995,651
997,653
999,655
1000,656
1002,657
1004,658
1006,658
1008,659
1010,659
1011,659
1013,659
1015,659
1017,659
1018,658
1020,658
1022,657
1023,657
1025,656
1027,656
1029,655
1030,654
1032,654
1034,653
1035,652
1037,651
1039,650
1041,650
1042,649
1044,648
1046,648
1048,647
1049,647
1051,646
1053,645
1055,644
1056,644
1058,643
1060,642
1062,641
1064,639
1065,638
1067,637
1069,636
1071,635
1072,634
1074,632
1076,631
1078,630
1080,630
1082,629
1084,629
1086,629
1088,629
1090,629
1092,629
1094,630
1096,630
1098,631
1101,631
1103,632
1105,633
1107,634
1109,635
1112,637
1114,638
1116,639
1118,641
1121,642
1123,644
1125,646
1127,647
1130,649
1132,651
1134,653
1136,654
1139,656
1141,658
1143,659
1145,661
1147,662
1150,664
1152,665
1154,667
1156,668
1158,669
1160,670
1163,671
1165,672
1167,673
1169,674
1171,675
1174,676
1176,677
1178,678
1181,679
1183,681
1186,682
1188,683
1191,685
1193,686
1196,687
1198,688
1201,689
1203,690
1206,692
1209,693
1211,694
1214,695
1217,696
1219,697
1222,698
1225,699
1227,699
1230,700
1232,701
1235,701
1237,702
1240,702
1242,703
1244,703
1247,703
1249,704
1251,704
1253,704
1255,705
1257,705
1259,705
1261,705
1263,705
1265,705
1267,705
1269,706
1270,706
1272,706
1273,706
1275,706
1276,706
1278,706
1279,707
1281,707
1282,707
1283,708
1285,708
1286,708
1287,709
1288,709
1290,710
1291,711
1292,711
1293,712
1294,713
1296,713
1297,714
1298,715
1299,715
1300,716
1301,716
1303,717
1304,717
1305,718
1306,718
1307,718
1309,718
1310,718
1311,718
1312,718
1313,718
1315,719
1316,719
1317,719
1318,719
1320,719
1321,720
1322,720
1323,720
1325,721
1326,722
1327,722
1328,723
1330,724
1331,724
1332,725
1333,726
1335,727
1336,728
1337,729
1338,729
1339,730
1340,731
1341,732
1342,733
1343,734
1344,735
1345,736
1346,737
1346,738
1347,739
1348,740
1348,740
1349,741
1350,742
1350,743
1350,744
1351,745
1351,746
1351,747
1351,748
1352,749
1352,750
1352,751
1352,752
1352,753
1351,753
1351,754
1351,754
1351,755
1350,755
1350,755
1349,755
1349,755
1348,755
1348,755
1347,754
1346,754
1345,753
1345,753
1344,753
1343,752
1342,752
1341,752
1340,752
1339,753
1338,753
1337,754
1336,755
1335,756
1333,757
1332,759
1331,760
1330,762
1329,764
1327,765
1326,767
1325,769
1324,771
1322,773
1321,774
1320,776
1318,777
1317,779
1316,780
1314,781
1313,782
1312,782
1310,783
1309,783
1308,782
1306,782
1305,781
1304,780
1302,780
1301,779
1299,777
1298,776
1297,775
1295,773
1294,772
1292,771
1291,769
1290,768
1288,766
1287,765
1286,764
1285,763
1283,762
1282,761
1281,760
1280,759
1278,758
1277,757
1276,756
1275,754
1274,753
1273,752
1271,751
1270,751
1269,750
1268,749
1267,748
1266,747
1265,746
1264,745
1263,745
1262,744
1261,743
1260,741
1258,740
1257,739
1256,738
1255,736
1254,735
1253,733
1252,731
1251,730
1250,728
1249,726
1248,724
1247,722
1245,719
1244,717
1243,715
1242,712
1241,710
1240,707
1239,705
1238,703
1236,701
1235,699
1234,697
1233,695
1232,694
1231,693
1230,691
1229,691
1227,690
1226,690
1225,690
1224,690
1223,690
1222,691
1221,691
1220,692
1219,693
1218,694
1217,694
1216,695
1215,696
1214,697
1213,697
1212,698
1211,698
1210,699
1209,699
1208,699
1207,699
1206,699
1205,699
1203,698
1202,698
1201,697
1200,696
1199,695
1197,694
1196,693
1195,691
1193,690
1192,688
1191,686
1189,685
1188,683
1187,681
1185,680
1184,678
1183,676
1181,675
1180,673
1179,672
1177,671
1176,669
1175,668
1173,668
1172,667
1171,666
1169,666
1168,665
1167,665
1166,664
1164,664
1163,664
1162,663
1161,663
1159,663
1158,663
1157,662
1156,662
1154,662
1153,662
1152,661
1150,661
1149,661
1148,661
1147,661
1145,660
1144,660
1143,660
1142,660
1140,660
1139,660
1138,660
1137,661
1135,661
1134,661
1133,661
1132,662
1131,662
1129,662
1128,663
1127,663
1126,664
1125,664
1123,664
1122,665
1121,665
1120,665
1119,665
1117,665
1116,664
1115,663
1113,662
1112,661
1111,660
1109,659
1108,657
1106,656
1105,654
1103,652
1102,650
1100,648
1099,646
1097,645
1096,643
1094,641
1093,639
1091,637
1090,635
1088,633
1087,631
1085,629
1084,628
1082,627
1081,625
1080,624
1078,623
1077,621
1075,620
1074,619
1073,618
1071,617
1070,616
1069,615
1067,614
1066,613
1065,612
1063,612
1062,611
1061,611
1059,610
1058,610
1057,609
1056,609
1054,609
1053,608
1052,608
1051,608
1050,608
1049,608
1047,608
1046,608
1045,608
1044,608
1043,608
1042,608
1041,607
1039,607
1038,607
1037,606
1036,606
1035,605
1034,604
1032,603
1031,602
1030,601
1029,600
1027,599
1026,598
1025,597
1024,597
1023,596
1022,596
1021,597
1020,597
1019,598
1018,599
1018,600
1017,601
1016,603
1015,604
1015,606
1014,608
1013,609
1013,611
1012,612
1011,614
1010,615
1009,615
1009,616
1008,616
1007,616
1006,616
1005,615
1004,615
1002,613
1001,612
1000,610
999,608
998,606
997,603
995,600
994,598
993,595
992,592
991,589
990,586
989,583
988,580
987,578
986,575
985,573
984,571
984,569
983,568
983,566
982,565
982,564
981,563
981,562
981,561
980,560
980,559
980,558
979,557
979,556
978,554
978,553
978,551
977,549
977,547
977,545
976,543
976,541
976,540
975,538
975,537
975,536
975,536
975,536
975,536
975,537
976,539
976,541
976,543
977,546
978,549
978,552
979,555
979,559
980,562
980,566
981,569
982,573
982,576
983,579
983,582
983,584
984,586
984,588
984,590
984,591
984,591
984,591
984,591
983,589
983,588
982,585
982,583
981,579
980,575
979,571
978,567
977,562
976,557
975,551
973,546
972,540
971,535
970,530
968,525
967,520
965,515
964,510
963,505
961,501
960,497
958,493
957,489
955,485
954,481
953,477
951,474
950,471
948,467
947,465
945,462
944,460
942,458
941,456
940,455
938,454
937,453
936,452
935,452
934,452
933,452
932,452
931,453
930,454
929,456
928,458
927,460
927,463
926,466
926,469
925,472
925,475
924,478
923,481
923,484
922,487
921,490
921,492
920,494
919,496
917,497
916,498
915,499
913,499
912,499
910,499
909,498
907,497
905,495
904,494
902,492
900,490
899,488
898,487
896,485
895,484
895,484
894,483
894,484
894,485
894,486
894,488
895,490
896,492
897,496
898,499
900,503
902,506
903,510
905,514
908,517
910,520
912,522
914,524
916,526
918,526
919,526
921,525
923,524
924,522
925,519
926,516
927,512
928,507
929,503
929,498
930,493
931,487
931,482
931,477
932,471
932,467
933,462
933,458
934,454
934,450
935,448
936,446
937,444
937,443
938,443
939,443
940,443
941,444
942,445
943,446
944,447
945,449
946,450
947,452
948,454
949,455
950,457
951,459
952,460
952,462
953,464
954,465
954,467
955,468
955,470
956,472
956,473
956,475
956,477
957,478
957,480
957,482
957,484
957,487
957,489
957,491
957,494
957,497
957,499
957,502
957,504
957,507
957,509
956,511
956,513
956,515
955,517
955,518
954,520
954,521
953,522
952,523
951,524
951,525
950,525
949,526
948,526
947,526
946,526
945,526
944,526
943,526
943,526
942,526
941,526
940,525
939,525
938,526
937,526
936,526
935,527
935,527
934,528
933,529
933,530
932,531
932,533
931,534
931,536
931,537
930,539
930,541
930,543
929,545
929,547
929,549
929,551
928,553
928,555
928,557
928,559
928,561
927,563
927,565
927,567
927,569
927,571
927,573
926,575
926,577
926,578
926,580
926,581
925,582
925,584
925,585
924,586
924,587
924,588
923,589
923,590
922,591
922,592
922,593
921,594
921,595
920,596
920,597
919,598
919,599
919,601
918,602
918,603
917,605
917,607
917,608
917,610
916,612
916,614
916,617
916,619
916,621
916,624
916,626
916,628
916,631
916,633
916,636
916,638
916,641
917,643
917,645
917,647
917,649
917,651
918,653
918,655
918,657
918,658
919,660
919,661
919,662
919,663
919,664
920,665
920,666
920,667
920,668
920,669
921,670
921,670
921,671
921,672
921,672
922,673
922,674
922,674
922,675
922,676
923,677
923,678
923,679
924,681
924,683
925,685
925,687
926,690
926,692
927,696
928,699
929,703
930,706
931,710
932,714
933,719
935,723
936,728
937,733
939,738
940,742
942,747
943,752
945,757
946,761
948,766
949,770
950,774
952,777
953,780
954,783
955,785
956,787
957,789
958,790
958,791
959,791
960,792
960,792
960,791
961,791
961,790
961,789
962,788
962,787
962,786
963,786
963,785
964,785
964,784
965,784
966,784
966,784
967,785
968,785
969,785
970,786
971,787
972,787
973,789
974,790
975,792
976,794
977,796
979,799
980,802
981,805
983,809
984,812
986,817
987,821
989,825
990,830
991,834
992,839
993,844
994,848
995,852
996,856
996,860
996,864
996,867
996,869
996,872
995,874
995,875
994,876
993,877
991,877
990,877
988,877
986,877
984,876
982,875
980,874
978,873
976,872
974,872
972,871
970,871
968,870
966,870
964,870
962,870
960,871
959,871
957,872
955,873
954,873
952,874
951,874
949,875
948,875
946,875
945,875
943,874
942,873
940,872
938,870
936,868
935,866
933,863
931,861
929,858
927,855
925,852
923,848
922,845
920,842
918,839
916,836
915,833
914,830
912,827
911,825
910,823
909,821
908,819
907,818
907,816
906,815
906,814
906,813
906,812
905,810
905,809
905,808
905,807
905,805
906,804
906,802
906,801
906,800
906,798
907,797
907,796
907,795
908,793
908,792
909,791
909,791
910,790
910,789
911,789
912,789
913,790
914,790
915,791
916,792
917,794
919,796
920,799
922,801
923,804
925,808
927,811
928,815
930,819
932,823
933,828
935,832
936,836
938,840
939,843
941,847
942,850
943,852
944,854
944,855
945,856
945,856
946,856
946,855
946,853
946,851
946,848
946,845
946,841
946,837
945,832
945,828
945,823
945,818
945,813
945,808
945,803
945,798
945,794
946,790
946,786
947,783
947,780
948,778
949,776
950,775
951,774
952,773
953,773
954,773
955,774
956,775
958,776
959,777
960,779
961,781
962,783
963,784
963,786
964,788
965,790
966,792
966,794
967,796
967,798
968,800
968,802
969,804
969,806
969,808
970,810
970,812
970,813
970,815
970,816
970,817
970,818
970,819
970,820
969,820
969,820
968,820
968,819
967,819
966,818
966,817
965,815
964,814
963,812
962,811
961,809
960,807
959,805
957,803
956,801
955,798
953,796
952,794
951,791
949,789
948,787
947,784
945,782
944,780
943,778
941,776
940,774
938,772
937,770
936,768
934,767
933,765
932,764
930,763
929,762
928,760
926,759
925,758
923,757
922,756
921,755
919,754
918,753
916,752
915,751
914,750
912,749
911,748
909,747
908,746
907,746
905,745
904,744
903,744
902,743
900,743
899,742
898,742
897,741
896,741
895,740
894,740
893,739
891,739
890,738
889,737
888,736
887,735
886,734
885,733
884,732
883,730
882,729
881,728
880,726
879,724
878,723
877,721
876,719
875,717
874,715
873,713
872,711
871,710
870,708
869,707
868,705
867,704
867,703
866,702
865,702
864,701
864,700
863,700
863,699
862,699
862,699
861,699
861,698
860,698
860,698
860,698
859,697
859,697
859,696
858,695
858,694
858,693
857,692
857,691
857,690
857,688
856,687
856,685
856,684
856,682
856,680
856,678
856,677
856,675
856,673
856,671
856,669
856,668
857,666
857,664
857,663
858,661
858,660
859,659
859,657
860,656
861,654
861,653
862,651
863,650
863,648
864,646
865,645
865,643
866,642
867,640
868,639
869,637
870,636
871,635
872,634
873,633
874,632
875,631
876,630
878,629
879,629
880,628
881,628
883,627
884,626
885,626
887,626
888,625
889,625
891,625
892,625
894,624
895,624
897,624
898,625
900,625
901,625
903,626
905,626
906,627
908,627
910,628
911,629
913,629
915,629
916,630
918,630
920,630
921,630
923,630
924,630
926,629
927,629
929,629
931,628
932,628
933,627
935,626
936,625
938,624
939,623
940,621
942,619
943,618
944,616
945,614
946,612
947,610
948,607
950,605
951,603
952,601
953,598
954,596
955,594
956,592
958,590
959,588
960,586
962,584
963,583
965,581
966,580
968,578
969,576
971,575
973,574
974,572
976,571
978,570
980,568
982,567
984,566
986,565
988,564
990,564
992,563
994,563
996,563
999,563
1001,564
1003,564
1005,564
1008,565
1010,565
1012,566
1014,567
1016,568
1019,569
1021,570
1023,571
1025,572
1027,573
1030,574
1032,576
1034,577
1036,578
1038,579
1040,581
1043,582
1045,583
1047,584
1049,586
1051,587
1054,588
1056,589
1058,590
1060,591
1062,592
1064,593
1066,594
1069,595
1071,596
1073,597
1075,597
1077,598
1079,599
1081,600
1083,600
1085,601
1087,602
1089,603
1091,604
1093,604
1095,605
1097,606
1099,607
1101,608
1103,609
1105,610
1107,611
1109,612
1111,612
1113,613
1115,614
1117,615
1119,616
1121,617
1123,617
1125,618
1127,619
1129,619
1131,619
1133,619
1134,620
1136,620
1138,619
1140,619
1142,619
1143,619
1145,618
1147,618
1148,617
1150,617
1151,616
1153,616
1154,616
1156,615
1157,615
1159,614
1160,614
1161,613
1163,613
1164,612
1165,612
1166,611
1167,611
1169,610
1170,610
1171,609
1172,609
1173,609
1174,608
1175,608
1176,608
1177,608
1178,608
1179,608
1180,608
1181,608
1182,608
1183,608
1184,608
1185,607
1186,607
1187,607
1188,606
1189,606
1190,605
1191,604
1192,603
1194,602
1195,601
1196,600
1198,598
1199,597
1200,595
1202,594
1203,592
1205,590
1206,587
1208,585
1210,583
1211,580
1213,578
1215,575
1217,573
1219,571
1221,568
1223,566
1225,564
1227,561
1229,559
1231,557
1233,556
1235,554
1238,552
1240,551
1242,550
1244,548
1247,547
1249,546
1251,545
1254,543
1256,542
1258,540
1260,539
1263,537
1265,536
1267,534
1270,533
1272,531
1274,530
1276,529
1279,527
1281,526
1283,525
1285,524
1287,523
1290,522
1292,521
1294,520
1296,519
1298,518
1300,517
1303,517
1305,516
1307,515
1309,515
1311,514
1313,514
1315,513
1317,513
1319,513
1322,512
1324,512
1326,512
1328,512
1330,512
1332,512
1334,512
1336,512
1338,512
1341,512
1343,512
1345,512
1347,512
1349,512
1352,512
1354,511
1356,511
1359,510
1361,510
1363,509
1366,508
1368,507
1370,507
1373,506
1375,506
1377,505
1379,505
1382,506
1384,506
1386,507
1388,508
1390,509
1392,511
1393,513
1395,515
1397,517
1398,519
1399,520
1401,522
1402,523
1403,524
1404,524
1405,524
1406,524
1407,522
1407,521
1408,518
1408,515
1409,510
1409,505
1409,499
1409,493
1409,485
1409,477
1409,468
1409,458
1409,448
1409,438
1409,427
1408,417
1408,406
1407,395
1407,384
1406,373
1406,362
1405,350
1404,339
1404,327
1403,316
1403,305
1402,293
1402,282
1401,272
1401,262
1400,252
1400,242
1399,233
1399,225
1398,217
1398,209
1397,202
1397,195
1397,189
1396,184
1396,179
1395,175
1395,172
1394,170
1394,169
1393,169
1393,169
1392,171
1392,174
1391,178
1391,182
1390,188
1389,194
1389,201
1388,209
1388,217
1387,225
1387,234
1386,243
1386,252
1385,260
1385,267
1385,274
1384,280
1384,285
1384,288
1384,291
1385,292
1385,292
1385,291
1386,288
1386,285
1387,281
1388,276
1389,270
1389,263
1390,255
1391,246
1392,236
1393,225
1393,213
1394,201
1395,188
1395,175
1396,162
1396,148
1396,135
1397,122
1397,109
1397,97
1398,85
1398,74
1398,64
1399,55
1399,46
1399,38
1400,31
1400,25
1401,19
1401,15
1402,11
1402,8
1402,6
1403,4
1403,2
1403,2
1404,1
1404,2
1404,2
1404,3
1404,5
1404,7
1404,9
1404,12
1404,15
1404,18
1404,21
1404,25
1404,28
1405,31
1405,35
1406,38
1407,41
1408,44
1409,47
1410,49
1412,52
1414,55
1416,57
1418,60
1421,62
1423,64
1426,66
1429,68
1432,70
1436,72
1439,73
1442,75
1446,76
1449,76
1452,76
1454,76
1456,76
1458,76
1460,75
1461,74
1462,74
1463,73
1463,73
1463,72
1463,72
1462,72
1461,73
1461,73
1460,74
1459,75
1457,77
1456,78
1455,80
1454,83
1453,86
1453,89
1452,92
1452,96
1451,99
1451,103
1452,108
1452,112
1452,117
1453,122
1453,127
1454,132
1455,137
1456,142
1457,147
1458,152
1459,156
1460,160
1462,164
1463,168
1464,172
1465,175
1466,178
1467,180
1468,182
1469,184
1470,186
1470,188
1471,190
1471,191
1472,193
1472,195
1473,197
1474,200
1474,202
1475,204
1475,206
1476,209
1477,211
1477,214
1478,216
1479,218
1480,221
1480,224
1481,226
1482,229
1483,232
1484,236
1485,240
1485,244
1486,248
1487,252
1488,256
1489,261
1490,266
1491,270
1492,275
1493,279
1494,283
1495,288
1497,292
1498,297
1499,301
1500,305
1502,309
1503,313
1505,317
1506,321
1508,325
1510,328
1511,332
1513,336
1515,339
1517,342
1519,346
1521,349
1523,351
1525,354
1527,356
1529,359
1531,361
1534,362
1536,364
1539,366
1541,368
1544,370
1546,372
1549,374
1551,377
1554,379
1557,381
1559,383
1562,386
1565,389
1568,391
1571,394
1574,397
1576,399
1579,402
1582,405
1586,408
1589,410
1592,413
1595,417
1598,420
1601,424
1604,428
1607,432
1610,436
1613,440
1616,444
1619,449
1623,453
1626,457
1629,461
1632,465
1635,469
1639,474
1642,478
1645,482
1648,486
1651,490
1654,495
1657,499
1660,504
1663,509
1666,513
1669,518
1672,522
1674,527
1677,531
1680,535
1683,539
1686,543
1689,546
1693,549
1696,551
1699,554
1703,556
1707,557
1710,559
1714,560
1718,562
1722,563
1726,563
1731,564
1735,564
1739,565
1744,565
1748,565
1753,565
1758,565
1762,565
1767,565
1772,565
1777,565
1781,565
1786,566
1791,566
1795,568
1799,569
1804,571
1808,573
1812,575
1816,578
1819,581
1823,584
1827,587
1830,590
1834,593
1838,596
1841,599
1845,602
1848,604
1852,607
1855,609
1859,611
1863,613
1866,615
1870,616
1873,618
1876,619
1880,620
1883,621
1886,623
1889,624
1892,625
1895,626
1898,627
1900,628
1903,629
1905,630
1908,631
1910,632
1912,634
1914,635
1915,636
1917,638
1918,639
1920,640
1921,642
1922,644
1923,645
1924,647
1924,648
1925,650
1925,651
1926,653
1926,654
1926,655
1927,656
1927,657
1927,658
1927,659
1927,660
1926,661
1926,662
1926,662
1925,663
1925,663
1924,664
1924,664
1923,664
1923,664
1922,664
1921,665
1920,665
1919,665
1918,665
1917,665
1916,665
1915,665
1913,664
1912,664
1911,664
1910,664
1908,663
1907,663
1905,663
1904,662
1903,662
1901,662
1900,662
1898,661
1896,661
1895,661
1893,661
1892,661
1890,662
1888,662
1886,662
1885,663
1883,663
1881,664
1879,664
1877,665
1876,665
1874,666
1872,666
1870,666
1869,666
1867,666
1866,665
1864,665
1862,665
1861,665
1859,665
1858,665
1856,665
1854,665
1853,666
1851,666
1850,667
1848,668
1846,669
1845,670
1843,671
1841,671
1840,672
1838,673
1836,674
1835,675
1833,675
1831,676
1830,676
1828,676
1826,676
1825,676
1823,676
1821,676
1820,675
1818,675
1816,674
1814,674
1813,673
1811,673
1809,673
1808,673
1806,673
1804,672
1802,672
1801,672
1799,672
1797,673
1795,673
1794,673
1792,674
1790,675
1788,675
1786,676
1784,677
1782,678
1781,679
1779,681
1777,682
1775,683
1773,684
1771,685
1769,686
1767,687
1765,688
1763,689
1761,689
1759,690
1757,690
1756,691
1754,691
1752,691
1750,690
1749,690
1747,689
1745,688
1744,687
1742,686
1741,685
1739,684
1737,683
1736,682
1734,681
1733,680
1731,679
1730,678
1728,676
1727,675
1725,673
1724,672
1722,670
1720,668
1719,666
1717,665
1715,663
1714,661
1712,660
1710,658
1708,656
1706,654
1705,653
1703,651
1701,650
1699,648
1697,647
1696,647
1694,646
1692,646
1690,646
1688,646
1687,646
1685,647
1684,647
1682,648
1680,649
1679,650
1677,651
1676,652
1674,653
1673,655
1672,656
1670,657
1669,658
1667,659
1666,660
1665,660
1663,661
1662,661
1661,661
1659,660
1658,660
1656,659
1655,658
1653,657
1652,655
1651,654
1649,652
1648,651
1646,649
1645,647
1643,645
1642,643
1640,640
1639,638
1637,636
1636,634
1634,632
1633,630
1631,629
1630,628
1628,627
1626,626
1625,625
1623,625
1622,624
1620,624
1619,623
1617,622
1615,622
1614,621
1612,621
1611,621
1609,620
1608,621
1606,621
1604,622
1603,623
1601,625
1599,627
1598,629
1596,632
1594,635
1593,638
1591,641
1590,645
1588,648
1587,652
1585,655
1584,659
1583,661
1581,664
1580,666
1579,667
1578,668
1577,669
1576,669
1574,668
1573,667
1572,665
1571,663
1570,661
1569,658
1568,655
1566,652
1565,648
1564,645
1562,641
1561,638
1559,634
1557,631
1556,628
1554,626
1552,623
1550,621
1548,620
1546,619
1544,618
1542,618
1540,618
1538,618
1536,619
1534,620
1532,620
1530,621
1529,621
1527,622
1525,622
1523,622
1522,622
1520,622
1519,622
1517,622
1516,622
1514,621
1513,621
1511,620
1510,620
1508,619
1507,618
1506,617
1504,617
1503,616
1501,615
1500,614
1499,614
1497,613
1496,613
1494,612
1493,612
1492,612
1490,612
1489,612
1487,612
1486,611
1485,611
1483,611
1482,611
1480,611
1479,611
1478,612
1476,612
1475,612
1474,612
1472,612
1471,613
1470,613
1468,613
1467,613
1466,613
1465,614
1463,614
1462,614
1461,615
1460,615
1458,616
1457,616
1456,616
1455,617
1454,617
1453,617
1451,617
1450,617
1449,617
1448,616
1447,616
1446,615
1445,615
1444,614
1443,613
1442,612
1441,612
1440,611
1439,610
1438,609
1437,608
1437,606
1436,605
1435,604
1434,603
1433,602
1432,601
1432,599
1431,598
1430,597
1429,596
1429,595
1428,594
1427,593
1426,592
1426,592
1425,591
1424,590
1424,589
1423,589
1423,588
1422,588
1421,588
1421,587
1420,587
1420,587
1419,587
1419,586
1419,586
1418,586
1418,586
1417,585
1417,585
1417,585
1417,584
1416,584
1416,584
1416,583
1416,583
1416,582
1416,581
1416,580
1416,579
1416,578
1416,577
1416,575
1416,574
1416,572
1416,571
1416,569
1416,567
1416,565
1416,563
1416,562
1417,560
1417,558
1417,556
1417,555
1417,553
1417,551
1417,550
1417,549
1417,548
1417,547
1418,546
1418,545
1418,545
1418,545
1418,545
1418,545
1418,545
1418,546
1418,546
1419,547
1419,548
1419,549
1419,551
1419,552
1419,554
1419,555
1420,557
1420,558
1420,560
1420,562
1420,563
1421,565
1421,567
1421,569
1421,570
1421,572
1422,574
1422,576
1422,577
1423,579
1423,581
1423,582
1423,584
1424,585
1424,587
1425,588
1425,590
1425,591
1426,593
1426,594
1427,596
1427,597
1428,599
1429,601
1429,603
1430,605
1431,607
1431,610
1432,613
1433,616
1433,619
1434,623
1434,627
1435,631
1436,635
1436,640
1437,644
1437,649
1438,654
1438,658
1439,663
1439,667
1440,672
1440,676
1441,679
1441,682
1442,685
1442,687
1443,689
1443,690
1444,691
1445,691
1445,690
1446,689
1447,687
1448,685
1449,682
1450,679
1451,675
1452,672
1453,668
1454,663
1455,659
1456,655
1457,651
1458,648
1459,644
1460,641
1461,639
1462,636
1463,635
1464,633
1465,632
1465,632
1466,632
1466,632
1467,632
1467,633
1467,634
1467,636
1468,638
1468,640
1468,642
1468,645
1468,647
1467,650
1467,652
1467,655
1467,657
1467,659
1466,661
1466,663
1465,665
1465,666
1464,668
1464,669
1463,670
1462,671
1462,672
1461,673
1460,673
1459,674
1458,674
1456,673
1455,672
1454,671
1452,670
1451,668
1449,666
1447,663
1445,660
1443,657
1441,654
1439,650
1436,647
1434,643
1432,639
1429,635
1426,631
1424,627
1421,624
1419,620
1416,617
1413,615
1411,613
1408,612
1406,611
1403,611
1401,611
1398,612
1396,613
1393,615
1391,616
1389,619
1387,621
1384,624
1382,627
1380,631
1378,634
1376,637
1374,640
1371,643
1369,645
1367,647
1364,648
1362,649
1359,649
1356,648
1354,647
1351,646
1348,644
1345,641
1342,639
1338,636
1335,633
1332,630
1329,627
1326,623
1322,620
1319,616
1316,613
1312,609
1309,606
1306,603
1302,599
1299,597
1296,594
1292,592
1289,590
1286,588
1283,586
1280,585
1276,584
1273,583
1270,582
1267,581
1264,580
1261,580
1258,580
1255,580
1251,579
1248,579
1245,579
1242,578
1238,578
1235,577
1231,576
1228,576
1224,575
1220,575
1217,574
1213,573
1209,572
1205,572
1201,571
1197,570
1192,569
1188,569
1183,568
1179,566
1174,565
1169,563
1163,560
1158,558
1153,555
1147,552
1141,549
1136,546
1130,542
1124,539
1118,537
1112,534
1106,532
1101,530
1095,528
1090,526
1084,525
1079,524
1074,523
1069,523
1064,523
1059,523
1054,523
1049,523
1044,524
1039,524
1035,525
1030,526
1025,527
1021,527
1016,528
1011,529
1006,530
1001,530
996,530
991,531
986,530
980,530
974,529
968,528
962,527
956,525
949,523
942,521
936,519
929,517
922,514
915,511
907,509
900,506
893,504
886,502
879,500
871,499
864,497
857,496
850,494
843,493
835,491
828,489
821,487
813,485
805,482
798,479
790,476
782,472
774,468
766,463
757,458
749,452
741,446
733,440
724,434
716,427
708,420
699,413
691,406
683,399
675,392
667,384
659,377
651,370
644,364
636,358
629,353
622,348
616,344
609,341
603,338
597,337
591,335
586,334
580,334
575,334
570,335
564,335
559,337
554,338
549,339
545,340
540,341
535,342
530,343
525,343
520,343
516,343
512,343
507,343
504,343
500,343
497,343
494,342
492,342
490,342
488,342
487,342
486,342
486,342
