1796,1163
1796,1163
1797,1162
1797,1162
1797,1161
1797,1159
1797,1158
1798,1157
1798,1155
1798,1154
1798,1152
1799,1150
1799,1148
1799,1147
1800,1145
1800,1143
1800,1142
1800,1141
1801,1140
1801,1138
1801,1138
1801,1137
1801,1136
1801,1136
1801,1136
1801,1135
1801,1135
1801,1136
1801,1136
1801,1136
1801,1137
1801,1137
1801,1138
1801,1138
1801,1139
1801,1140
1800,1141
1800,1141
1800,1142
1800,1143
1800,1144
1800,1145
1800,1145
1800,1146
1800,1147
1799,1148
1799,1149
1799,1150
1799,1151
1799,1152
1799,1153
1799,1154
1799,1155
1799,1156
1799,1157
1798,1158
1798,1159
1798,1160
1798,1161
1798,1162
1798,1163
1798,1164
1798,1165
1798,1166
1798,1167
1797,1168
1797,1169
1797,1170
1797,1171
1797,1172
1796,1173
1796,1174
1796,1176
1796,1177
1795,1178
1795,1179
1795,1180
1794,1182
1794,1183
1794,1184
1793,1186
1793,1187
1793,1188
1792,1190
1792,1191
1791,1192
1791,1194
1791,1195
1790,1196
1790,1198
1790,1199
1790,1200
1789,1201
1789,1203
1789,1204
1789,1205
1788,1206
1788,1207
1788,1208
1788,1209
1788,1210
1788,1211
1787,1212
1787,1213
1787,1215
1787,1216
1787,1217
1786,1218
1786,1220
1786,1221
1786,1222
1785,1224
1785,1225
1785,1227
1784,1228
1784,1230
1783,1231
1783,1233
1783,1234
1782,1236
1782,1237
1781,1239
1781,1240
1780,1242
1780,1243
1779,1245
1779,1246
1779,1247
1778,1248
1778,1250
1777,1251
1777,1252
1776,1253
1776,1255
1775,1256
1775,1257
1775,1258
1774,1259
1774,1260
1773,1261
1773,1262
1773,1264
1772,1265
1772,1266
1772,1267
1771,1268
1771,1269
1771,1270
1771,1271
1771,1272
1770,1273
1770,1274
1770,1275
1770,1276
1770,1277
1770,1278
1770,1279
1769,1280
1769,1281
1769,1282
1769,1283
1769,1284
1769,1285
1769,1286
1769,1287
1769,1288
1769,1289
1769,1291
1769,1292
1768,1293
1768,1294
1768,1295
1768,1297
1768,1298
1768,1299
1767,1300
1767,1301
1767,1302
1767,1303
1767,1304
1766,1305
1766,1306
1766,1307
1766,1308
1765,1308
1765,1309
1765,1309
1764,1310
1764,1310
1764,1310
1763,1310
1763,1311
1763,1311
1762,1311
1762,1311
1762,1311
1761,1311
1761,1311
1760,1312
1759,1312
1759,1312
1758,1312
1758,1312
1757,1313
1756,1313
1755,1313
1754,1314
1754,1314
1753,1315
1752,1315
1751,1316
1750,1317
1749,1317
1748,1318
1747,1318
1746,1319
1745,1320
1744,1320
1743,1321
1742,1322
1741,1322
1740,1323
1739,1323
1738,1324
1737,1324
1736,1324
1735,1325
1734,1325
1733,1325
1732,1325
1731,1325
1730,1326
1729,1326
1728,1326
1728,1326
1727,1326
1726,1326
1725,1325
1724,1325
1723,1325
1722,1325
1722,1324
1721,1324
1720,1324
1719,1323
1718,1323
1718,1322
1717,1322
1716,1321
1715,1321
1715,1321
1714,1320
1713,1320
1713,1320
1712,1319
1711,1319
1710,1319
1710,1319
1709,1319
1708,1319
1707,1319
1707,1320
1706,1320
1705,1321
1704,1322
1703,1323
1702,1324
1701,1325
1700,1326
1699,1328
1698,1329
1697,1330
1696,1332
1695,1334
1694,1335
1693,1337
1692,1338
1691,1340
1690,1341
1689,1343
1688,1344
1687,1345
1686,1347
1685,1348
1684,1349
1683,1350
1682,1350
1681,1351
1680,1352
1679,1352
1678,1353
1677,1353
1676,1353
1675,1354
1674,1354
1673,1354
1672,1354
1671,1354
1670,1354
1669,1354
1668,1354
1667,1354
1665,1355
1664,1355
1663,1355
1662,1355
1660,1355
1659,1356
1658,1356
1656,1357
1655,1357
1654,1357
1652,1358
1651,1358
1650,1358
1648,1359
1647,1359
1645,1359
1644,1360
1643,1360
1641,1360
1640,1360
1638,1360
1637,1360
1636,1360
1634,1360
1633,1360
1632,1360
1630,1360
1629,1359
1628,1359
1626,1359
1625,1359
1624,1358
1622,1358
1621,1358
1620,1358
1618,1358
1617,1358
1615,1358
1614,1357
1613,1358
1611,1358
1610,1358
1608,1358
1607,1358
1605,1358
1604,1359
1602,1359
1601,1359
1599,1360
1598,1360
1596,1361
1595,1361
1593,1362
1592,1362
1590,1363
1589,1363
1587,1363
1586,1364
1584,1364
1583,1365
1581,1365
1580,1365
1578,1366
1577,1366
1575,1366
1574,1366
1572,1366
1571,1366
1570,1366
1568,1366
1567,1366
1565,1366
1564,1367
1562,1367
1561,1367
1560,1367
1558,1367
1557,1367
1555,1367
1554,1367
1552,1367
1551,1367
1549,1367
1548,1367
1546,1367
1545,1367
1543,1367
1542,1367
1541,1367
1539,1367
1538,1367
1536,1367
1535,1367
1533,1367
1532,1367
1530,1366
1529,1366
1528,1366
1526,1366
1525,1365
1523,1365
1522,1364
1521,1364
1519,1364
1518,1363
1517,1363
1515,1362
1514,1362
1513,1361
1511,1361
1510,1360
1509,1360
1507,1359
1506,1359
1505,1359
1504,1359
1502,1359
1501,1359
1500,1360
1498,1360
1497,1361
1496,1362
1495,1363
1493,1363
1492,1364
1491,1365
1490,1366
1488,1367
1487,1367
1486,1367
1485,1367
1484,1367
1483,1367
1481,1366
1480,1365
1479,1364
1478,1363
1477,1361
1476,1359
1474,1357
1473,1354
1472,1352
1471,1349
1469,1346
1468,1343
1467,1340
1466,1336
1464,1333
1463,1330
1462,1328
1460,1325
1459,1323
1457,1321
1456,1319
1455,1318
1453,1317
1452,1317
1451,1317
1450,1317
1448,1318
1447,1319
1446,1320
1445,1321
1444,1322
1442,1323
1441,1324
1440,1326
1439,1326
1438,1327
1436,1328
1435,1328
1434,1328
1433,1327
1431,1327
1430,1326
1429,1326
1428,1325
1426,1324
1425,1323
1424,1322
1422,1321
1421,1320
1420,1319
1418,1318
1417,1317
1416,1317
1414,1316
1413,1316
1412,1316
1410,1315
1409,1316
1407,1316
1406,1316
1405,1317
1403,1317
1402,1318
1401,1319
1400,1319
1398,1320
1397,1321
1396,1321
1394,1321
1393,1322
1392,1322
1391,1321
1390,1321
1388,1320
1387,1320
1386,1319
1385,1318
1384,1317
1382,1316
1381,1314
1380,1313
1379,1312
1378,1310
1377,1309
1375,1308
1374,1306
1373,1305
1372,1304
1371,1303
1370,1302
1368,1301
1367,1300
1366,1299
1365,1299
1364,1298
1363,1297
1361,1297
1360,1296
1359,1295
1358,1295
1357,1294
1356,1294
1354,1293
1353,1292
1352,1292
1351,1291
1350,1291
1349,1290
1348,1289
1347,1289
1346,1288
1345,1287
1344,1287
1343,1286
1342,1285
1340,1284
1339,1284
1338,1283
1337,1282
1336,1281
1335,1281
1334,1280
1333,1279
1332,1279
1331,1278
1330,1277
1329,1277
1328,1276
1327,1275
1326,1275
1325,1274
1324,1273
1323,1273
1322,1272
1321,1271
1320,1270
1319,1270
1318,1269
1317,1268
1316,1267
1315,1266
1314,1265
1313,1264
1312,1263
1311,1262
1311,1260
1310,1259
1309,1258
1308,1256
1307,1255
1306,1253
1305,1252
1304,1250
1303,1249
1303,1247
1302,1246
1301,1244
1300,1243
1299,1241
1299,1240
1298,1238
1297,1237
1296,1235
1296,1234
1295,1233
1294,1231
1293,1230
1293,1229
1292,1228
1291,1227
1291,1225
1290,1224
1290,1223
1289,1222
1288,1221
1288,1219
1287,1218
1286,1217
1286,1216
1285,1215
1285,1214
1284,1213
1284,1212
1283,1211
1282,1211
1282,1210
1281,1209
1281,1208
1280,1207
1280,1206
1279,1205
1278,1204
1278,1203
1277,1202
1277,1201
1276,1200
1276,1199
1275,1198
1274,1197
1274,1196
1273,1196
1272,1195
1272,1195
1271,1195
1270,1194
1270,1195
1269,1195
1269,1195
1268,1196
1267,1196
1267,1197
1266,1198
1266,1199
1265,1201
1265,1202
1264,1203
1264,1205
1263,1206
1263,1207
1263,1209
1262,1210
1262,1211
1262,1213
1261,1214
1261,1215
1261,1215
1260,1216
1260,1217
1260,1217
1260,1218
1260,1218
1260,1218
1260,1219
1259,1219
1259,1219
1259,1220
1259,1220
1259,1220
1259,1221
1260,1221
1260,1222
1260,1223
1260,1224
1260,1225
1260,1226
1261,1227
1261,1229
1261,1230
1261,1232
1262,1234
1262,1235
1262,1237
1263,1240
1263,1242
1263,1244
1264,1246
1264,1248
1265,1250
1265,1252
1266,1254
1266,1256
1267,1257
1267,1259
1268,1260
1268,1261
1268,1262
1269,1263
1269,1264
1270,1264
1270,1265
1270,1265
1271,1266
1271,1266
1271,1267
1271,1267
1271,1268
1272,1268
1272,1268
1272,1269
1272,1269
1271,1269
1271,1270
1271,1270
1271,1270
1270,1271
1270,1271
1270,1271
1269,1271
1269,1272
1268,1272
1267,1272
1266,1272
1266,1272
1265,1272
1264,1272
1263,1272
1262,1272
1261,1272
1260,1271
1259,1271
1257,1270
1256,1270
1255,1269
1254,1268
1252,1268
1251,1267
1249,1266
1248,1264
1247,1263
1245,1262
1244,1261
1242,1259
1241,1258
1239,1257
1238,1255
1236,1254
1234,1253
1233,1252
1231,1251
1230,1250
1228,1249
1227,1248
1225,1247
1224,1246
1222,1245
1221,1244
1219,1243
1218,1243
1216,1242
1215,1241
1213,1241
1212,1240
1210,1240
1209,1239
1208,1238
1206,1238
1205,1237
1203,1236
1202,1235
1201,1235
1199,1234
1198,1232
1196,1231
1195,1230
1194,1228
1192,1227
1191,1225
1190,1223
1188,1222
1187,1220
1186,1218
1184,1216
1183,1214
1182,1213
1180,1211
1179,1209
1178,1208
1177,1206
1175,1205
1174,1203
1173,1202
1172,1201
1171,1199
1170,1198
1168,1197
1167,1196
1166,1195
1165,1194
1164,1193
1163,1192
1162,1191
1161,1190
1160,1189
1159,1189
1158,1188
1157,1187
1156,1186
1155,1185
1154,1184
1153,1183
1152,1182
1151,1180
1150,1179
1149,1177
1148,1176
1147,1174
1146,1172
1145,1171
1144,1169
1143,1167
1142,1165
1141,1163
1140,1161
1139,1160
1138,1158
1137,1156
1136,1155
1135,1153
1134,1152
1133,1151
1132,1150
1131,1149
1130,1148
1130,1147
1129,1147
1128,1146
1128,1146
1127,1145
1126,1145
1126,1145
1125,1144
1125,1144
1124,1143
1123,1142
1123,1142
1122,1141
1122,1140
1121,1138
1120,1137
1120,1135
1119,1133
1118,1131
1117,1129
1117,1126
1116,1124
1115,1121
1114,1118
1113,1115
1113,1112
1112,1108
1111,1105
1110,1102
1110,1099
1109,1096
1108,1093
1107,1091
1107,1088
1106,1086
1106,1083
1105,1081
1105,1079
1104,1077
1104,1075
1103,1074
1103,1072
1103,1071
1102,1070
1102,1068
1102,1067
1102,1066
1101,1065
1101,1063
1101,1062
1101,1061
1100,1060
1100,1059
1100,1058
1100,1057
1099,1056
1099,1055
1099,1054
1099,1053
1098,1052
1098,1051
1098,1050
1098,1049
1097,1047
1097,1046
1096,1045
1096,1043
1096,1042
1095,1040
1095,1039
1094,1037
1093,1035
1093,1033
1092,1032
1091,1030
1091,1028
1090,1027
1089,1025
1089,1024
1088,1023
1087,1021
1086,1020
1086,1020
1085,1019
1084,1019
1084,1019
1083,1019
1082,1019
1082,1019
1081,1020
1081,1021
1080,1022
1080,1023
1079,1024
1079,1026
1078,1028
1078,1029
1077,1031
1077,1033
1077,1035
1076,1037
1076,1038
1076,1040
1075,1042
1075,1043
1074,1045
1074,1046
1073,1047
1073,1048
1072,1049
1071,1050
1071,1050
1070,1051
1069,1052
1068,1052
1068,1053
1067,1054
1066,1055
1065,1055
1064,1056
1063,1057
1063,1059
1062,1060
1061,1061
1060,1062
1059,1064
1058,1065
1057,1066
1057,1068
1056,1069
1055,1071
1054,1073
1053,1074
1052,1076
1051,1077
1050,1079
1049,1081
1048,1082
1047,1084
1046,1086
1046,1087
1045,1089
1044,1090
1043,1092
1042,1093
1041,1095
1040,1096
1039,1097
1038,1098
1037,1100
1036,1101
1035,1102
1034,1103
1033,1105
1032,1106
1031,1107
1030,1108
1028,1109
1027,1111
1026,1112
1025,1113
1024,1115
1023,1116
1022,1117
1022,1119
1021,1120
1020,1121
1019,1122
1017,1123
1016,1124
1015,1125
1014,1126
1013,1127
1012,1127
1011,1128
1010,1129
1009,1129
1008,1130
1007,1131
1006,1131
1005,1132
1004,1133
1003,1133
1002,1134
1002,1135
1001,1135
1000,1136
999,1137
998,1138
997,1139
996,1140
996,1141
995,1142
994,1143
994,1144
993,1146
992,1147
992,1149
991,1150
990,1152
990,1154
989,1156
989,1158
988,1160
988,1162
987,1164
987,1166
986,1168
986,1170
985,1172
985,1174
984,1175
984,1177
983,1179
983,1181
982,1182
982,1184
981,1185
981,1186
980,1187
980,1188
979,1189
978,1190
978,1191
977,1192
976,1192
976,1192
975,1193
974,1193
974,1193
973,1193
972,1193
971,1192
970,1192
970,1192
969,1191
968,1191
967,1191
966,1190
965,1190
964,1189
964,1189
963,1189
962,1188
961,1188
960,1188
960,1187
959,1187
958,1187
957,1186
957,1186
956,1186
955,1185
954,1185
953,1185
952,1184
952,1184
951,1183
950,1182
949,1182
948,1181
947,1181
946,1180
946,1179
945,1179
944,1178
943,1177
942,1177
942,1176
941,1175
940,1174
939,1174
939,1173
938,1172
937,1172
937,1171
936,1170
936,1169
935,1168
935,1167
934,1167
934,1166
933,1165
933,1164
932,1163
932,1162
932,1160
931,1159
931,1158
930,1157
930,1155
930,1154
929,1153
929,1151
929,1150
928,1148
928,1147
927,1145
927,1143
927,1142
926,1140
926,1138
925,1136
925,1135
925,1133
924,1131
924,1130
924,1128
923,1127
923,1125
923,1123
922,1122
922,1120
922,1119
922,1117
921,1116
921,1115
921,1113
921,1112
921,1110
920,1109
920,1108
920,1106
920,1105
920,1104
920,1102
920,1101
920,1100
920,1099
920,1098
920,1097
919,1096
919,1095
919,1094
919,1093
919,1092
919,1091
919,1090
919,1089
919,1088
919,1087
919,1086
918,1085
918,1084
918,1083
918,1082
918,1080
918,1079
917,1078
917,1077
917,1076
917,1075
916,1074
916,1072
916,1071
916,1070
915,1069
915,1067
914,1066
914,1065
914,1063
913,1062
913,1061
912,1059
912,1058
911,1057
911,1055
911,1054
910,1053
910,1051
909,1050
909,1049
908,1047
907,1046
907,1044
906,1043
906,1041
905,1040
905,1038
904,1037
904,1035
903,1034
903,1033
902,1031
902,1030
901,1029
901,1028
900,1026
900,1025
899,1024
899,1023
899,1022
898,1021
898,1019
897,1018
897,1017
897,1016
897,1015
896,1014
896,1013
896,1012
896,1010
896,1009
896,1008
896,1007
896,1006
896,1005
896,1004
896,1002
896,1001
896,1000
896,999
896,997
896,996
896,995
896,993
896,992
897,991
897,989
897,988
897,986
897,985
897,983
897,981
898,980
898,978
898,976
898,974
898,972
898,970
898,968
899,966
899,964
899,962
899,961
899,959
899,957
900,955
900,954
900,952
901,951
901,949
901,948
902,947
902,946
902,945
903,944
903,943
903,943
904,942
904,941
904,940
905,940
905,939
905,938
905,938
906,937
906,936
906,936
906,935
906,934
906,933
906,932
906,930
906,929
905,927
905,926
905,924
905,922
904,921
904,919
903,917
903,915
903,914
902,912
902,910
901,909
901,907
900,906
900,904
899,903
899,902
898,901
898,899
897,898
897,897
896,896
895,895
895,894
894,893
894,892
893,891
892,891
892,890
891,889
890,888
890,888
889,887
888,886
888,886
887,885
886,884
886,883
885,883
884,882
884,881
883,880
882,879
881,878
880,877
880,876
879,875
878,874
877,873
876,872
875,870
875,869
874,868
873,867
872,866
871,865
870,864
870,863
869,861
868,860
867,859
866,858
866,857
865,855
864,854
863,853
863,852
862,851
861,850
861,849
860,848
859,847
859,847
858,846
858,845
857,844
857,843
856,843
856,842
855,842
855,842
855,842
854,841
854,841
854,841
853,842
853,842
853,842
853,842
852,842
852,842
852,842
852,843
851,843
851,843
851,843
851,843
850,843
850,843
850,843
849,843
849,843
849,842
848,842
848,842
848,842
847,842
847,842
847,842
847,841
846,841
846,841
846,841
846,841
845,841
845,841
845,841
845,841
845,841
845,842
845,842
845,843
845,843
845,844
845,845
845,845
845,846
845,847
846,848
846,849
846,850
846,851
847,852
847,853
847,854
847,855
848,856
848,857
849,858
849,860
849,861
850,862
850,864
851,865
851,867
852,868
852,870
853,871
853,873
853,874
854,875
854,876
854,877
854,878
855,879
855,880
855,881
855,881
855,882
855,883
855,883
855,884
855,884
855,885
855,885
855,886
855,887
855,887
855,888
855,889
855,890
855,891
855,891
855,892
855,893
855,894
855,895
855,896
855,897
855,898
854,899
854,900
854,901
854,902
854,903
854,904
853,905
853,907
853,908
853,909
852,910
852,912
852,913
852,915
851,916
851,918
851,919
851,921
850,923
850,925
850,926
850,928
849,930
849,932
849,934
848,936
848,937
848,939
847,941
847,942
846,944
846,945
845,947
845,948
844,950
844,951
843,952
842,953
842,954
841,955
840,957
840,958
839,959
838,960
838,961
837,962
836,964
836,965
835,966
834,968
834,969
833,970
832,972
831,973
831,974
830,975
829,977
829,978
828,979
827,980
826,981
825,982
824,983
823,984
823,985
822,986
821,987
820,988
819,989
818,990
817,991
816,992
816,993
815,994
814,995
813,996
812,998
811,999
810,1000
809,1001
808,1002
808,1003
807,1005
806,1006
805,1007
804,1008
803,1009
802,1010
801,1011
800,1012
799,1013
798,1014
797,1015
796,1016
795,1017
793,1018
793,1019
792,1021
791,1022
790,1024
789,1026
789,1029
788,1031
788,1034
787,1037
787,1039
786,1043
786,1046
785,1049
785,1052
784,1055
783,1058
782,1061
782,1064
781,1067
779,1069
778,1071
777,1073
775,1075
773,1076
772,1077
770,1077
768,1077
765,1077
763,1076
761,1075
759,1074
756,1073
754,1071
751,1069
749,1067
747,1065
745,1063
743,1061
741,1059
739,1058
737,1056
736,1054
735,1053
734,1052
733,1051
732,1051
732,1050
732,1050
732,1050
732,1051
732,1051
732,1052
733,1053
733,1053
733,1054
734,1055
735,1056
735,1056
736,1057
737,1058
738,1059
739,1059
740,1060
741,1061
742,1061
743,1061
744,1062
745,1062
746,1062
747,1062
748,1062
750,1062
751,1062
752,1061
754,1061
755,1061
757,1061
758,1061
760,1060
761,1060
763,1060
764,1060
766,1060
767,1060
769,1060
771,1060
772,1060
774,1060
776,1060
777,1060
779,1060
780,1061
782,1061
784,1061
785,1061
786,1062
788,1062
789,1062
791,1062
792,1062
793,1063
794,1063
796,1063
797,1063
798,1064
799,1064
800,1064
801,1065
802,1065
803,1065
804,1065
805,1066
806,1066
807,1066
808,1066
809,1067
810,1067
811,1067
812,1068
813,1068
813,1068
814,1068
815,1069
816,1069
817,1069
818,1070
819,1070
819,1070
820,1070
821,1070
822,1070
823,1070
823,1070
824,1070
825,1070
825,1069
826,1069
826,1068
827,1068
827,1067
828,1066
828,1065
829,1065
829,1064
830,1063
830,1063
831,1062
831,1062
832,1061
832,1061
833,1061
834,1061
835,1061
836,1062
837,1063
838,1064
839,1065
840,1066
841,1068
842,1069
843,1071
845,1072
846,1074
847,1076
849,1078
850,1080
851,1083
853,1085
854,1088
856,1090
857,1093
859,1097
860,1100
862,1104
864,1107
865,1111
867,1115
869,1120
871,1124
873,1128
874,1133
876,1137
878,1142
880,1146
881,1150
883,1154
884,1157
886,1160
887,1163
888,1165
889,1166
890,1168
891,1168
892,1168
892,1167
892,1166
892,1164
893,1162
892,1159
892,1156
892,1152
892,1148
891,1143
891,1138
890,1133
890,1128
889,1122
888,1117
888,1112
888,1107
887,1102
887,1098
887,1094
887,1090
887,1086
887,1083
888,1080
888,1078
889,1076
889,1074
890,1073
891,1071
892,1071
893,1070
894,1069
895,1069
896,1069
897,1069
898,1069
899,1069
901,1069
902,1069
903,1069
905,1069
906,1069
907,1070
909,1070
910,1071
912,1071
913,1072
915,1073
916,1074
918,1075
919,1075
921,1076
923,1077
924,1078
926,1079
927,1080
929,1081
931,1082
932,1083
934,1083
935,1084
937,1085
938,1085
940,1086
941,1086
943,1086
944,1087
946,1087
947,1087
949,1087
950,1087
951,1086
953,1086
954,1086
955,1086
957,1086
958,1085
959,1085
961,1084
962,1084
963,1084
965,1083
966,1083
967,1082
969,1082
970,1082
971,1082
973,1081
974,1081
975,1081
977,1081
978,1081
979,1081
981,1081
982,1081
984,1081
985,1081
987,1082
988,1082
990,1082
991,1082
993,1082
994,1083
996,1083
997,1083
999,1084
1000,1084
1002,1084
1003,1085
1005,1085
1006,1086
1008,1086
1009,1087
1011,1088
1013,1088
1014,1089
1016,1090
1017,1090
1019,1091
1021,1092
1022,1093
1024,1094
1025,1094
1027,1095
1029,1096
1030,1097
1032,1098
1034,1098
1035,1099
1037,1099
1038,1100
1040,1100
1042,1101
1043,1101
1045,1101
1046,1102
1048,1102
1049,1102
1051,1102
1053,1102
1054,1102
1056,1102
1057,1102
1059,1102
1060,1102
1062,1102
1064,1102
1065,1102
1067,1102
1068,1102
1070,1102
1071,1102
1073,1102
1074,1102
1076,1102
1077,1102
1079,1102
1080,1102
1082,1102
1083,1102
1085,1102
1086,1103
1088,1103
1089,1103
1091,1103
1092,1104
1094,1104
1095,1105
1097,1105
1099,1106
1100,1107
1102,1107
1103,1108
1105,1109
1106,1109
1108,1110
1109,1110
1111,1111
1112,1111
1114,1112
1115,1112
1117,1112
1118,1113
1120,1113
1121,1113
1122,1113
1124,1113
1125,1114
1127,1114
1128,1114
1129,1114
1131,1114
1132,1114
1134,1114
1135,1115
1136,1115
1138,1115
1139,1115
1140,1116
1142,1116
1143,1116
1145,1117
1146,1117
1147,1118
1149,1118
1150,1119
1152,1119
1153,1120
1154,1121
1156,1121
1157,1122
1159,1123
1160,1123
1162,1124
1163,1125
1164,1126
1166,1126
1167,1127
1169,1128
1170,1128
1171,1129
1173,1130
1174,1131
1175,1131
1177,1132
1178,1133
1180,1134
1181,1134
1183,1135
1184,1136
1185,1137
1187,1137
1188,1138
1190,1138
1191,1139
1192,1139
1194,1140
1195,1140
1197,1141
1198,1141
1200,1142
1201,1142
1203,1143
1204,1143
1206,1144
1207,1144
1209,1145
1210,1145
1212,1146
1213,1146
1215,1147
1216,1147
1218,1148
1220,1148
1221,1149
1223,1150
1225,1150
1226,1151
1228,1152
1230,1152
1231,1153
1233,1154
1235,1155
1237,1156
1239,1157
1241,1158
1243,1159
1245,1160
1247,1162
1249,1163
1251,1164
1253,1166
1255,1167
1258,1168
1260,1169
1262,1171
1265,1172
1267,1173
1270,1174
1272,1175
1275,1176
1278,1177
1280,1179
1283,1180
1286,1181
1289,1182
1292,1183
1295,1184
1298,1185
1301,1186
1304,1187
1307,1188
1310,1189
1313,1191
1316,1192
1319,1194
1322,1195
1326,1197
1329,1199
1332,1201
1335,1203
1338,1205
1341,1208
1344,1210
1348,1213
1351,1215
1354,1218
1357,1220
1360,1223
1363,1226
1366,1228
1369,1231
1372,1233
1375,1236
1378,1238
1381,1240
1384,1242
1387,1244
1390,1246
1393,1248
1396,1249
1399,1251
1402,1253
1405,1254
1408,1255
1411,1257
1414,1258
1417,1259
1420,1260
1423,1261
1426,1261
1429,1262
1432,1263
1435,1263
1437,1264
1440,1265
1443,1265
1446,1266
1449,1266
1452,1267
1455,1267
1458,1268
1461,1268
1463,1269
1466,1269
1469,1270
1472,1270
1475,1270
1477,1270
1480,1270
1483,1270
1485,1271
1488,1271
1491,1271
1493,1271
1496,1271
1498,1272
1501,1272
1503,1273
1506,1274
1508,1275
1510,1276
1513,1277
1515,1278
1517,1279
1519,1280
1521,1281
1523,1282
1525,1284
1527,1285
1529,1286
1531,1287
1533,1289
1535,1290
1537,1291
1539,1293
1540,1294
1542,1296
1544,1298
1546,1299
1547,1301
1549,1302
1551,1304
1553,1306
1554,1307
1556,1308
1558,1310
1559,1311
1561,1312
1563,1313
1564,1314
1566,1315
1568,1316
1569,1317
1571,1318
1573,1319
1574,1320
1576,1321
1577,1322
1579,1322
1581,1323
1582,1324
1584,1325
1585,1325
1587,1326
1588,1327
1590,1327
1591,1328
1593,1328
1594,1328
1596,1328
1597,1329
1599,1329
1600,1329
1601,1329
1603,1329
1604,1329
1605,1330
1606,1330
1607,1330
1608,1331
1609,1331
1610,1331
1611,1332
1612,1332
1613,1333
1614,1333
1614,1334
1615,1334
1616,1334
1616,1335
1617,1335
1617,1335
1618,1336
1618,1336
1619,1336
1619,1336
1619,1336
1619,1337
1620,1337
1620,1337
1620,1337
1620,1337
1620,1337
1620,1338
1620,1338
1620,1338
1619,1338
1619,1338
1619,1338
1619,1338
1619,1338
1618,1339
1618,1339
1618,1339
1617,1339
1617,1339
1617,1339
1616,1339
1616,1340
1615,1340
1615,1340
1614,1341
1614,1341
1613,1341
1613,1342
1612,1342
1612,1342
1611,1342
1611,1343
1610,1343
1609,1343
1609,1343
1608,1343
1608,1342
1607,1342
1607,1342
1606,1341
1606,1341
1606,1341
1605,1340
1605,1339
1604,1339
1604,1338
1603,1337
1603,1337
1602,1336
1602,1335
1601,1334
1601,1333
1600,1333
1600,1332
1600,1331
1599,1330
1598,1330
1598,1329
1597,1328
1597,1328
1596,1327
1596,1326
1595,1325
1595,1325
1594,1324
1593,1323
1593,1322
1592,1321
1592,1320
1591,1319
1591,1318
1590,1317
1590,1316
1589,1314
1589,1313
1589,1311
1588,1310
1588,1308
1587,1306
1587,1305
1587,1303
1586,1302
1586,1300
1585,1298
1585,1297
1584,1296
1584,1294
1583,1293
1583,1291
1583,1290
1582,1289
1582,1287
1581,1286
1581,1284
1580,1282
1580,1280
1580,1278
1580,1276
1579,1274
1579,1271
1579,1269
1579,1266
1579,1263
1579,1261
1578,1258
1578,1255
1578,1252
1578,1249
1578,1246
1578,1243
1578,1241
1577,1238
1577,1236
1577,1234
1576,1232
1576,1230
1575,1229
1575,1228
1574,1227
1574,1226
1573,1225
1572,1224
1572,1224
1571,1224
1570,1224
1569,1224
1568,1224
1568,1224
1567,1224
1566,1224
1565,1224
1564,1225
1564,1224
1563,1224
1562,1224
1561,1224
1561,1223
1560,1222
1559,1221
1559,1220
1558,1219
1558,1218
1557,1217
1556,1216
1556,1215
1555,1214
1554,1213
1554,1211
1553,1210
1552,1209
1552,1207
1551,1205
1550,1204
1549,1202
1548,1199
1547,1197
1546,1195
1545,1192
1544,1190
1542,1188
1541,1185
1539,1183
1538,1181
1536,1178
1535,1176
1533,1175
1531,1173
1529,1172
1527,1171
1525,1170
1524,1169
1522,1168
1520,1167
1518,1166
1516,1165
1514,1163
1511,1161
1509,1158
1507,1155
1505,1152
1502,1148
1499,1144
1497,1139
1494,1133
1491,1128
1487,1122
1484,1115
1481,1108
1477,1101
1473,1093
1469,1086
1465,1077
1461,1069
1457,1061
1453,1052
1449,1044
1445,1036
1441,1028
1437,1020
1433,1012
1429,1005
1425,998
1422,991
1418,984
1415,978
1412,973
1410,967
1408,962
1406,957
1404,953
1403,948
1403,944
1402,940
1402,936
1402,931
1403,927
1404,922
1405,918
1407,913
1409,908
1411,903
1413,898
1415,893
1418,888
1421,883
1424,878
1427,874
1430,870
1433,866
1436,862
1440,859
1443,856
1447,854
1450,852
1454,851
1458,850
1461,850
1464,850
1468,851
1471,852
1474,853
1477,855
1481,857
1484,859
1487,861
1490,864
1493,866
1495,868
1498,870
1501,872
1504,873
1507,874
1510,874
1512,875
1515,874
1518,873
1521,872
1524,870
1526,868
1529,865
1532,862
1535,859
1537,855
1540,851
1543,847
1545,842
1548,838
1550,833
1552,829
1554,824
1556,820
1558,816
1560,813
1561,810
1563,807
1564,805
1565,803
1566,802
1566,801
1567,800
1567,800
1567,800
1567,800
1567,800
1567,800
1567,800
1567,800
1567,800
1566,801
1566,801
1565,801
1565,801
1564,801
1564,801
1563,801
1563,801
1562,801
1561,801
1561,800
1560,800
1559,800
1558,799
1558,799
1557,799
1556,798
1555,798
1554,797
1553,797
1552,796
1551,796
1550,795
1549,795
1547,794
1546,793
1545,793
1544,792
1543,791
1542,790
1540,789
1539,789
1538,788
1537,788
1536,788
1534,788
1533,788
1532,789
1531,790
1530,791
1528,793
1527,795
1526,796
1525,799
1524,801
1523,803
1521,805
1520,807
1519,808
1518,810
1517,811
1516,812
1514,813
1513,813
1512,812
1511,812
1510,811
1508,809
1507,808
1506,805
1505,803
1504,800
1503,797
1501,794
1500,790
1499,787
1498,783
1497,779
1496,775
1495,771
1493,767
1492,763
1491,760
1490,757
1489,753
1488,751
1487,748
1486,746
1485,744
1485,742
1484,741
1483,740
1482,738
1482,738
1481,737
1480,736
1480,735
1479,734
1479,733
1479,732
1478,732
1478,731
1478,730
1478,729
1478,728
1478,727
1478,727
1478,726
1478,725
1478,725
1478,724
1478,724
1478,724
1478,724
1479,723
1479,723
1479,723
1479,723
1480,723
1480,723
1480,723
1481,723
1481,723
1481,723
1481,723
1481,723
1482,723
1482,723
1482,723
1482,723
1482,724
1482,724
1482,725
1482,725
1482,726
1482,727
1482,727
1482,728
1482,729
1482,729
1482,730
1481,730
1481,731
1481,731
1480,732
1480,732
1479,732
1479,732
1478,732
1478,732
1477,732
1476,732
1475,732
1475,732
1474,732
1473,733
1472,733
1471,734
1470,735
1469,736
1468,738
1466,740
1465,741
1464,744
1463,746
1461,748
1460,750
1458,752
1457,754
1455,756
1454,758
1452,759
1450,760
1448,761
1446,761
1445,761
1442,760
1440,759
1438,757
1436,755
1434,752
1431,750
1429,746
1427,743
1424,740
1422,736
1419,733
1417,729
1414,726
1412,723
1409,719
1407,716
1404,713
1401,710
1399,707
1396,704
1394,702
1391,699
1388,697
1386,695
1383,693
1381,691
1378,690
1376,688
1374,686
1371,684
1369,681
1367,679
1365,676
1363,674
1361,671
1359,668
1358,665
1356,662
1355,659
1353,656
1352,654
1351,652
1350,650
1349,648
1349,647
1348,647
1348,646
1348,647
1348,648
1348,649
1348,651
1348,654
1349,657
1350,660
1350,664
1351,667
1353,671
1354,674
1355,678
1357,681
1358,684
1360,687
1362,690
1364,693
1366,695
1368,697
1370,699
1372,700
1375,701
1377,702
1379,703
1381,703
1384,703
1386,702
1388,702
1390,701
1392,700
1394,699
1395,698
1397,697
1399,696
1400,695
1401,694
1402,693
1404,692
1405,691
1405,690
1406,689
1407,688
1407,688
1408,687
1408,687
1409,687
1409,687
1409,687
1409,687
1410,688
1410,688
1410,688
1410,689
1410,690
1410,690
1410,691
1410,692
1410,692
1410,693
1410,694
1410,694
1410,695
1410,696
1410,698
1410,699
1410,701
1410,703
1409,705
1409,708
1409,711
1409,715
1409,719
1409,724
1409,728
1408,734
1408,739
1408,745
1408,751
1408,757
1408,763
1407,769
1407,774
1407,779
1407,784
1407,789
1407,793
1406,797
1406,800
1406,802
1406,805
1406,806
1407,807
1407,807
1407,807
1407,806
1407,805
1407,803
1407,801
1408,798
1408,796
1408,792
1408,789
1408,786
1408,783
1408,780
1408,778
1408,776
1408,774
1408,773
1408,773
1408,773
1407,774
1407,775
1406,777
1405,779
1405,781
1404,784
1403,787
1402,789
1401,792
1399,795
1398,797
1396,800
1395,802
1393,804
1391,806
1389,807
1387,809
1385,810
1383,812
1380,813
1378,814
1376,815
1373,817
1371,818
1369,819
1366,820
1364,821
1361,822
1359,824
1357,825
1354,826
1352,828
1349,829
1347,831
1344,833
1341,835
1339,837
1336,839
1334,842
1331,844
1329,847
1326,850
1324,852
1321,855
1318,858
1316,861
1313,863
1311,866
1308,868
1305,870
1303,872
1300,874
1298,876
1295,878
1293,880
1290,882
1287,885
1285,887
1283,890
1280,892
1278,895
1276,898
1274,900
1272,904
1270,907
1268,910
1266,913
1264,917
1262,920
1261,924
1259,927
1257,931
1256,934
1254,938
1252,942
1251,946
1249,949
1248,953
1246,957
1245,962
1243,966
1242,970
1240,974
1239,978
1238,983
1236,987
1235,991
1233,995
1232,1000
1230,1004
1229,1008
1228,1012
1226,1017
1225,1021
1223,1025
1222,1029
1221,1033
1219,1038
1218,1042
1216,1046
1215,1050
1214,1054
1212,1058
1211,1062
1209,1066
1208,1070
1207,1074
1205,1078
1204,1081
1202,1085
1201,1089
1199,1093
1198,1097
1197,1100
1195,1104
1194,1108
1192,1112
1191,1116
1189,1119
1188,1123
1186,1127
1185,1131
1184,1135
1182,1139
1180,1143
1179,1147
1177,1151
1176,1155
1174,1159
1173,1163
1171,1167
1170,1171
1168,1175
1166,1179
1165,1183
1163,1187
1161,1191
1160,1195
1158,1199
1156,1203
1155,1206
1153,1210
1151,1214
1150,1217
1148,1221
1146,1224
1144,1228
1143,1231
1141,1234
1139,1237
1138,1240
1136,1243
1134,1245
1133,1248
1131,1250
1130,1253
1128,1255
1127,1257
1126,1259
1124,1261
1123,1263
1122,1265
1121,1267
1120,1268
1119,1270
1118,1272
1117,1274
1116,1275
1116,1277
1115,1279
1115,1281
1114,1283
1114,1285
1114,1287
1113,1289
1113,1290
1113,1292
1113,1294
1113,1296
1113,1298
1114,1301
1114,1303
1114,1305
1115,1307
1115,1309
1116,1311
1117,1313
1117,1315
1118,1317
1119,1319
1120,1322
1121,1324
1122,1326
1124,1328
1125,1331
1127,1333
1128,1335
1130,1338
1131,1340
1133,1343
1135,1345
1137,1348
1139,1351
1141,1354
1144,1357
1146,1360
1148,1363
1151,1366
1153,1369
1156,1372
1158,1376
1161,1379
1164,1383
1167,1386
1169,1390
1172,1394
1175,1398
1178,1401
1181,1405
1184,1409
1186,1413
1189,1417
1192,1420
1195,1424
1198,1428
1201,1432
1204,1435
1206,1439
1209,1443
1212,1447
1215,1451
1217,1455
1220,1458
1223,1462
1225,1466
1228,1470
1230,1475
1233,1479
1235,1483
1238,1487
1240,1491
1242,1495
1245,1500
1247,1504
1249,1508
1251,1512
1254,1517
1256,1521
1258,1525
1260,1529
1263,1534
1265,1538
1267,1542
1269,1546
1272,1550
1274,1554
1277,1558
1279,1562
1281,1566
1284,1570
1286,1574
1289,1577
1292,1581
1294,1585
1297,1588
1300,1592
1302,1595
1305,1598
1308,1602
1311,1605
1313,1608
1316,1612
1319,1615
1322,1618
1324,1622
1327,1625
1330,1628
1333,1632
1335,1635
1338,1638
1340,1641
1343,1644
1345,1647
1348,1651
1350,1654
1352,1657
1355,1659
1357,1662
1359,1665
1361,1668
1363,1671
1365,1673
1368,1676
1369,1678
1371,1681
1373,1683
1375,1685
1377,1687
1379,1689
1380,1691
1382,1693
1384,1695
1385,1697
1387,1699
1389,1700
1390,1702
1392,1703
1393,1704
1395,1705
1396,1706
1398,1707
1399,1708
1400,1709
1402,1709
1403,1710
1405,1710
1406,1710
1407,1710
1409,1709
1410,1709
1412,1708
1413,1708
1415,1707
1416,1706
1417,1705
1419,1704
1420,1703
1422,1701
1423,1700
1425,1699
1426,1698
1428,1696
1429,1695
1431,1694
1433,1693
1434,1691
1436,1690
1437,1689
1438,1688
1440,1688
1441,1687
1443,1686
1444,1686
1446,1686
1447,1685
1448,1685
1450,1686
1451,1686
1452,1686
1453,1687
1455,1688
1456,1688
1457,1689
1458,1690
1459,1691
1460,1693
1462,1694
1463,1695
1464,1696
1465,1698
1466,1699
1467,1700
1468,1701
1469,1703
1470,1704
1471,1705
1472,1707
1473,1708
1474,1709
1475,1710
1476,1711
1477,1713
1477,1714
1478,1715
1479,1716
1480,1717
1481,1718
1482,1719
1483,1720
1484,1721
1485,1722
1486,1722
1487,1723
1488,1723
1489,1724
1490,1725
1491,1725
1492,1725
1493,1726
1494,1726
1495,1726
1496,1726
1497,1726
1498,1726
1499,1726
1500,1726
1501,1725
1503,1725
1504,1724
1505,1724
1506,1723
1508,1723
1509,1722
1510,1721
1511,1721
1513,1720
1514,1719
1515,1719
1517,1718
1518,1718
1519,1717
1521,1717
1522,1716
1523,1716
1525,1715
1526,1715
1528,1715
1529,1714
1530,1714
1532,1714
1533,1713
1535,1713
1536,1713
1537,1713
1539,1712
1540,1712
1542,1712
1543,1712
1545,1712
1546,1712
1547,1712
1549,1713
1550,1713
1551,1713
1553,1714
1554,1714
1555,1715
1556,1715
1558,1716
1559,1717
1560,1718
1561,1719
1562,1720
1564,1720
1565,1721
1566,1722
1567,1723
1568,1724
1569,1724
1571,1725
1572,1725
1573,1725
1574,1725
1576,1726
1577,1725
1578,1725
1580,1725
1581,1725
1583,1724
1584,1724
1586,1723
1587,1723
1589,1722
1590,1721
1592,1720
1593,1719
1595,1719
1596,1718
1598,1717
1600,1716
1601,1715
1603,1714
1604,1713
1606,1713
1607,1712
1609,1711
1611,1710
1612,1710
1614,1709
1615,1709
1617,1708
1618,1708
1620,1708
1621,1708
1623,1708
1624,1708
1626,1708
1627,1708
1629,1708
1630,1708
1632,1708
1633,1709
1634,1709
1636,1710
1637,1710
1638,1711
1640,1711
1641,1712
1642,1712
1644,1713
1645,1714
1646,1714
1648,1715
1649,1715
1650,1715
1652,1715
1653,1716
1655,1715
1657,1715
1658,1715
1660,1715
1662,1714
1664,1714
1665,1713
1667,1712
1669,1712
1671,1711
1673,1710
1674,1710
1676,1709
1678,1708
1680,1708
1681,1707
1683,1707
1685,1706
1687,1706
1688,1705
1690,1705
1691,1705
1693,1705
1695,1705
1696,1705
1698,1705
1699,1705
1700,1705
1702,1705
1703,1705
1705,1706
1706,1706
1707,1707
1708,1707
1710,1708
1711,1709
1712,1709
1713,1710
1714,1711
1715,1712
1716,1713
1717,1714
1718,1715
1719,1716
1720,1717
1721,1718
1722,1719
1723,1720
1724,1721
1725,1722
1727,1723
1728,1724
1729,1724
1730,1725
1731,1725
1733,1726
1734,1726
1735,1726
1737,1727
1738,1727
1740,1727
1741,1727
1743,1726
1744,1726
1746,1726
1748,1725
1749,1725
1751,1724
1753,1724
1754,1723
1756,1722
1758,1722
1760,1721
1761,1720
1763,1720
1765,1719
1766,1718
1768,1718
1770,1717
1771,1717
1773,1716
1775,1715
1776,1715
1778,1715
1779,1714
1781,1714
1782,1714
1783,1713
1785,1713
1786,1713
1787,1713
1788,1714
1789,1714
1791,1714
1792,1715
1793,1715
1794,1715
1794,1716
1795,1717
1796,1717
1797,1718
1798,1718
1799,1719
1800,1719
1801,1720
1802,1720
1803,1720
1804,1721
1805,1721
1806,1721
1808,1721
1809,1721
1810,1720
1812,1720
1813,1720
1814,1720
1816,1719
1817,1719
1818,1719
1820,1719
1821,1718
1823,1718
1824,1718
1825,1718
1827,1718
1828,1718
1829,1718
1830,1718
1831,1718
1833,1719
1834,1719
1835,1719
1836,1719
1837,1720
1839,1720
1840,1720
1841,1720
1843,1720
1844,1720
1846,1719
1847,1719
1849,1719
1850,1718
1852,1717
1854,1717
1856,1716
1858,1715
1860,1714
1861,1713
1863,1712
1865,1711
1867,1711
1869,1710
1871,1709
1873,1708
1875,1707
1876,1707
1878,1706
1880,1706
1882,1705
1883,1705
1885,1704
1886,1704
1888,1704
1889,1704
1891,1704
1892,1704
1893,1704
1894,1704
1896,1705
1897,1705
1898,1705
1899,1706
1900,1706
1901,1706
1903,1707
1904,1707
1905,1708
1906,1708
1907,1708
1909,1709
1910,1709
1911,1710
1913,1710
1914,1710
1915,1711
1917,1711
1918,1712
1919,1712
1921,1712
1922,1713
1924,1713
1925,1714
1927,1714
1928,1714
1930,1715
1931,1715
1933,1715
1934,1716
1936,1716
1937,1717
1939,1717
1940,1718
1942,1718
1943,1719
1944,1719
1946,1720
1947,1720
1948,1721
1950,1722
1951,1722
1952,1723
1953,1724
1954,1724
1955,1725
1956,1726
1958,1726
1959,1727
1960,1728
1961,1728
1962,1729
1963,1730
1963,1730
1964,1731
1965,1732
1966,1733
1967,1733
1967,1734
1968,1735
1968,1736
1969,1737
1969,1738
1970,1739
1970,1740
1971,1741
1971,1742
1971,1743
1972,1744
1972,1745
1972,1746
1972,1747
1973,1747
1973,1748
1973,1749
1973,1750
1974,1751
1974,1752
1974,1753
1974,1753
1974,1754
1974,1755
1975,1755
1975,1756
1975,1756
1975,1756
1975,1757
1976,1757
1976,1757
1976,1757
1977,1757
1977,1757
1978,1757
1978,1756
1979,1756
1979,1756
1980,1755
1980,1754
1981,1754
1981,1753
1982,1752
1982,1752
1983,1751
1983,1750
1984,1749
1984,1748
1985,1748
1985,1747
1986,1746
1986,1745
1987,1744
1987,1743
1987,1742
1988,1741
1988,1741
1988,1740
1988,1739
1988,1739
1988,1738
1988,1737
1988,1737
1988,1736
1988,1736
1987,1735
1987,1735
1987,1734
1986,1734
1986,1734
1986,1733
1985,1733
1985,1733
1984,1733
1984,1732
1984,1732
1983,1732
1983,1732
1982,1732
1982,1732
1981,1732
1981,1732
1980,1732
1980,1733
1979,1733
1978,1733
1977,1734
1976,1735
1976,1735
1975,1736
1974,1737
1972,1738
1971,1739
1970,1740
1969,1741
1967,1743
1966,1744
1965,1745
1963,1746
1962,1748
1960,1749
1958,1750
1957,1752
1955,1753
1954,1754
1952,1755
1951,1756
1949,1757
1948,1758
1946,1759
1944,1760
1943,1761
1941,1762
1940,1763
1938,1764
1937,1764
1935,1765
1934,1766
1933,1766
1931,1767
1930,1768
1928,1768
1927,1769
1925,1770
1924,1771
1922,1771
1920,1772
1919,1773
1917,1774
1916,1775
1914,1776
1913,1777
1911,1778
1909,1779
1908,1780
1907,1781
1905,1782
1904,1782
1903,1783
1901,1784
1900,1784
1899,1784
1898,1785
1897,1785
1896,1785
1896,1785
1895,1785
1894,1785
1893,1785
1892,1785
1891,1785
1890,1785
1889,1785
1888,1785
1887,1785
1886,1786
1885,1786
1884,1786
1882,1787
1881,1787
1879,1788
1878,1789
1876,1789
1874,1790
1873,1791
1871,1791
1869,1792
1867,1793
1865,1794
1863,1795
1862,1795
1860,1796
1858,1797
1856,1798
1854,1799
1852,1799
1850,1800
1849,1800
1847,1801
1845,1801
1844,1802
1842,1802
1840,1803
1839,1803
1837,1803
1836,1803
1834,1803
1833,1804
1831,1804
1830,1804
1828,1804
1827,1804
1825,1804
1824,1804
1823,1804
1821,1804
1820,1804
1818,1804
1817,1804
1816,1804
1814,1804
1813,1805
1811,1805
1810,1805
1808,1805
1807,1806
1805,1806
1804,1806
1802,1807
1800,1808
1799,1808
1797,1809
1795,1810
1794,1810
1792,1811
1790,1812
1788,1814
1786,1815
1784,1816
1782,1817
1780,1818
1778,1820
1775,1821
1773,1822
1771,1824
1769,1825
1766,1826
1764,1827
1762,1829
1760,1830
1757,1831
1755,1832
1753,1833
1751,1833
1748,1834
1746,1835
1744,1836
1742,1836
1740,1837
1737,1837
1735,1837
1733,1838
1731,1838
1729,1838
1726,1838
1724,1838
1722,1838
1720,1838
1718,1838
1716,1838
1714,1838
1712,1837
1711,1837
1709,1837
1707,1837
1706,1836
1704,1836
1703,1836
1701,1836
1700,1835
1699,1835
1698,1835
1697,1835
1696,1834
1695,1834
1694,1834
1694,1834
1693,1834
1692,1833
1692,1833
1691,1833
1691,1833
1690,1833
1690,1833
1689,1833
1689,1833
1688,1833
1688,1833
1687,1834
1686,1834
1686,1834
1685,1835
1684,1836
1683,1836
1682,1837
1680,1838
1679,1839
1677,1840
1676,1841
1674,1843
1672,1844
1671,1845
1669,1847
1667,1848
1665,1849
1663,1851
1661,1852
1659,1853
1657,1854
1655,1856
1653,1857
1650,1858
1648,1859
1646,1859
1644,1860
1643,1861
1641,1861
1639,1862
1637,1862
1635,1862
1633,1862
1632,1862
1630,1862
1628,1862
1627,1862
1625,1861
1623,1861
1622,1860
1620,1860
1619,1859
1617,1859
1616,1858
1614,1858
1613,1857
1611,1857
1610,1856
1608,1855
1607,1855
1605,1854
1604,1853
1603,1853
1601,1852
1600,1852
1598,1851
1597,1850
1595,1850
1594,1849
1593,1848
1591,1848
1590,1847
1588,1846
1587,1846
1586,1845
1584,1844
1583,1843
1582,1843
1580,1842
1579,1841
1578,1840
1577,1839
1575,1838
1574,1838
1573,1837
1572,1836
1571,1835
1569,1834
1568,1833
1567,1832
1566,1832
1564,1831
1563,1830
1562,1829
1561,1828
1560,1828
1559,1827
1557,1826
1556,1826
1555,1825
1554,1824
1553,1824
1552,1823
1551,1822
1550,1822
1549,1821
1548,1820
1547,1820
1546,1819
1545,1818
1544,1817
1543,1816
1542,1815
1541,1813
1540,1812
1539,1811
1538,1809
1537,1808
1537,1806
1536,1805
1535,1803
1534,1802
1533,1800
1533,1799
1532,1797
1531,1795
1530,1794
1529,1792
1529,1791
1528,1789
1527,1788
1526,1786
1525,1785
1524,1783
1523,1782
1522,1781
1521,1779
1520,1778
1519,1777
1518,1776
1517,1774
1516,1773
1515,1772
1514,1771
1513,1770
1511,1770
1510,1769
1509,1768
1508,1767
1506,1766
1505,1765
1503,1765
1502,1764
1501,1763
1499,1762
1498,1761
1496,1760
1495,1759
1493,1758
1491,1758
1490,1757
1488,1756
1487,1755
1485,1754
1483,1753
1481,1752
1480,1751
1478,1750
1476,1749
1475,1748
1473,1747
1471,1745
1469,1744
1468,1743
1466,1741
1464,1740
1463,1739
1461,1737
1459,1736
1457,1735
1456,1733
1454,1732
1452,1731
1450,1730
1449,1729
1447,1728
1445,1728
1443,1727
1442,1726
1440,1726
1438,1725
1436,1725
1435,1724
1433,1723
1431,1723
1429,1722
1428,1721
1426,1720
1424,1719
1422,1718
1421,1717
1419,1716
1418,1715
1416,1713
1414,1712
1413,1710
1411,1708
1409,1706
1408,1704
1406,1702
1405,1700
1403,1698
1402,1696
1400,1693
1399,1691
1397,1689
1395,1687
1394,1685
1392,1683
1391,1681
1389,1679
1388,1677
1386,1676
1385,1674
1383,1673
1381,1672
1380,1671
1378,1670
1377,1669
1375,1668
1373,1667
1372,1666
1370,1665
1369,1665
1367,1664
1366,1664
1364,1663
1363,1662
1361,1662
1360,1661
1358,1660
1357,1659
1355,1658
1354,1657
1352,1656
1351,1655
1349,1654
1348,1653
1346,1651
1345,1650
1344,1648
1342,1647
1341,1645
1340,1644
1338,1643
1337,1641
1336,1640
1334,1639
1333,1638
1332,1637
1331,1636
1330,1635
1329,1635
1328,1635
1327,1634
1326,1634
1325,1634
1324,1634
1323,1635
1323,1635
1322,1636
1321,1636
1321,1637
1320,1638
1320,1638
1319,1639
1319,1640
1319,1641
1319,1642
1319,1643
1319,1644
1319,1644
1319,1645
1319,1646
1319,1646
1319,1647
1319,1647
1320,1647
1320,1647
1320,1648
1321,1647
1321,1647
1322,1647
1322,1647
1322,1647
1323,1647
1323,1646
1323,1646
1323,1646
1324,1645
1324,1645
1324,1644
1324,1644
1324,1643
1324,1643
1324,1642
1324,1642
1323,1641
1323,1640
1323,1640
1322,1639
1322,1638
1321,1637
1320,1637
1320,1636
1319,1635
1318,1635
1317,1634
1316,1633
1315,1633
1314,1632
1313,1632
1312,1631
1311,1631
1309,1630
1308,1630
1307,1630
1306,1629
1304,1629
1303,1629
1302,1629
1300,1628
1299,1628
1298,1628
1297,1628
1295,1627
1294,1627
1293,1627
1291,1626
1290,1626
1289,1626
1288,1625
1286,1625
1285,1624
1284,1624
1283,1623
1282,1623
1281,1622
1280,1622
1279,1622
1278,1621
1277,1621
1276,1621
1275,1621
1274,1621
1273,1622
1272,1622
1271,1622
1270,1623
1269,1623
1269,1624
1268,1624
1267,1625
1266,1625
1265,1625
1265,1626
1264,1626
1263,1626
1262,1626
1261,1626
1260,1625
1259,1624
1258,1623
1257,1622
1256,1620
1255,1618
1254,1616
1252,1614
1251,1611
1249,1608
1247,1604
1246,1601
1244,1597
1242,1593
1240,1588
1237,1584
1235,1579
1232,1575
1230,1570
1227,1565
1224,1561
1221,1556
1218,1551
1215,1547
1212,1542
1209,1538
1205,1533
1202,1529
1198,1524
1194,1520
1191,1515
1187,1511
1183,1506
1179,1502
1175,1497
1171,1493
1167,1488
1164,1483
1160,1478
1156,1472
1152,1467
1148,1461
1145,1456
1141,1450
1137,1444
1134,1437
1130,1431
1127,1424
1124,1417
1121,1411
1117,1404
1115,1397
1112,1390
1109,1383
1106,1376
1104,1369
1101,1362
1099,1355
1096,1348
1094,1341
1092,1334
1089,1327
1087,1320
1085,1313
1083,1306
1081,1300
1078,1293
1076,1287
1074,1280
1072,1274
1070,1268
1068,1261
1065,1255
1063,1249
1061,1243
1058,1237
1056,1231
1053,1225
1050,1220
1048,1214
1045,1208
1042,1203
1039,1197
1036,1192
1033,1186
1030,1181
1027,1176
1023,1170
1020,1165
1017,1160
1013,1155
1010,1150
1006,1145
1003,1141
999,1136
996,1132
993,1128
989,1125
986,1121
983,1118
980,1115
976,1112
973,1109
970,1107
967,1105
964,1103
961,1101
958,1099
955,1098
952,1097
949,1096
946,1095
943,1094
940,1093
937,1092
934,1091
930,1090
927,1089
923,1087
919,1086
916,1085
912,1083
908,1082
904,1080
900,1078
896,1077
891,1075
887,1074
883,1072
878,1070
874,1069
870,1067
865,1066
861,1065
857,1064
852,1063
848,1062
844,1061
840,1060
835,1060
831,1059
827,1059
823,1059
819,1059
816,1058
812,1059
808,1059
805,1059
801,1059
798,1060
794,1060
791,1061
788,1062
785,1063
782,1064
780,1066
777,1067
775,1069
772,1070
770,1072
768,1074
766,1077
764,1079
763,1082
761,1085
760,1088
759,1091
758,1095
757,1098
757,1102
756,1106
755,1109
755,1113
755,1117
755,1121
755,1124
755,1128
755,1132
755,1135
755,1139
755,1142
755,1145
755,1149
755,1152
755,1155
756,1158
756,1161
756,1164
756,1167
756,1170
757,1173
757,1176
757,1178
757,1181
757,1184
757,1187
756,1189
756,1192
756,1195
755,1198
755,1201
754,1204
754,1207
753,1210
752,1213
752,1216
751,1220
750,1223
749,1226
748,1230
747,1233
745,1236
744,1239
742,1242
740,1245
739,1248
737,1251
735,1254
732,1257
730,1259
728,1262
725,1264
722,1267
720,1269
716,1270
713,1272
710,1273
706,1274
702,1275
698,1275
694,1276
690,1275
685,1275
681,1274
676,1273
671,1272
666,1271
661,1269
656,1267
651,1265
646,1263
641,1261
636,1259
631,1257
626,1255
621,1253
617,1252
613,1250
609,1249
605,1248
601,1247
598,1246
595,1246
591,1245
588,1245
586,1245
583,1245
580,1245
578,1245
576,1246
574,1247
572,1248
570,1250
568,1251
566,1253
564,1255
562,1257
560,1259
558,1261
557,1263
555,1266
553,1268
551,1271
548,1273
546,1276
544,1279
542,1281
539,1284
537,1286
534,1289
532,1291
529,1293
526,1296
524,1298
521,1300
518,1301
515,1303
512,1304
509,1305
507,1306
504,1307
501,1308
498,1308
495,1309
492,1309
490,1309
487,1308
484,1308
482,1307
479,1307
477,1306
475,1305
472,1305
471,1304
469,1303
467,1303
466,1303
465,1302
464,1302
464,1302
463,1302
463,1302
463,1302
463,1303
464,1303
464,1303
465,1304
466,1304
467,1305
468,1305
469,1306
470,1306
471,1306
472,1307
474,1307
475,1307
477,1307
478,1307
480,1307
481,1307
482,1307
484,1307
485,1307
487,1307
488,1307
490,1307
492,1307
493,1307
495,1307
497,1307
498,1307
500,1307
502,1307
504,1307
505,1307
507,1307
509,1307
511,1307
512,1307
514,1307
516,1307
518,1307
520,1307
521,1307
523,1307
525,1306
527,1306
528,1306
530,1306
532,1305
534,1305
536,1305
537,1305
539,1304
541,1304
543,1304
545,1303
547,1303
549,1303
551,1302
552,1302
554,1302
556,1301
558,1301
561,1301
563,1301
565,1301
567,1301
569,1301
571,1301
573,1301
576,1302
578,1302
580,1303
582,1303
585,1304
587,1304
590,1305
592,1305
595,1306
597,1306
600,1306
603,1306
606,1307
609,1307
612,1307
615,1307
619,1306
622,1306
626,1306
629,1305
633,1304
637,1303
641,1302
645,1301
649,1299
652,1297
656,1295
660,1293
664,1291
668,1288
672,1286
676,1283
680,1280
684,1277
688,1274
692,1271
696,1267
700,1264
704,1261
708,1258
712,1255
716,1252
720,1249
724,1246
728,1244
732,1241
735,1238
739,1235
743,1232
747,1230
750,1227
754,1224
758,1221
761,1217
765,1214
768,1211
772,1208
775,1205
779,1201
782,1198
785,1195
789,1191
792,1188
795,1184
798,1180
801,1176
804,1171
807,1167
810,1163
813,1158
816,1154
818,1149
821,1144
824,1139
826,1134
829,1129
832,1124
834,1119
837,1113
839,1108
841,1103
844,1097
846,1091
848,1086
851,1080
853,1074
855,1068
857,1062
859,1056
860,1050
862,1044
864,1038
866,1033
867,1027
869,1021
870,1015
872,1010
873,1004
875,999
876,994
878,989
879,984
881,980
882,976
884,972
885,968
886,965
887,961
889,958
890,955
891,952
892,949
893,947
894,945
895,942
896,940
897,938
898,936
899,933
900,931
900,930
901,928
902,926
903,925
904,924
905,923
906,923
907,923
909,923
910,924
911,926
913,927
914,929
916,932
918,934
920,937
922,940
923,943
925,946
927,949
929,951
931,954
933,956
934,958
936,960
937,961
939,962
940,963
941,962
942,962
943,961
944,959
945,957
946,955
946,952
947,948
947,944
947,940
948,936
948,931
948,927
948,922
948,917
948,913
949,909
949,904
949,901
949,897
950,894
950,891
951,889
952,887
952,885
953,884
954,883
955,882
956,882
957,882
958,882
959,882
960,882
961,882
963,883
964,883
965,884
966,885
967,885
969,886
970,887
971,887
972,888
973,889
974,889
976,890
977,891
978,891
979,892
980,892
981,892
982,893
983,893
984,893
985,893
986,893
987,894
988,894
989,894
990,894
991,894
991,894
992,895
993,895
994,895
995,896
996,896
997,897
998,898
998,898
999,899
1000,900
1001,901
1002,902
1003,903
1003,904
1004,905
1005,906
1006,907
1006,908
1007,908
1007,909
1008,910
1009,911
1009,912
1010,913
1010,914
1010,915
1011,916
1011,917
1011,918
1012,919
1012,920
1012,921
1012,922
1012,923
1012,924
1012,925
1012,926
1012,927
1012,928
1012,929
1012,930
1011,931
1011,932
1011,933
1011,934
1010,935
1010,937
1010,938
1009,940
1009,941
1008,943
1008,945
1008,947
1007,949
1007,951
1007,953
1006,955
1006,958
1005,960
1005,962
1004,964
1004,966
1003,968
1002,970
1002,972
1001,974
1000,975
999,976
998,977
997,978
996,978
995,979
994,979
993,979
992,979
990,978
989,978
988,977
986,977
985,976
984,975
982,975
981,974
980,974
979,974
978,975
977,975
976,976
975,977
974,978
973,980
973,982
973,984
972,986
972,988
971,991
971,993
971,995
970,998
970,1000
969,1002
969,1004
968,1005
967,1007
966,1008
965,1009
964,1010
963,1012
962,1012
961,1013
960,1014
958,1014
957,1015
955,1015
954,1015
952,1015
950,1015
949,1015
947,1015
945,1014
943,1014
942,1014
940,1014
938,1014
937,1014
935,1014
933,1015
932,1015
930,1016
929,1016
928,1016
926,1017
925,1017
923,1018
922,1018
921,1018
919,1018
918,1019
916,1018
915,1018
913,1018
912,1017
910,1017
909,1016
907,1016
905,1015
904,1014
902,1013
901,1013
899,1012
898,1012
896,1011
895,1011
893,1010
892,1010
890,1010
889,1009
887,1009
886,1009
885,1009
884,1010
882,1010
881,1011
880,1012
879,1014
879,1015
878,1017
877,1019
876,1020
875,1022
875,1024
874,1026
873,1028
872,1030
871,1032
871,1034
870,1036
869,1037
868,1039
867,1040
866,1042
865,1043
864,1044
863,1045
862,1046
861,1047
859,1047
858,1048
857,1049
856,1051
855,1052
854,1053
854,1055
853,1056
852,1058
852,1060
851,1063
851,1065
850,1068
850,1070
850,1073
849,1076
849,1079
849,1082
849,1084
848,1087
848,1090
847,1092
847,1094
846,1095
845,1097
844,1098
843,1098
841,1099
840,1099
838,1099
837,1099
835,1099
834,1099
832,1099
830,1098
828,1098
827,1098
825,1097
823,1097
822,1097
820,1097
819,1098
818,1098
816,1099
815,1100
814,1100
813,1101
812,1102
811,1103
810,1104
808,1104
807,1105
806,1105
805,1105
803,1105
802,1104
800,1104
798,1103
796,1101
794,1099
792,1097
790,1095
788,1093
785,1090
783,1087
780,1084
778,1081
775,1077
773,1074
770,1071
768,1067
765,1064
763,1061
760,1058
758,1055
756,1053
753,1050
751,1048
749,1046
747,1044
746,1043
744,1041
742,1040
741,1039
740,1039
738,1038
737,1038
736,1038
735,1038
734,1039
733,1040
732,1041
732,1042
731,1044
731,1046
730,1048
730,1050
730,1053
730,1055
730,1058
731,1061
731,1064
731,1067
732,1070
732,1073
732,1076
732,1079
732,1081
732,1083
732,1085
732,1086
731,1087
731,1088
730,1088
729,1088
728,1088
727,1087
725,1086
724,1085
722,1083
720,1082
719,1080
717,1078
715,1077
713,1075
712,1073
710,1071
708,1069
706,1067
705,1065
703,1063
701,1061
700,1059
698,1058
697,1056
695,1055
694,1053
693,1052
692,1051
691,1049
690,1048
689,1046
688,1045
687,1043
686,1041
684,1039
683,1037
682,1035
681,1032
680,1030
679,1027
678,1024
676,1021
675,1019
674,1016
673,1013
671,1010
670,1006
669,1003
668,1000
667,997
666,995
665,992
664,989
663,986
662,983
661,981
660,978
659,975
658,972
657,969
656,966
655,963
654,960
653,958
652,955
651,952
650,949
650,947
649,944
648,942
647,939
646,937
646,934
645,932
644,930
644,927
643,925
642,923
642,920
641,918
641,916
640,913
639,911
639,909
638,907
638,905
638,903
637,901
637,899
636,896
636,894
635,892
635,890
635,889
635,887
634,885
634,883
634,882
634,880
634,879
633,877
633,875
633,874
633,872
633,870
633,869
633,867
633,865
632,863
632,861
632,860
632,858
632,856
632,854
632,852
632,850
632,848
632,846
632,844
632,841
632,839
632,837
632,835
632,832
632,830
632,827
632,825
632,822
633,820
633,817
633,815
634,812
635,810
635,808
636,806
637,805
639,804
640,803
641,803
643,803
645,803
647,802
648,803
650,803
652,803
654,803
656,803
658,804
660,804
662,804
664,805
666,805
668,805
670,805
672,804
674,804
675,803
677,802
678,801
680,799
681,797
682,795
683,792
684,790
685,786
685,783
686,779
686,775
687,771
687,767
687,763
687,758
687,754
687,750
687,746
687,742
687,738
687,735
687,732
688,729
688,726
688,724
688,721
688,719
689,717
689,715
689,713
689,711
689,710
690,708
690,707
691,707
691,706
691,706
692,706
692,706
693,706
694,707
694,707
695,708
695,709
696,710
696,711
697,712
697,714
698,715
698,716
699,718
699,719
699,721
699,722
700,724
700,725
700,726
700,728
700,729
700,731
700,732
700,734
700,735
700,737
700,739
700,740
700,742
700,744
700,746
701,748
701,750
701,752
701,755
701,757
701,759
701,762
700,764
700,766
700,768
700,771
700,773
699,775
699,777
699,779
698,781
698,782
697,784
697,786
696,788
696,789
695,791
694,792
694,794
693,795
692,797
692,798
691,800
691,802
690,804
690,806
690,809
689,812
689,815
689,818
690,822
690,826
691,830
691,835
692,840
693,845
694,850
695,855
696,860
697,865
698,870
699,875
700,879
701,883
701,886
701,889
702,892
701,894
701,896
701,898
700,898
699,899
698,899
696,899
695,898
693,897
691,895
689,893
686,891
684,888
681,885
678,882
675,878
672,875
669,871
666,868
663,864
661,861
658,858
656,855
653,852
651,850
649,848
647,846
645,844
644,843
643,842
641,842
641,842
640,842
639,842
639,843
639,844
638,845
638,846
638,847
639,849
639,850
639,852
640,854
640,856
641,859
642,861
643,863
643,866
644,868
645,870
646,872
647,874
648,875
649,877
650,878
650,879
651,881
652,881
653,882
654,883
655,884
656,885
657,887
658,888
659,889
661,891
662,893
663,894
665,896
666,897
667,899
669,900
670,902
672,903
673,905
674,906
675,907
676,908
677,908
678,909
679,909
680,909
681,909
682,908
682,907
683,907
683,906
683,904
684,903
684,901
684,900
684,898
684,895
684,893
684,891
684,888
684,885
683,883
683,880
683,877
683,874
683,871
682,869
682,866
682,863
682,861
682,858
682,856
682,854
682,852
683,850
683,848
683,846
683,844
683,842
683,840
683,839
684,837
684,836
684,834
685,833
685,832
685,831
686,830
686,829
687,829
688,828
688,828
689,828
690,828
690,828
691,828
692,828
693,828
693,828
694,828
695,828
695,828
696,828
696,828
697,827
697,827
698,826
698,826
699,826
699,826
700,826
701,826
701,827
702,827
703,828
704,829
705,830
706,830
706,831
707,832
708,832
709,833
709,833
710,833
710,832
711,832
711,831
711,829
711,828
711,826
711,824
711,821
711,819
711,816
710,813
710,810
709,806
709,803
708,799
708,796
707,793
706,789
706,786
705,783
705,781
704,779
704,777
704,776
704,776
705,776
705,777
706,778
706,779
707,781
708,783
708,785
709,787
710,789
710,790
711,792
711,793
711,793
711,794
711,794
711,794
711,794
710,793
709,793
709,792
708,792
707,791
707,791
706,791
705,791
705,791
704,792
703,792
703,793
702,794
702,795
701,797
700,798
700,800
699,802
698,804
698,805
697,807
696,809
695,810
694,812
693,813
692,814
691,815
689,816
688,816
686,816
684,816
683,815
681,813
679,812
676,810
674,808
672,806
670,804
667,803
665,801
663,800
661,799
660,799
658,799
657,799
656,801
655,802
655,804
654,807
654,810
654,813
654,817
654,821
654,824
654,828
654,832
654,836
654,840
653,844
653,847
652,851
652,854
651,857
650,859
649,862
648,864
646,866
644,867
642,869
640,870
638,871
635,871
633,871
629,871
626,870
622,869
618,868
614,866
609,863
604,861
599,858
593,854
588,851
582,848
576,844
570,841
564,837
558,834
552,830
546,827
540,824
533,820
527,817
521,814
515,811
508,808
502,805
496,802
490,799
484,797
478,795
472,792
466,790
460,788
455,786
449,784
444,782
438,780
433,779
428,777
423,776
418,774
413,773
408,771
403,770
399,768
394,767
389,765
385,763
381,761
376,759
372,758
368,756
364,754
360,752
356,751
353,749
349,748
346,747
343,746
340,745
337,744
334,742
331,741
329,740
326,739
324,739
322,738
319,737
317,736
316,735
314,733
312,732
311,730
309,728
308,727
307,724
306,722
306,720
305,717
305,715
305,712
305,709
305,707
305,704
306,701
307,699
308,696
309,694
310,692
312,690
313,688
315,686
317,685
319,683
321,682
324,682
326,681
328,680
330,680
332,679
334,679
336,679
337,678
338,678
340,677
341,677
342,676
342,676
343,675
343,674
343,673
343,673
343,672
343,671
343,670
343,670
342,669
342,668
342,668
341,668
341,668
341,668
341,669
341,669
341,670
341,671
342,673
342,675
343,676
344,678
345,680
346,682
347,684
348,686
349,688
351,689
352,691
353,692
354,693
355,694
356,695
357,696
358,696
359,696
360,695
360,695
360,694
361,693
361,692
361,690
361,689
362,687
362,685
362,684
362,682
362,680
363,679
363,678
363,676
364,675
365,675
365,674
366,674
367,674
369,674
370,674
371,675
373,676
374,676
376,678
378,679
379,680
381,682
383,683
385,685
388,688
390,690
392,692
395,695
397,697
400,700
402,702
404,705
407,707
409,710
411,712
414,714
416,716
418,718
420,719
422,720
424,721
425,722
427,723
429,723
430,724
431,724
433,724
434,724
435,723
436,723
437,722
438,721
439,720
440,719
441,718
442,717
443,715
444,714
444,713
445,712
446,711
447,710
448,709
450,709
451,709
452,708
454,709
455,709
457,710
459,710
461,711
463,712
464,713
466,714
468,714
470,715
472,716
474,717
476,718
477,718
479,719
481,720
483,720
484,721
486,721
488,722
490,722
491,722
493,723
494,723
496,723
498,723
499,724
501,724
503,725
505,726
507,727
509,728
511,730
513,731
516,734
518,736
521,739
524,743
527,746
530,750
533,754
536,758
539,762
542,767
545,771
548,776
551,780
553,785
556,789
559,793
561,797
564,801
566,805
568,809
570,812
572,815
573,818
575,821
576,823
577,825
578,826
579,827
580,827
580,827
581,826
581,825
581,824
582,822
582,820
582,817
582,814
583,811
583,808
584,805
584,802
585,799
585,795
586,792
587,789
588,786
589,783
590,780
592,777
593,774
594,771
595,769
597,766
598,764
599,761
601,759
602,757
603,755
604,754
606,752
607,751
608,749
609,748
611,748
612,747
613,747
615,746
616,746
618,746
619,746
621,746
622,746
624,747
626,747
628,748
629,749
631,750
634,751
636,752
638,753
641,755
643,756
646,758
648,759
651,761
654,762
657,763
660,764
662,765
665,766
668,766
671,767
674,767
677,767
679,767
682,767
685,766
688,766
691,766
694,765
697,765
700,764
704,764
707,764
710,764
714,764
717,764
721,765
724,766
728,767
732,769
736,770
740,772
744,775
748,777
752,780
756,783
760,787
764,790
769,794
773,797
778,801
782,805
787,809
791,813
796,816
801,819
805,823
810,825
814,828
819,830
823,831
828,833
832,834
836,834
841,834
845,833
849,833
853,831
857,830
860,827
864,825
868,822
871,820
875,816
878,813
882,809
885,806
889,802
892,799
895,795
898,792
902,788
905,785
908,782
912,779
915,776
919,774
922,772
926,770
929,768
933,766
937,764
941,762
945,761
948,760
952,758
956,757
961,756
965,754
969,753
973,752
977,750
981,749
985,747
989,746
993,744
997,743
1001,741
1005,739
1009,738
1013,736
1017,734
1021,732
1025,730
1030,729
1034,727
1038,725
1042,724
1046,722
1050,720
1054,718
1058,717
1062,715
1066,713
1070,712
1073,710
1077,709
1081,707
1085,706
1089,705
1093,704
1097,703
1101,702
1104,701
1108,700
1112,698
1115,697
1119,696
1123,694
1126,693
1130,691
1133,690
1137,688
1140,686
1144,684
1147,682
1150,679
1153,677
1156,674
1160,672
1163,669
1165,667
1168,664
1171,661
1174,659
1176,656
1179,653
1181,650
1183,648
1185,645
1188,642
1189,640
1191,637
1193,634
1194,631
1196,629
1197,626
1198,623
1199,621
1200,618
1200,616
1201,614
1201,612
1202,610
1202,607
1202,605
1202,603
1202,601
1201,599
1201,598
1200,596
1200,594
1199,592
1198,590
1197,588
1196,587
1195,585
1194,584
1193,582
1191,581
1190,580
1188,579
1187,578
1185,577
1183,576
1181,574
1180,573
1178,572
1176,572
1174,571
1172,570
1170,570
1168,569
1167,569
1165,570
1163,570
1161,571
1160,573
1158,574
1157,576
1155,579
1154,581
1152,583
1151,586
1149,589
1148,591
1147,594
1145,596
1144,599
1142,601
1141,603
1139,604
1137,605
1136,606
1134,607
1132,607
1130,607
1129,607
1127,606
1125,605
1123,603
1121,602
1119,600
1117,598
1115,595
1113,593
1111,590
1109,588
1107,585
1105,583
1103,580
1102,578
1100,576
1099,574
1097,573
1096,572
1095,571
1094,571
1093,570
1092,571
1091,571
1090,571
1090,572
1089,573
1089,573
1088,574
1087,574
1087,575
1086,575
1086,575
1085,575
1085,575
1084,574
1083,574
1083,573
1082,571
1082,570
1081,568
1080,566
1080,564
1079,562
1078,560
1078,558
1077,555
1076,553
1076,551
1075,549
1074,547
1074,546
1073,545
1073,544
1073,544
1072,543
1072,544
1072,544
1071,545
1071,546
1071,548
1071,550
1070,552
1070,554
1070,557
1070,560
1070,563
1070,566
1070,569
1069,572
1069,576
1069,578
1069,581
1068,583
1068,586
1067,587
1067,589
1066,590
1065,591
1065,592
1064,592
1063,592
1062,592
1061,592
1060,592
1059,592
1058,592
1057,591
1056,591
1055,591
1055,590
1054,590
1053,590
1052,590
1051,590
1050,590
1049,590
1049,590
1048,590
1048,591
1047,591
1046,592
1046,592
1046,593
1045,595
1045,596
1045,597
1045,599
1045,601
1045,603
1045,606
1045,608
1045,611
1045,613
1045,616
1045,619
1046,622
1046,624
1046,627
1047,630
1047,633
1047,635
1048,638
1048,641
1048,643
1049,646
1049,648
1050,651
1050,653
1051,655
1051,657
1052,658
1052,660
1053,662
1054,663
1054,665
1055,666
1056,668
1056,669
1057,671
1058,673
1059,674
1060,676
1061,679
1062,681
1063,683
1064,686
1065,688
1066,691
1067,694
1068,697
1069,700
1071,703
1072,706
1073,709
1075,711
1076,714
1077,716
1078,719
1080,721
1081,723
1082,725
1084,727
1085,729
1086,730
1088,732
1089,733
1090,734
1091,736
1093,737
1094,738
1096,739
1097,740
1098,741
1100,742
1101,743
1102,744
1104,745
1105,745
1106,746
1108,747
1109,748
1111,748
1112,749
1113,750
1115,750
1116,751
1118,752
1119,753
1120,753
1122,754
1123,755
1124,756
1126,756
1127,757
1129,758
1130,759
1131,760
1133,761
1134,762
1136,763
1137,763
1138,764
1140,765
1141,766
1143,767
1144,768
1145,768
1147,769
1148,770
1150,771
1151,772
1153,773
1154,774
1156,775
1157,776
1159,776
1160,777
1162,778
1163,778
1164,779
1166,780
1167,780
1169,781
1170,781
1172,781
1173,782
1174,782
1176,782
1177,783
1178,783
1180,783
1181,783
1182,784
1184,784
1185,784
1186,784
1188,785
1189,785
1190,785
1191,786
1193,786
1194,786
1195,787
1197,787
1198,788
1199,788
1201,789
1202,790
1203,791
1205,792
1206,793
1207,793
1209,794
1210,795
1211,796
1212,797
1214,798
1215,799
1216,800
1218,801
1219,802
1220,803
1221,804
1222,805
1224,806
1225,807
1226,808
1227,808
1228,809
1229,810
1230,811
1231,812
1232,813
1233,814
1234,815
1235,816
1236,817
1237,818
1238,820
1239,821
1240,823
1241,825
1242,827
1243,829
1243,831
1244,833
1245,836
1246,838
1247,841
1248,843
1249,846
1249,848
1250,851
1251,853
1252,856
1252,858
1253,860
1254,862
1254,864
1255,866
1256,867
1256,869
1257,870
1257,871
1257,872
1258,872
1258,873
1259,873
1259,873
1259,873
1259,873
1260,873
1260,873
1260,872
1260,872
1260,871
1261,871
1261,870
1261,870
1261,869
1261,869
1261,868
1261,868
1261,868
1261,867
1261,867
1261,867
1261,867
1261,867
1261,868
1261,868
1261,869
1261,870
1261,871
1261,872
1261,873
1261,874
1261,875
1261,877
1261,878
1261,880
1261,882
1261,883
1261,885
1261,887
1261,889
1260,891
1260,893
1260,895
1260,897
1260,899
1260,901
1260,903
1260,905
1260,907
1259,909
1259,910
1259,912
1259,913
1259,915
1258,916
1258,917
1258,918
1258,919
1257,919
1257,920
1257,921
1256,922
1256,923
1256,924
1255,925
1255,926
1254,927
1254,928
1253,929
1253,930
1253,931
1252,933
1252,934
1251,936
1251,937
1250,939
1250,940
1249,942
1248,944
1248,945
1247,946
1247,948
1246,949
1245,950
1245,951
1244,952
1243,953
1243,953
1242,954
1241,955
1241,956
1240,956
1239,957
1238,958
1238,959
1237,960
1236,960
1235,962
1234,963
1234,964
1233,965
1232,967
1231,968
1230,970
1230,971
1229,973
1228,975
1227,976
1226,978
1225,980
1224,981
1223,983
1223,985
1222,986
1221,988
1220,990
1219,991
1218,993
1217,994
1216,995
1215,996
1214,998
1213,999
1212,1000
1212,1001
1211,1002
1210,1003
1209,1004
1208,1005
1207,1007
1207,1008
1206,1009
1205,1011
1204,1012
1204,1014
1203,1016
1202,1017
1201,1019
1201,1021
1200,1023
1200,1024
1199,1026
1198,1027
1198,1029
1197,1030
1196,1031
1196,1033
1195,1034
1195,1035
1194,1036
1194,1037
1193,1038
1193,1039
1192,1040
1192,1041
1191,1042
1191,1043
1190,1044
1190,1045
1189,1046
1189,1047
1188,1048
1188,1049
1188,1050
1187,1051
1187,1053
1187,1054
1186,1055
1186,1057
1186,1058
1186,1060
1185,1061
1185,1063
1185,1064
1184,1066
1184,1067
1184,1069
1184,1070
1183,1072
1183,1073
1183,1075
1183,1076
1182,1077
1182,1079
1182,1080
1181,1081
1181,1082
1181,1083
1181,1084
1180,1085
1180,1086
1180,1087
1179,1088
1179,1090
1179,1091
1178,1092
1178,1093
1178,1094
1177,1096
1177,1097
1177,1098
1176,1099
1176,1101
1176,1102
1175,1103
1175,1105
1175,1106
1174,1108
1174,1109
1174,1110
1173,1112
1173,1113
1173,1115
1172,1116
1172,1117
1171,1119
1171,1120
1171,1121
1170,1122
1170,1124
1169,1125
1169,1126
1169,1127
1168,1128
1168,1129
1167,1130
1167,1131
1166,1132
1166,1133
1165,1134
1165,1135
1164,1136
1164,1136
1163,1137
1163,1137
1162,1138
1162,1138
1161,1139
1160,1139
1160,1139
1159,1140
1159,1140
1158,1140
1158,1141
1157,1141
1156,1141
1156,1142
1155,1142
1155,1143
1154,1144
1154,1145
1153,1146
1153,1147
1153,1148
1152,1149
1152,1151
1151,1152
1151,1154
1151,1156
1151,1157
1150,1159
1150,1161
1150,1163
1149,1165
1149,1168
1149,1170
1149,1172
1149,1174
1148,1176
1148,1179
1148,1181
1148,1183
1148,1185
1147,1187
1147,1188
1147,1190
1147,1192
1147,1193
1147,1195
1146,1196
1146,1198
1146,1199
1146,1200
1146,1202
1146,1203
1145,1204
1145,1205
1145,1207
1145,1208
1145,1209
1145,1211
1145,1212
1145,1213
1145,1215
1145,1216
1144,1217
1144,1219
1144,1220
1144,1221
1144,1222
1144,1224
1144,1225
1144,1226
1144,1227
1145,1228
1145,1229
1145,1231
1145,1232
1145,1233
1145,1233
1145,1234
1145,1235
1145,1236
1146,1237
1146,1238
1146,1238
1146,1239
1146,1240
1147,1241
1147,1241
1147,1242
1148,1243
1148,1244
1148,1244
1149,1245
1149,1246
1150,1247
1150,1247
1150,1248
1151,1249
1151,1250
1152,1250
1152,1251
1153,1252
1153,1253
1154,1253
1154,1254
1155,1254
1155,1255
1155,1255
1156,1256
1156,1256
1156,1256
1156,1257
1156,1257
1156,1257
1156,1257
1156,1256
1156,1256
1156,1256
1156,1256
1156,1255
1156,1255
1156,1254
1155,1254
1155,1254
1155,1253
1154,1253
1154,1253
1154,1253
1153,1253
1153,1253
1153,1253
1152,1253
1152,1253
1152,1253
1151,1253
1151,1254
1151,1254
1150,1254
1150,1254
1149,1254
1149,1254
1148,1253
1148,1253
1147,1253
1147,1252
1146,1252
1146,1251
1145,1251
1145,1250
1144,1250
1144,1249
1143,1249
1142,1248
1142,1248
1141,1247
1140,1247
1140,1247
1139,1247
1139,1247
1138,1247
1138,1247
1137,1247
1137,1248
1136,1248
1136,1249
1135,1250
1135,1251
1135,1252
1134,1253
1134,1254
1134,1255
1133,1256
1133,1257
1133,1259
1132,1260
1132,1260
1132,1261
1131,1262
1131,1263
1131,1264
1130,1264
1130,1264
1130,1265
1129,1265
1129,1265
1128,1264
1128,1264
1128,1263
1127,1263
1127,1262
1126,1261
1126,1260
1125,1259
1125,1258
1124,1256
1124,1255
1123,1253
1123,1252
1122,1250
1122,1248
1121,1247
1121,1245
1120,1243
1120,1241
1119,1239
1119,1237
1118,1235
1118,1233
1117,1231
1117,1230
1117,1228
1116,1226
1116,1224
1115,1223
1115,1221
1115,1220
1114,1218
1114,1217
1114,1215
1113,1214
1113,1213
1113,1212
1113,1211
1112,1209
1112,1208
1112,1207
1112,1206
1112,1205
1111,1203
1111,1202
1111,1201
1111,1200
1111,1198
1110,1197
1110,1196
1110,1195
1110,1194
1110,1193
1110,1192
1109,1191
1109,1189
1109,1188
1109,1187
1108,1186
1108,1185
1108,1184
1108,1183
1107,1182
1107,1180
1107,1179
1107,1178
1106,1177
1106,1175
1106,1174
1105,1172
1105,1171
1105,1169
1104,1168
1104,1166
1104,1165
1103,1163
1103,1161
1103,1160
1103,1158
1102,1156
1102,1154
1102,1153
1101,1151
1101,1149
1101,1148
1101,1146
1101,1145
1101,1143
1101,1142
1101,1141
1101,1140
1101,1138
1101,1137
1101,1136
1101,1135
1101,1134
1101,1133
1102,1132
1102,1131
1102,1130
1102,1129
1103,1128
1103,1127
1103,1126
1104,1125
1104,1124
1105,1123
1105,1122
1105,1121
1106,1120
1106,1119
1107,1118
1107,1117
1107,1115
1108,1114
1108,1113
1108,1112
1109,1111
1109,1109
1109,1108
1110,1107
1110,1106
1110,1105
1110,1104
1111,1103
1111,1101
1111,1100
1111,1099
1112,1098
1112,1097
1112,1095
1112,1094
1112,1093
1112,1092
1112,1090
1112,1089
1112,1088
1112,1086
1112,1085
1112,1083
1112,1082
1111,1081
1111,1079
1111,1077
1111,1076
1110,1074
1110,1072
1110,1071
1109,1069
1109,1067
1109,1065
1108,1063
1108,1062
1107,1060
1107,1058
1106,1056
1106,1054
1105,1052
1104,1051
1104,1049
1103,1047
1103,1046
1102,1044
1101,1042
1101,1041
1100,1039
1100,1038
1099,1036
1098,1035
1098,1034
1097,1032
1096,1031
1096,1030
1095,1028
1094,1027
1094,1026
1093,1025
1092,1024
1092,1022
1091,1021
1090,1020
1089,1018
1088,1016
1088,1015
1087,1013
1086,1011
1085,1009
1083,1006
1082,1004
1081,1002
1080,999
1079,997
1078,995
1077,993
1076,991
1074,990
1073,989
1073,987
1072,986
1071,986
1070,985
1069,984
1068,984
1067,983
1066,982
1065,982
1065,981
1064,981
1063,980
1062,979
1061,979
1060,978
1059,978
1059,977
1058,976
1057,976
1056,975
1055,974
1053,973
1052,972
1051,970
1049,969
1048,967
1046,965
1044,963
1042,960
1039,958
1037,955
1034,953
1031,950
1028,947
1025,944
1022,942
1019,940
1015,937
1012,935
1008,934
1004,932
1001,931
997,930
993,929
989,928
984,927
980,926
976,925
971,924
966,923
962,922
957,921
952,920
947,918
942,917
937,915
932,913
927,911
922,908
916,905
911,902
906,899
900,896
895,893
889,889
884,886
878,883
873,880
868,877
862,874
857,872
852,870
847,869
843,867
838,866
833,866
829,866
825,866
821,867
817,868
813,870
810,872
807,875
804,877
801,880
799,883
796,887
795,890
793,893
792,896
790,899
790,902
789,904
788,905
788,906
788,906
