701,970
701,970
701,970
701,969
700,969
700,969
700,968
700,968
699,967
699,966
698,965
697,963
696,961
696,960
695,958
694,956
693,954
692,951
691,949
690,947
689,945
688,943
687,941
686,939
685,937
685,935
684,933
683,931
682,928
681,926
680,924
679,921
678,919
677,916
676,914
675,911
674,908
673,905
672,902
671,899
670,896
668,893
667,890
666,887
665,885
664,882
663,880
662,877
661,875
661,873
660,871
659,869
659,868
658,866
658,865
657,864
657,863
657,863
657,863
657,863
657,864
658,865
658,866
659,868
660,870
661,873
662,875
663,878
664,881
665,885
667,888
668,891
669,895
671,898
672,902
673,905
675,909
676,912
677,915
679,919
680,922
681,925
682,927
683,930
684,933
685,935
685,937
686,939
687,941
687,942
688,944
688,945
689,946
689,947
689,947
689,948
689,948
689,948
689,948
689,947
689,946
689,946
688,945
688,944
688,943
687,942
687,941
687,940
686,939
686,937
685,936
684,934
684,932
683,930
682,927
681,925
680,923
680,920
679,918
678,915
677,913
676,911
676,909
675,908
675,906
674,905
674,905
674,904
674,905
674,905
675,906
675,908
676,910
677,912
678,915
679,918
681,921
682,925
683,928
684,932
686,936
687,939
688,942
689,945
690,948
691,950
692,952
693,954
693,956
694,956
694,957
694,957
694,956
693,955
693,954
692,953
692,951
691,950
691,948
690,947
690,946
689,945
689,944
689,944
689,944
689,944
689,945
690,946
690,947
691,949
691,951
692,953
693,955
694,957
695,959
695,962
696,964
697,966
698,968
698,969
699,971
699,972
700,973
700,973
700,974
700,973
699,973
699,972
699,971
698,970
698,969
697,968
697,966
696,965
696,963
695,962
695,961
694,960
694,959
694,958
693,958
693,957
693,957
693,957
693,958
693,958
694,958
694,959
694,959
694,960
694,960
694,960
694,960
694,960
694,959
694,959
694,958
693,957
693,956
692,955
692,953
691,952
691,950
690,949
690,947
689,946
689,944
688,943
688,941
687,940
687,939
686,938
686,938
686,937
686,937
686,937
686,937
686,938
686,938
687,939
687,940
688,941
688,943
689,945
689,946
690,948
691,950
692,952
692,954
693,955
693,957
694,958
694,959
694,960
694,960
694,960
694,960
694,960
694,959
693,958
693,957
692,956
692,954
691,953
691,951
690,949
689,947
688,945
687,942
686,940
685,937
684,935
683,932
682,929
681,926
680,924
679,921
678,918
677,915
676,912
675,909
674,906
673,904
672,901
671,899
670,897
669,895
669,893
668,892
668,890
667,889
667,888
667,887
666,887
666,886
666,886
666,885
666,885
666,885
666,885
666,886
666,886
666,886
666,887
667,888
667,889
667,891
668,892
668,894
669,896
670,897
671,899
671,902
672,904
673,906
674,908
674,910
675,912
676,914
676,916
677,917
678,919
678,920
678,921
679,922
679,923
679,924
680,924
680,924
680,924
680,924
679,923
679,923
679,922
678,921
678,920
678,919
677,918
677,916
677,916
676,915
676,914
676,914
676,914
676,914
676,914
677,915
677,916
678,917
678,919
679,921
680,924
681,926
682,929
683,933
685,936
686,940
687,943
689,947
690,951
692,955
693,958
694,962
696,965
697,969
698,972
699,975
700,977
701,979
702,981
702,983
703,984
703,985
703,986
704,987
704,987
704,987
704,987
703,986
703,986
703,985
703,985
702,984
702,983
702,982
701,981
701,980
700,979
700,978
700,977
699,976
699,975
698,974
698,974
698,973
698,973
697,972
697,972
697,972
697,972
697,972
697,972
697,972
697,973
697,973
697,973
697,973
697,973
698,974
698,974
698,974
698,974
698,974
698,974
698,974
698,974
698,973
698,973
698,973
698,973
698,972
698,972
698,972
697,972
697,972
697,971
697,971
697,971
697,971
697,971
697,971
697,970
697,970
697,970
697,970
697,970
697,970
697,969
697,969
697,969
697,968
697,968
697,967
696,966
696,965
695,964
695,962
694,960
693,958
693,956
692,953
691,951
690,948
689,945
687,941
686,938
685,935
684,931
682,927
681,923
679,919
678,915
676,911
675,907
674,903
672,900
671,896
670,893
669,890
668,887
668,885
667,884
667,883
667,882
667,882
667,883
668,884
669,886
669,888
671,891
672,894
673,897
675,902
676,906
678,911
680,915
681,920
683,925
684,930
686,935
687,939
688,944
689,948
690,952
691,955
692,959
692,961
692,963
692,965
691,966
691,967
690,967
689,966
688,966
687,965
686,963
684,962
683,960
682,958
680,957
679,955
678,953
677,952
676,951
675,950
674,949
674,948
673,948
672,947
672,947
671,947
671,947
671,947
671,947
670,947
670,948
670,948
670,949
670,950
670,951
669,951
669,952
669,953
669,953
668,954
668,954
668,955
667,955
667,955
666,955
665,955
665,955
664,955
663,955
662,954
661,954
660,954
660,954
659,954
658,955
658,955
657,955
656,956
656,956
655,957
655,958
654,959
653,959
653,960
652,961
652,962
651,962
650,963
650,964
649,964
648,965
648,966
647,967
646,967
646,968
645,968
644,969
643,970
642,970
641,970
640,971
639,971
638,971
637,971
636,971
635,971
634,970
632,970
631,970
630,970
629,969
627,969
626,969
625,970
624,970
622,970
621,971
620,972
619,973
618,974
617,975
616,976
615,977
614,979
613,980
612,982
612,984
611,985
610,987
609,989
609,991
608,993
608,995
607,997
607,999
606,1001
606,1003
606,1005
606,1007
606,1009
606,1011
606,1013
606,1015
606,1017
606,1019
606,1021
606,1022
606,1024
606,1026
607,1027
607,1029
607,1031
607,1032
607,1034
607,1035
607,1037
607,1038
608,1040
608,1041
608,1043
608,1044
608,1045
608,1046
608,1047
607,1048
607,1048
607,1049
607,1049
606,1050
606,1050
606,1051
605,1051
605,1051
605,1051
604,1051
604,1052
604,1052
603,1052
603,1052
603,1052
602,1053
602,1053
602,1053
601,1054
601,1054
601,1055
601,1056
601,1056
601,1058
601,1059
601,1060
601,1061
601,1063
601,1064
601,1066
602,1068
602,1070
602,1071
602,1073
603,1075
603,1077
603,1079
603,1080
603,1082
603,1083
602,1083
602,1084
601,1084
600,1083
598,1083
597,1081
595,1080
593,1078
591,1076
588,1073
586,1070
583,1067
580,1063
576,1059
573,1055
569,1050
566,1046
562,1041
559,1036
555,1032
551,1027
548,1023
545,1018
541,1014
538,1011
536,1007
533,1004
531,1001
528,999
527,997
525,995
524,994
523,993
522,993
522,993
522,994
522,996
523,997
524,1000
525,1003
526,1006
528,1009
530,1013
532,1018
535,1022
537,1027
540,1032
543,1037
546,1043
549,1049
553,1054
556,1060
559,1065
563,1071
566,1076
569,1082
572,1087
576,1091
579,1096
581,1100
584,1103
586,1106
588,1109
590,1111
591,1112
592,1112
592,1112
592,1112
592,1110
591,1108
590,1105
588,1102
586,1098
584,1094
581,1089
578,1085
575,1079
572,1074
568,1069
565,1064
561,1058
557,1053
554,1048
551,1044
548,1040
545,1036
542,1033
540,1031
538,1029
536,1028
535,1027
535,1027
534,1028
534,1029
535,1031
536,1033
537,1036
538,1039
540,1042
541,1045
543,1049
544,1053
546,1056
548,1059
549,1062
550,1065
551,1067
552,1069
552,1071
552,1072
551,1072
551,1072
550,1072
549,1071
547,1070
545,1069
544,1067
541,1065
539,1063
537,1060
534,1057
532,1055
529,1052
527,1049
524,1046
522,1043
520,1041
518,1039
516,1037
514,1035
513,1033
512,1032
511,1030
510,1029
509,1028
508,1027
508,1026
507,1025
507,1024
506,1023
506,1022
505,1021
505,1020
505,1018
504,1018
504,1017
504,1016
504,1016
504,1015
504,1016
504,1016
505,1017
506,1018
507,1020
508,1022
509,1025
511,1027
513,1030
514,1033
516,1036
518,1039
519,1042
520,1045
522,1048
523,1050
524,1053
525,1055
525,1057
525,1058
526,1059
525,1060
525,1061
525,1061
524,1061
523,1060
521,1059
520,1058
518,1056
516,1054
513,1051
511,1048
508,1045
505,1041
501,1037
498,1033
495,1029
491,1025
488,1021
485,1017
481,1013
478,1009
475,1005
472,1001
468,997
466,994
463,991
460,987
457,984
455,981
452,978
450,975
447,972
445,969
443,966
440,964
438,961
436,959
434,956
432,954
430,953
429,951
427,950
426,949
425,949
423,948
422,948
422,948
421,948
420,948
419,949
419,949
418,950
418,950
417,951
417,952
416,952
416,953
415,954
415,955
415,956
414,958
414,959
414,960
414,961
413,963
413,964
413,965
412,966
412,967
411,968
411,969
410,969
410,970
409,970
409,971
408,971
407,972
406,972
405,972
405,972
404,972
403,972
402,972
401,972
400,973
399,973
398,973
397,973
396,973
396,973
395,973
394,973
393,973
392,974
391,974
390,974
389,974
389,974
388,974
386,974
385,974
384,973
382,973
381,972
379,971
378,970
376,969
374,967
372,966
370,964
368,962
365,961
363,959
361,957
359,956
357,954
355,953
353,952
351,950
349,949
348,948
346,948
344,947
343,946
341,946
340,945
339,945
337,945
336,945
335,946
335,946
334,947
334,948
333,949
333,950
333,952
333,953
333,955
333,957
333,959
333,961
334,963
334,965
334,967
335,970
335,972
335,974
336,976
336,978
336,980
336,982
336,983
337,985
337,987
336,988
336,989
336,991
336,992
335,992
335,993
334,994
334,994
333,994
332,994
331,994
330,994
329,994
328,993
327,993
326,992
325,992
324,991
323,991
322,990
321,990
320,990
319,989
318,989
317,988
316,988
315,987
314,987
313,986
312,986
311,986
311,985
310,985
309,984
308,984
307,984
307,983
306,983
305,983
305,982
304,982
303,982
303,982
302,982
302,982
301,982
301,982
300,982
299,981
299,981
298,981
298,980
297,980
296,979
295,979
294,978
294,977
293,976
292,975
291,975
290,974
290,973
289,973
288,973
288,972
288,972
287,973
287,973
287,974
287,974
288,975
288,977
288,978
288,979
289,981
289,983
290,984
290,986
290,988
291,990
291,991
291,993
291,994
291,995
291,996
290,997
290,998
289,998
289,998
288,998
286,997
285,996
284,995
282,994
280,992
279,990
277,989
276,987
274,985
273,983
271,982
270,980
269,979
268,978
268,977
267,976
267,976
267,976
267,976
267,976
267,976
268,977
268,977
269,978
270,979
271,981
272,982
274,984
275,986
277,988
279,990
280,992
282,994
284,996
286,998
288,1000
290,1002
291,1004
293,1006
295,1008
297,1009
299,1011
300,1012
302,1013
303,1014
304,1014
305,1014
306,1015
307,1015
308,1014
309,1014
309,1014
310,1013
311,1013
311,1012
311,1011
312,1010
312,1009
312,1008
313,1007
313,1006
313,1005
313,1004
313,1003
313,1002
314,1002
314,1001
314,1000
314,999
314,999
314,998
315,997
315,997
315,996
315,996
315,995
315,994
315,993
315,992
315,991
314,989
314,988
313,986
313,984
312,982
311,980
311,978
310,976
309,975
309,973
308,971
308,970
308,968
308,967
308,966
308,965
308,964
309,964
309,964
310,964
311,964
312,964
313,965
314,966
316,966
317,967
318,968
320,969
321,970
323,970
324,971
325,972
327,973
328,973
329,974
330,974
331,974
332,974
333,974
334,973
334,972
335,971
335,970
335,969
335,967
335,966
335,964
335,962
335,960
334,958
334,956
334,953
333,951
333,948
332,946
332,943
331,941
331,938
330,936
330,933
329,931
329,929
328,927
328,925
328,923
328,921
328,919
328,918
328,917
328,916
328,915
329,914
329,914
330,914
331,914
332,914
333,915
334,915
335,916
336,917
337,918
339,919
340,920
341,922
342,923
344,924
345,925
346,926
347,927
348,928
349,929
350,930
350,931
351,931
352,932
352,932
353,933
353,933
353,933
353,934
353,934
353,934
353,934
353,933
353,933
352,933
352,932
351,932
350,931
350,930
349,929
348,928
347,927
346,926
345,925
344,924
343,923
342,923
341,922
339,921
338,920
337,920
337,919
336,919
335,918
334,918
333,918
332,918
331,918
331,918
330,918
329,918
328,918
328,918
327,918
326,918
325,918
324,918
323,918
322,918
321,918
320,918
319,918
318,917
317,917
316,917
315,917
313,916
312,916
311,916
310,916
309,915
307,915
306,915
305,915
304,915
303,916
302,916
301,916
300,917
299,917
298,918
297,918
297,919
296,919
295,920
294,920
293,921
292,921
292,922
291,922
290,923
289,923
288,923
287,924
287,924
286,924
285,924
284,925
283,925
283,925
282,925
281,925
280,925
279,924
278,924
277,923
276,923
275,922
274,921
273,919
272,918
270,917
269,915
267,914
266,912
265,911
263,909
262,908
260,906
259,905
258,904
256,903
255,902
254,901
253,901
251,900
250,900
249,899
248,899
247,899
246,899
245,899
244,899
243,900
242,900
241,900
240,901
239,901
238,902
237,902
237,902
236,903
235,903
234,903
234,903
233,904
233,904
232,904
232,905
232,905
232,906
232,907
233,908
233,909
234,911
235,913
236,915
238,917
239,919
241,922
242,924
244,927
246,930
247,933
249,935
250,938
252,940
253,942
254,944
255,946
256,948
256,949
257,950
257,951
257,951
256,951
256,952
256,951
255,951
255,951
254,951
253,950
252,950
251,949
250,948
249,948
249,947
248,947
247,946
247,946
246,946
246,946
245,946
245,946
245,946
245,946
244,946
244,945
243,945
243,944
242,944
242,943
241,942
241,941
240,940
239,939
239,939
238,938
238,937
238,936
238,936
237,935
237,935
238,935
238,935
238,935
239,935
240,936
240,936
241,937
242,938
244,940
245,941
246,943
247,944
249,946
250,948
252,950
254,952
255,955
257,957
258,959
260,961
261,964
262,965
263,967
264,969
265,970
266,971
266,972
266,973
266,974
267,975
267,975
267,976
266,976
266,977
266,977
266,978
266,979
266,980
266,980
266,981
266,982
266,983
266,984
266,985
265,985
265,986
264,986
264,987
263,987
262,987
262,988
261,988
260,988
258,988
257,987
256,987
255,987
254,987
253,987
252,987
250,987
249,987
248,986
247,986
246,986
244,986
243,985
242,985
240,984
239,984
238,983
236,983
235,982
234,982
232,981
231,981
230,981
229,980
228,980
227,980
226,979
225,979
224,979
223,979
222,979
221,979
220,980
220,980
219,980
218,981
218,982
217,983
217,984
217,985
217,987
216,988
216,990
216,992
216,994
216,996
216,998
216,1000
216,1003
216,1005
217,1007
217,1010
217,1012
217,1014
217,1016
216,1018
216,1019
216,1021
215,1022
215,1023
214,1024
213,1025
212,1026
212,1026
211,1026
210,1027
209,1027
208,1027
207,1027
206,1027
205,1027
204,1027
202,1027
201,1026
200,1026
199,1026
198,1025
197,1025
195,1025
194,1025
193,1024
192,1024
191,1024
190,1024
189,1024
188,1024
187,1025
186,1026
186,1027
185,1028
185,1029
185,1031
185,1033
186,1036
186,1038
187,1041
188,1044
188,1047
190,1051
191,1054
192,1057
193,1061
194,1064
195,1067
196,1070
197,1073
198,1076
199,1079
200,1081
200,1083
201,1085
202,1087
202,1089
203,1090
203,1091
203,1092
204,1093
204,1093
204,1094
204,1094
204,1094
204,1094
205,1094
205,1094
205,1094
206,1094
206,1093
207,1093
207,1093
208,1093
208,1093
209,1092
210,1092
210,1091
211,1091
211,1090
212,1089
212,1088
212,1087
212,1085
212,1083
212,1081
212,1079
212,1077
211,1075
210,1072
210,1069
209,1067
208,1064
207,1061
207,1059
206,1056
205,1054
205,1051
204,1049
204,1047
203,1045
203,1043
203,1042
203,1040
203,1039
203,1038
204,1036
204,1035
204,1035
205,1034
205,1033
206,1033
207,1032
208,1032
208,1031
209,1031
210,1030
211,1030
211,1029
212,1029
213,1028
214,1028
215,1027
216,1027
217,1027
217,1026
218,1026
219,1025
220,1025
221,1024
222,1024
223,1023
224,1023
225,1023
226,1022
227,1021
228,1021
229,1020
230,1019
230,1019
231,1018
232,1017
233,1016
233,1015
234,1014
234,1013
235,1012
235,1011
236,1010
236,1009
237,1009
237,1008
237,1007
238,1006
238,1006
239,1005
239,1004
239,1004
240,1004
240,1003
241,1003
241,1002
242,1002
242,1002
243,1002
243,1001
243,1001
244,1001
244,1000
245,1000
245,999
246,999
246,998
246,998
246,997
247,996
247,996
247,995
247,994
247,994
247,993
248,992
248,991
248,991
248,990
248,989
248,989
248,988
248,987
249,987
249,987
249,986
249,986
250,986
250,985
250,985
251,985
251,984
251,984
252,984
252,983
253,983
253,982
253,982
254,982
254,981
255,981
256,981
256,981
257,980
258,980
259,980
260,980
261,981
262,981
263,981
265,982
266,982
267,982
269,983
270,983
272,983
273,984
274,984
276,984
277,985
278,985
280,985
281,985
282,985
283,985
284,984
285,984
286,984
287,983
288,983
289,982
290,982
290,981
291,981
292,980
293,980
293,979
294,979
295,979
296,978
297,978
298,978
299,979
300,979
302,980
303,980
305,981
306,982
308,983
310,984
311,986
313,986
314,987
316,988
317,988
318,988
319,988
319,987
320,987
320,985
320,984
320,982
320,981
319,979
319,976
318,974
318,972
318,970
317,967
317,965
317,963
316,961
316,959
317,957
317,956
317,954
318,953
319,953
320,952
322,952
323,952
325,953
327,954
329,955
332,956
334,958
337,960
340,961
342,963
345,965
348,967
351,969
353,971
356,973
358,975
360,976
362,977
364,978
366,979
367,979
369,980
370,980
371,979
372,979
372,978
373,977
373,975
373,974
373,972
373,969
372,967
372,964
371,961
370,958
369,955
368,952
367,948
366,945
366,942
365,939
364,937
364,934
364,932
364,930
364,929
365,928
365,927
366,927
367,927
369,928
370,928
372,929
374,931
377,933
379,935
381,937
384,939
387,942
390,945
393,947
396,950
399,953
402,956
405,959
407,961
410,964
413,966
416,969
418,971
421,974
424,976
426,979
429,981
432,984
434,988
437,991
441,995
444,999
448,1004
451,1009
455,1015
459,1021
463,1027
468,1033
472,1040
477,1047
482,1054
486,1062
491,1069
496,1076
500,1083
505,1090
509,1097
513,1103
517,1109
521,1114
524,1118
527,1122
530,1125
532,1127
534,1129
536,1129
537,1129
538,1128
538,1127
538,1124
538,1121
537,1118
536,1113
535,1109
534,1104
532,1099
531,1093
529,1088
528,1082
526,1076
524,1071
522,1065
521,1060
519,1054
518,1049
517,1045
515,1040
514,1036
514,1032
513,1029
512,1025
512,1022
512,1020
511,1017
511,1015
511,1013
512,1011
512,1010
512,1009
513,1008
513,1007
514,1006
515,1005
516,1004
517,1004
517,1004
518,1003
519,1003
521,1003
522,1004
523,1004
524,1004
525,1005
527,1006
528,1006
529,1007
530,1008
532,1009
533,1010
534,1010
536,1011
537,1012
538,1012
539,1012
540,1012
540,1012
541,1012
542,1011
542,1011
543,1010
544,1010
544,1009
545,1008
545,1008
546,1007
546,1007
547,1006
548,1006
549,1006
550,1006
551,1007
552,1007
554,1008
555,1009
557,1011
559,1012
561,1014
563,1016
565,1018
567,1019
569,1021
571,1023
573,1025
574,1027
576,1028
578,1030
580,1031
581,1032
583,1033
584,1034
585,1034
586,1034
587,1034
588,1034
588,1034
589,1033
589,1032
590,1031
590,1030
590,1029
591,1028
591,1027
591,1026
591,1025
591,1024
591,1024
592,1023
592,1022
592,1021
592,1020
593,1020
593,1019
593,1019
594,1018
594,1018
595,1017
595,1017
595,1017
596,1017
596,1016
597,1016
597,1016
598,1016
599,1016
599,1016
600,1016
601,1016
601,1016
602,1017
603,1017
604,1017
605,1018
606,1018
607,1018
607,1019
608,1019
609,1019
610,1019
611,1019
611,1019
612,1019
613,1019
613,1019
614,1019
614,1018
615,1018
615,1018
615,1017
615,1017
616,1016
616,1015
616,1015
616,1014
616,1013
616,1013
616,1012
616,1012
616,1011
616,1011
615,1010
615,1010
615,1010
615,1009
615,1009
615,1009
615,1009
615,1009
615,1010
615,1010
615,1010
615,1011
616,1011
616,1012
616,1013
616,1013
617,1014
617,1014
617,1015
618,1015
618,1016
618,1016
619,1017
619,1017
619,1017
620,1018
620,1018
620,1018
620,1019
621,1019
621,1019
621,1019
621,1019
622,1018
622,1018
622,1018
622,1017
622,1016
621,1016
621,1015
621,1014
621,1013
620,1012
620,1011
620,1010
619,1009
619,1008
618,1007
618,1006
618,1005
617,1004
617,1004
617,1003
616,1002
616,1001
616,1001
616,1000
615,1000
615,999
615,999
615,998
614,998
614,997
614,997
614,997
614,997
614,996
614,996
614,996
613,996
613,996
613,996
613,996
613,996
613,996
613,996
613,996
614,996
614,996
614,996
614,997
614,997
614,997
614,997
614,998
614,998
615,998
615,998
615,999
615,999
615,999
615,1000
616,1000
616,1000
616,1000
616,1000
616,1000
616,1000
616,1000
616,1000
616,1000
616,1000
616,1000
616,1000
616,999
616,999
616,999
616,999
616,999
615,998
615,998
615,998
615,998
615,998
615,997
615,997
615,997
615,997
615,997
615,997
615,997
616,997
616,997
616,997
616,998
616,998
616,998
616,999
616,999
617,1000
617,1000
617,1001
617,1002
617,1003
617,1004
617,1005
617,1006
617,1007
618,1009
618,1010
618,1012
618,1013
618,1014
618,1016
618,1017
618,1018
617,1019
617,1020
617,1021
617,1022
617,1023
617,1024
617,1025
617,1025
618,1026
618,1026
618,1026
618,1026
618,1025
618,1025
618,1024
618,1023
618,1022
617,1021
617,1019
617,1017
617,1016
616,1014
616,1012
615,1009
615,1007
614,1005
614,1003
613,1001
613,999
612,997
612,996
611,994
611,993
610,992
610,991
610,990
610,990
609,990
609,990
609,990
609,990
610,990
610,991
610,992
610,992
611,993
611,995
612,996
613,997
613,999
614,1000
615,1002
615,1003
616,1004
616,1006
617,1007
617,1008
618,1008
618,1009
618,1009
618,1010
618,1010
618,1010
618,1010
618,1010
618,1009
618,1009
618,1008
618,1008
617,1007
617,1007
617,1006
617,1005
617,1005
616,1004
616,1004
616,1003
615,1002
615,1002
615,1001
615,1001
615,1001
615,1000
614,1000
614,1000
614,1000
614,1000
615,1000
615,1000
615,1001
615,1001
615,1001
615,1001
615,1002
615,1002
615,1002
615,1002
615,1002
615,1002
615,1001
615,1001
615,1001
615,1000
615,1000
615,1000
615,999
615,999
615,998
615,998
615,997
615,997
615,997
615,996
615,996
615,996
615,996
616,996
616,996
616,996
616,996
617,996
617,996
617,997
617,997
618,998
618,998
618,999
618,999
618,1000
618,1001
618,1001
618,1002
618,1002
618,1002
618,1003
618,1003
617,1003
617,1003
617,1003
616,1003
616,1002
615,1002
615,1001
614,1000
614,999
613,998
612,997
611,996
611,994
610,993
609,991
608,989
608,988
607,986
606,984
605,982
605,981
604,979
604,978
603,976
603,975
603,974
602,974
602,974
602,973
602,973
603,974
603,974
603,975
604,976
604,977
605,978
605,980
606,981
607,983
607,984
608,985
608,987
609,988
609,989
610,990
610,990
610,991
610,991
610,991
610,990
610,990
610,989
609,989
609,988
609,987
608,986
608,985
607,984
607,983
607,982
606,981
606,980
606,979
605,978
605,978
605,977
605,977
605,977
605,977
605,977
605,977
605,977
605,977
605,977
605,978
606,978
606,978
606,979
606,979
606,979
607,980
607,980
607,981
607,981
607,981
608,982
608,982
608,983
608,983
609,984
609,985
610,986
610,987
611,988
611,989
612,990
612,991
613,992
613,993
614,994
614,994
614,995
615,996
615,997
616,997
616,998
616,999
617,999
617,1000
617,1000
618,1000
618,1001
618,1001
618,1001
619,1002
619,1002
619,1002
620,1003
620,1003
620,1003
621,1004
621,1004
621,1005
622,1005
622,1006
622,1006
623,1007
623,1007
623,1007
623,1008
623,1008
623,1008
623,1009
623,1009
623,1009
623,1009
623,1009
622,1009
622,1009
622,1009
621,1009
621,1008
620,1008
620,1008
619,1007
619,1007
619,1006
618,1005
618,1005
617,1004
617,1004
617,1003
616,1002
616,1002
616,1001
616,1000
615,999
615,998
615,998
615,997
615,996
615,996
615,995
615,994
615,994
615,994
615,993
615,993
615,993
615,992
615,992
615,992
614,992
614,991
614,991
614,991
614,991
614,991
614,990
614,990
613,990
613,990
613,990
613,990
612,989
612,989
612,988
611,988
611,988
611,987
610,987
610,986
610,986
609,986
609,986
609,985
609,985
608,985
608,985
608,985
608,985
608,985
608,985
608,985
608,985
608,986
608,986
608,986
608,986
608,986
608,986
608,986
607,986
607,986
607,986
607,987
608,987
608,987
608,988
608,988
608,989
609,989
609,990
609,991
610,992
611,993
611,994
612,995
613,996
613,997
614,998
615,1000
615,1001
616,1002
617,1003
617,1004
618,1005
618,1005
619,1006
619,1006
619,1006
619,1006
619,1005
619,1004
618,1003
618,1002
617,1001
617,1000
617,998
616,996
616,995
615,993
615,992
614,990
614,989
614,988
614,987
614,986
614,985
614,985
615,984
615,984
615,984
616,984
616,984
617,984
618,984
618,985
619,985
620,986
621,987
622,987
622,988
623,989
624,989
624,990
625,991
625,991
626,991
626,992
626,992
626,992
626,992
626,991
626,991
626,990
626,990
626,989
626,988
626,987
625,987
625,986
625,985
625,985
625,984
625,984
625,984
625,984
625,983
625,984
625,984
626,984
626,984
626,984
626,985
627,985
627,986
627,986
627,986
628,987
628,987
628,987
628,987
628,987
628,987
628,987
628,987
628,986
627,986
627,985
627,985
627,984
626,983
626,982
625,981
625,981
625,980
624,979
624,978
623,977
623,977
623,976
623,976
622,975
622,975
622,975
622,976
622,976
623,977
623,977
623,978
623,979
624,980
624,981
624,982
625,983
625,984
626,984
626,985
626,986
626,987
627,988
627,989
628,990
628,991
628,992
629,993
629,994
630,995
630,996
631,997
631,998
632,1000
633,1001
633,1002
634,1003
635,1005
635,1006
636,1008
637,1009
638,1010
638,1012
639,1013
639,1014
640,1015
641,1016
641,1017
642,1018
642,1019
642,1020
643,1021
643,1021
643,1022
644,1023
644,1023
644,1024
644,1024
644,1024
644,1025
644,1025
644,1025
644,1026
644,1026
645,1026
645,1026
644,1026
644,1027
644,1027
644,1027
644,1027
644,1026
644,1026
643,1026
643,1025
642,1024
642,1023
641,1022
640,1021
639,1020
638,1019
637,1018
636,1016
635,1015
634,1014
632,1012
631,1011
629,1010
628,1009
627,1008
625,1007
624,1006
622,1006
621,1005
620,1005
618,1006
617,1006
616,1007
615,1008
614,1009
613,1011
613,1013
612,1015
612,1017
611,1019
611,1021
611,1024
611,1027
610,1029
610,1032
610,1034
610,1037
611,1040
611,1042
611,1044
611,1046
611,1048
611,1050
611,1052
612,1053
612,1055
612,1056
612,1057
612,1058
612,1059
612,1059
612,1060
612,1060
613,1061
613,1061
613,1061
613,1062
613,1062
613,1062
613,1062
613,1062
612,1062
612,1062
612,1062
612,1062
612,1062
612,1062
612,1063
611,1063
611,1063
611,1064
610,1064
610,1065
610,1065
609,1066
609,1067
609,1068
608,1069
608,1070
608,1071
607,1072
607,1074
607,1075
606,1077
606,1078
606,1080
606,1082
605,1083
605,1085
605,1086
605,1088
604,1089
604,1091
604,1092
604,1094
604,1095
604,1096
604,1097
603,1098
603,1099
603,1100
603,1101
603,1102
603,1103
603,1105
604,1106
604,1108
604,1110
605,1113
605,1115
606,1118
606,1121
607,1124
608,1128
609,1132
609,1136
610,1140
611,1145
612,1150
613,1155
614,1160
616,1165
617,1170
618,1175
619,1181
620,1186
621,1191
622,1196
622,1201
623,1206
624,1210
625,1214
625,1218
626,1222
626,1226
627,1229
627,1233
628,1236
628,1238
628,1241
629,1244
629,1246
629,1248
629,1251
630,1253
630,1255
630,1257
630,1259
630,1261
630,1262
630,1264
630,1266
630,1268
630,1269
630,1270
630,1272
630,1273
629,1274
629,1275
629,1276
628,1277
628,1277
627,1278
626,1278
625,1278
624,1278
623,1278
622,1278
621,1277
619,1276
618,1275
616,1273
614,1272
612,1270
611,1268
609,1266
607,1264
605,1262
603,1259
601,1257
600,1254
598,1252
596,1250
595,1247
593,1245
592,1242
590,1240
589,1238
588,1236
587,1233
586,1232
585,1230
584,1228
583,1227
583,1225
582,1224
582,1223
582,1222
582,1221
581,1221
581,1220
581,1220
582,1220
582,1220
582,1220
582,1220
582,1220
582,1220
582,1220
582,1220
581,1220
581,1220
581,1221
581,1221
580,1221
580,1222
580,1222
579,1223
579,1223
578,1224
578,1225
577,1226
577,1227
576,1228
576,1230
576,1231
576,1232
576,1234
576,1236
576,1237
576,1239
576,1241
576,1243
576,1245
576,1246
577,1248
577,1250
577,1251
578,1253
578,1254
578,1255
579,1256
579,1257
579,1257
579,1257
579,1257
579,1257
579,1257
579,1256
579,1256
578,1255
578,1254
578,1252
577,1251
577,1250
576,1248
576,1246
576,1245
575,1243
575,1242
575,1240
575,1239
575,1237
575,1236
575,1235
575,1234
575,1233
576,1233
577,1232
577,1232
578,1232
579,1231
580,1231
581,1232
582,1232
584,1232
585,1232
586,1233
588,1233
589,1233
590,1234
591,1234
593,1234
594,1235
595,1235
597,1236
598,1236
599,1236
600,1237
601,1237
602,1237
603,1237
604,1237
605,1237
606,1237
607,1237
607,1237
608,1237
609,1237
609,1236
610,1236
611,1235
611,1235
612,1234
612,1233
613,1232
613,1231
614,1230
614,1229
615,1228
615,1227
615,1226
616,1225
616,1224
616,1223
617,1222
617,1221
618,1220
618,1219
618,1218
619,1217
619,1216
619,1215
620,1214
620,1214
620,1213
620,1212
621,1211
621,1210
621,1210
621,1209
621,1208
621,1207
621,1206
621,1205
621,1204
621,1203
621,1201
621,1200
621,1199
621,1198
621,1197
622,1196
622,1195
622,1194
623,1193
623,1192
624,1192
625,1191
626,1191
627,1191
628,1192
629,1192
630,1193
632,1194
633,1195
635,1196
637,1197
638,1199
640,1200
642,1202
644,1204
646,1206
647,1208
649,1210
651,1212
653,1214
654,1215
656,1217
657,1219
659,1220
660,1221
661,1222
662,1222
663,1223
663,1223
664,1222
664,1222
664,1221
665,1220
665,1219
665,1218
664,1216
664,1214
664,1212
664,1210
664,1208
663,1206
663,1204
663,1202
662,1200
662,1197
662,1195
661,1193
661,1191
661,1189
661,1187
661,1185
661,1184
661,1182
661,1181
661,1180
661,1179
661,1178
662,1178
662,1177
663,1177
663,1176
663,1176
664,1176
664,1175
665,1175
665,1175
665,1174
665,1173
666,1173
666,1172
666,1171
666,1170
666,1169
666,1167
666,1166
666,1165
666,1164
666,1163
666,1162
666,1161
666,1161
666,1160
667,1159
667,1159
668,1159
668,1159
669,1159
669,1159
670,1159
671,1159
671,1160
672,1161
673,1161
674,1162
675,1163
676,1164
678,1165
679,1165
680,1166
681,1167
683,1168
684,1168
685,1169
687,1169
688,1170
690,1170
691,1170
693,1170
694,1170
695,1169
697,1169
698,1168
699,1167
701,1166
702,1166
703,1165
705,1164
706,1163
707,1162
708,1161
709,1160
711,1159
712,1158
713,1157
714,1157
715,1156
716,1155
717,1154
718,1153
719,1152
719,1151
720,1150
721,1149
721,1148
722,1146
722,1145
723,1144
724,1143
724,1142
725,1140
725,1139
726,1138
726,1138
727,1137
728,1136
729,1136
729,1135
730,1135
731,1135
732,1135
733,1135
734,1135
735,1135
736,1135
737,1135
739,1136
740,1136
741,1137
742,1137
743,1138
744,1138
746,1139
747,1140
748,1140
749,1140
750,1141
751,1141
752,1141
753,1141
754,1141
755,1140
756,1140
756,1140
757,1139
758,1138
758,1138
759,1137
760,1136
760,1136
761,1135
762,1134
763,1134
763,1133
764,1133
765,1132
765,1131
766,1131
767,1131
768,1130
769,1130
769,1129
770,1129
771,1129
772,1128
773,1128
774,1128
774,1127
775,1127
776,1127
777,1127
778,1127
779,1127
780,1128
781,1128
782,1128
783,1129
784,1129
785,1130
786,1130
787,1131
789,1132
790,1132
791,1133
792,1134
793,1135
794,1136
795,1137
797,1137
798,1138
799,1139
800,1140
801,1140
802,1141
803,1141
804,1141
805,1141
806,1141
807,1141
808,1141
809,1140
809,1140
810,1139
811,1139
812,1138
812,1137
813,1136
813,1135
814,1134
815,1133
815,1132
816,1130
816,1129
817,1128
818,1127
818,1127
819,1126
820,1125
821,1125
821,1124
822,1124
823,1123
824,1123
825,1123
825,1122
826,1122
827,1122
828,1122
829,1121
829,1121
830,1121
831,1121
832,1121
833,1120
833,1120
834,1120
835,1119
835,1119
836,1118
837,1117
837,1117
838,1116
838,1115
839,1114
839,1113
840,1112
840,1111
841,1109
841,1108
842,1107
842,1105
842,1104
843,1103
843,1101
844,1100
844,1099
845,1098
846,1097
846,1096
847,1095
847,1095
848,1094
849,1094
850,1093
850,1093
851,1093
852,1094
853,1094
854,1094
855,1095
856,1096
857,1097
859,1098
860,1099
861,1101
862,1102
863,1103
865,1105
866,1107
867,1108
869,1110
870,1112
871,1113
872,1115
874,1116
875,1118
876,1120
877,1121
879,1123
880,1124
881,1126
882,1127
883,1128
884,1129
885,1131
886,1132
887,1132
888,1133
889,1134
890,1134
890,1134
891,1134
892,1134
892,1134
893,1134
893,1133
894,1133
894,1132
894,1131
895,1129
895,1128
895,1126
895,1124
895,1123
895,1120
895,1118
895,1116
894,1114
894,1111
894,1109
893,1107
893,1105
893,1103
892,1101
892,1099
892,1097
892,1096
891,1095
891,1094
891,1094
891,1093
891,1093
891,1093
891,1093
891,1093
891,1093
891,1093
891,1094
891,1094
891,1095
891,1095
892,1096
892,1096
892,1097
892,1098
892,1098
893,1099
893,1099
893,1100
893,1101
894,1101
894,1101
894,1102
894,1102
894,1102
894,1102
894,1102
895,1102
895,1103
895,1103
895,1103
895,1103
895,1103
895,1103
895,1103
895,1103
895,1103
895,1103
895,1103
895,1103
895,1102
895,1102
895,1102
895,1101
895,1101
895,1100
895,1100
894,1099
894,1099
894,1098
894,1098
894,1098
894,1099
894,1099
894,1099
894,1100
894,1101
895,1102
895,1104
895,1105
896,1107
896,1108
896,1110
897,1112
897,1115
898,1117
899,1119
899,1121
900,1123
900,1126
901,1128
901,1130
902,1132
903,1134
903,1136
904,1138
904,1139
905,1141
905,1142
905,1143
906,1144
906,1145
906,1145
906,1146
906,1146
906,1146
906,1145
906,1145
906,1144
905,1143
905,1142
905,1141
905,1140
904,1139
904,1138
904,1137
903,1135
903,1134
902,1133
902,1131
902,1130
901,1128
901,1127
900,1126
900,1125
900,1123
900,1122
899,1122
899,1121
899,1120
899,1120
899,1120
899,1120
899,1120
899,1120
899,1121
899,1121
899,1122
899,1123
900,1123
900,1124
900,1125
900,1125
900,1126
900,1126
900,1126
900,1126
900,1126
900,1126
900,1125
900,1124
899,1123
899,1122
899,1121
898,1120
898,1118
898,1117
897,1116
897,1114
897,1113
896,1111
896,1110
896,1109
895,1107
895,1106
895,1106
895,1105
895,1105
895,1105
895,1105
895,1105
895,1106
895,1107
896,1108
896,1109
896,1110
897,1112
897,1113
898,1115
898,1117
899,1119
899,1121
900,1123
900,1125
900,1126
901,1128
901,1130
902,1131
902,1133
902,1134
903,1135
903,1135
903,1136
903,1136
903,1136
903,1136
903,1136
903,1136
903,1135
903,1134
903,1133
903,1132
902,1131
902,1130
902,1129
902,1127
901,1126
901,1125
901,1124
901,1123
900,1122
900,1121
900,1120
900,1119
900,1119
900,1118
900,1118
900,1117
900,1117
900,1117
900,1117
900,1118
901,1118
901,1119
901,1119
901,1120
902,1120
902,1121
902,1122
902,1122
902,1122
902,1123
903,1123
903,1123
903,1123
902,1122
902,1122
902,1122
902,1121
902,1120
901,1120
901,1119
901,1118
900,1117
900,1115
899,1114
899,1113
898,1111
898,1110
897,1109
897,1107
896,1106
895,1105
895,1103
894,1102
894,1101
893,1100
893,1100
892,1099
892,1099
891,1099
891,1100
891,1101
891,1102
891,1104
891,1105
891,1107
891,1110
891,1112
891,1115
892,1117
892,1120
892,1122
892,1124
892,1126
892,1128
891,1130
891,1131
891,1132
890,1133
890,1133
889,1132
888,1132
887,1131
886,1130
885,1128
883,1126
882,1124
881,1122
879,1119
878,1117
876,1114
875,1111
873,1108
872,1105
870,1102
869,1099
867,1097
866,1094
864,1092
863,1090
862,1089
861,1087
859,1086
858,1085
857,1084
856,1084
855,1084
854,1084
853,1084
852,1084
850,1085
849,1085
848,1085
847,1086
845,1087
844,1087
842,1088
841,1089
839,1090
838,1090
836,1092
834,1093
833,1094
831,1095
829,1097
827,1098
825,1100
823,1102
822,1104
820,1106
817,1108
815,1110
813,1112
811,1114
809,1117
807,1119
805,1121
803,1124
801,1127
799,1130
797,1134
795,1137
794,1141
792,1145
791,1150
789,1155
788,1160
787,1166
786,1171
786,1178
785,1184
784,1191
784,1197
783,1204
782,1211
781,1218
780,1225
779,1232
777,1238
775,1245
773,1251
771,1256
768,1261
764,1266
760,1270
756,1274
751,1277
746,1279
740,1280
734,1281
727,1282
720,1281
712,1281
705,1280
697,1278
689,1277
681,1275
672,1273
664,1271
656,1269
648,1267
640,1266
632,1264
624,1263
616,1261
609,1260
602,1260
595,1260
589,1260
583,1260
577,1261
572,1262
567,1264
562,1265
557,1267
553,1270
548,1272
544,1275
540,1278
537,1281
533,1285
530,1288
527,1292
524,1296
522,1300
519,1304
517,1308
515,1312
513,1316
511,1321
509,1325
508,1329
507,1334
506,1338
505,1343
504,1347
503,1352
503,1356
503,1361
503,1365
503,1370
503,1374
503,1379
503,1383
503,1387
504,1391
504,1396
505,1400
505,1404
506,1407
506,1411
507,1415
507,1419
508,1423
509,1427
509,1431
510,1435
511,1439
512,1443
513,1448
514,1452
514,1456
515,1460
516,1464
517,1468
518,1472
519,1476
520,1480
521,1484
522,1487
523,1491
524,1494
525,1497
525,1500
526,1503
527,1505
527,1507
528,1509
528,1511
528,1513
529,1514
529,1515
529,1516
529,1517
529,1518
529,1519
529,1520
529,1520
529,1521
528,1522
528,1522
528,1523
528,1523
528,1524
528,1525
528,1526
528,1526
528,1527
528,1528
528,1530
528,1531
529,1532
529,1534
530,1535
530,1536
531,1538
531,1539
532,1541
533,1542
534,1543
534,1545
535,1546
536,1547
537,1548
538,1549
539,1550
539,1551
540,1551
541,1552
541,1552
542,1553
543,1553
543,1553
544,1553
544,1553
545,1552
545,1552
546,1552
546,1552
547,1552
548,1552
548,1552
549,1552
550,1552
551,1553
552,1554
554,1554
555,1555
556,1557
558,1558
560,1560
562,1561
563,1563
565,1565
567,1567
569,1569
571,1571
573,1573
575,1575
577,1577
579,1579
581,1580
583,1582
584,1583
586,1585
587,1586
588,1587
589,1587
590,1588
591,1588
591,1588
591,1588
592,1588
592,1588
592,1587
592,1586
591,1586
591,1585
591,1584
590,1583
590,1582
589,1580
588,1579
588,1578
587,1577
587,1576
586,1575
586,1574
585,1573
584,1571
584,1570
583,1569
583,1568
582,1567
581,1565
581,1564
580,1563
579,1562
579,1560
578,1559
577,1558
576,1557
576,1555
575,1554
574,1553
574,1552
573,1551
572,1550
571,1548
571,1547
570,1546
569,1545
569,1544
568,1543
567,1543
567,1542
566,1541
565,1540
565,1539
564,1538
564,1538
563,1537
562,1536
562,1535
561,1535
561,1534
560,1533
560,1532
559,1532
559,1531
558,1530
558,1529
558,1528
557,1528
557,1527
556,1526
556,1525
555,1524
554,1523
554,1522
553,1520
552,1519
552,1518
551,1516
550,1515
549,1514
548,1512
547,1510
546,1509
545,1507
544,1505
542,1503
541,1501
540,1499
538,1497
537,1495
535,1493
534,1491
532,1489
531,1487
529,1485
527,1483
526,1481
524,1479
523,1477
521,1475
520,1473
518,1472
517,1471
516,1470
514,1469
513,1468
512,1467
511,1466
511,1466
510,1466
509,1466
509,1466
508,1466
508,1466
507,1466
507,1466
506,1467
506,1467
506,1468
505,1468
505,1468
505,1469
504,1469
504,1469
504,1469
504,1469
503,1470
503,1470
503,1470
502,1470
502,1470
502,1470
502,1470
501,1470
501,1470
501,1470
501,1470
500,1470
500,1470
500,1470
500,1470
500,1471
500,1471
500,1472
501,1473
501,1473
501,1474
502,1475
502,1477
503,1478
504,1479
504,1481
505,1482
505,1483
506,1484
506,1485
506,1485
505,1485
505,1485
504,1484
502,1483
501,1481
499,1479
497,1477
494,1474
491,1471
488,1467
484,1463
481,1458
477,1454
473,1449
469,1443
464,1438
460,1432
456,1427
451,1421
447,1415
443,1410
439,1404
435,1399
431,1393
428,1388
425,1383
422,1379
419,1374
417,1370
415,1366
414,1363
412,1359
411,1356
410,1353
410,1351
409,1348
409,1346
409,1344
410,1342
410,1340
410,1338
410,1336
410,1334
411,1331
411,1329
411,1327
411,1324
411,1322
411,1319
412,1317
412,1314
412,1312
412,1309
412,1306
412,1304
412,1301
412,1298
412,1295
412,1292
412,1289
412,1286
412,1283
413,1280
413,1277
413,1274
413,1271
413,1268
413,1264
413,1261
413,1257
413,1254
413,1250
413,1247
413,1243
413,1239
413,1236
413,1232
413,1229
413,1225
413,1221
414,1218
414,1214
414,1211
415,1208
415,1204
415,1201
416,1197
416,1194
417,1190
417,1187
418,1184
418,1180
419,1177
419,1174
420,1171
420,1168
421,1165
421,1162
422,1159
422,1157
423,1154
423,1152
424,1149
424,1147
425,1145
425,1143
425,1141
426,1140
426,1138
427,1137
427,1136
427,1135
428,1134
428,1133
428,1133
429,1132
429,1132
430,1132
430,1132
431,1132
431,1133
431,1133
432,1133
432,1134
433,1135
433,1135
434,1136
434,1136
435,1137
435,1137
436,1138
437,1138
437,1139
438,1139
439,1139
439,1140
440,1140
441,1141
442,1142
444,1143
445,1144
447,1145
448,1146
450,1148
452,1149
454,1151
456,1154
459,1156
461,1159
464,1162
467,1165
470,1168
472,1172
475,1175
478,1179
482,1183
485,1187
488,1192
491,1196
494,1200
497,1205
500,1209
503,1213
505,1217
508,1221
510,1224
512,1228
514,1231
516,1234
517,1236
518,1239
518,1241
518,1243
518,1245
518,1247
517,1248
516,1249
514,1250
512,1251
510,1251
507,1252
504,1252
501,1252
497,1253
493,1253
489,1253
485,1253
481,1253
476,1254
471,1254
466,1254
461,1255
456,1255
451,1256
446,1257
441,1258
437,1258
432,1259
427,1261
422,1262
418,1263
413,1265
409,1266
405,1268
401,1269
397,1271
393,1272
390,1274
386,1276
383,1277
380,1279
377,1281
374,1282
371,1284
368,1286
365,1287
363,1289
360,1290
358,1292
355,1293
353,1294
351,1295
349,1295
346,1296
344,1296
342,1297
341,1297
339,1297
337,1297
336,1297
334,1297
333,1297
331,1296
330,1296
329,1295
328,1295
327,1294
326,1293
325,1293
324,1292
324,1291
323,1291
323,1290
323,1290
323,1290
323,1290
324,1290
325,1291
326,1291
327,1292
328,1293
329,1294
331,1296
333,1298
335,1300
337,1302
339,1304
341,1307
343,1310
346,1313
348,1316
350,1319
352,1322
355,1326
357,1329
359,1332
361,1336
362,1339
364,1342
366,1346
367,1349
368,1352
369,1355
370,1357
371,1360
372,1362
372,1364
373,1366
373,1368
373,1370
374,1371
374,1372
374,1373
374,1374
374,1375
373,1375
373,1376
373,1376
373,1376
372,1375
372,1375
372,1374
371,1373
371,1372
370,1371
370,1370
369,1369
369,1367
368,1366
367,1364
367,1362
366,1360
366,1358
365,1356
364,1354
364,1351
363,1349
362,1347
362,1344
361,1342
360,1339
360,1336
359,1334
359,1331
358,1328
358,1325
357,1323
357,1320
356,1317
356,1314
356,1311
356,1308
355,1306
355,1303
355,1300
355,1297
355,1294
355,1291
355,1288
354,1285
354,1282
354,1279
354,1276
354,1273
354,1270
354,1267
354,1264
354,1262
355,1259
355,1256
355,1254
355,1251
356,1249
356,1247
357,1244
357,1242
358,1240
359,1239
360,1237
360,1236
361,1234
362,1233
363,1232
365,1230
366,1229
367,1228
368,1227
369,1226
370,1225
371,1224
372,1223
373,1222
374,1221
375,1220
376,1218
377,1217
378,1215
378,1214
379,1212
379,1210
379,1208
380,1205
380,1203
380,1201
380,1198
380,1196
380,1194
380,1191
380,1189
380,1186
380,1184
380,1182
380,1180
380,1177
380,1175
380,1173
380,1171
380,1170
380,1168
380,1166
380,1165
380,1163
380,1162
380,1161
380,1160
380,1158
380,1157
379,1156
379,1154
379,1153
379,1152
378,1151
378,1149
377,1148
377,1146
376,1145
376,1144
375,1142
374,1141
374,1140
373,1138
372,1137
371,1136
371,1134
370,1133
369,1132
368,1130
368,1129
367,1128
366,1127
365,1126
365,1125
364,1124
363,1123
362,1122
362,1120
361,1119
360,1118
359,1117
358,1116
357,1115
357,1114
356,1113
355,1112
354,1111
353,1110
352,1109
351,1108
350,1107
350,1106
349,1105
348,1105
347,1104
346,1103
346,1102
345,1102
345,1101
344,1100
344,1100
343,1099
343,1099
342,1098
342,1098
342,1097
342,1097
341,1096
341,1095
341,1095
340,1094
340,1093
340,1092
339,1090
339,1089
338,1087
338,1086
337,1084
337,1082
336,1080
336,1078
335,1076
334,1074
334,1072
333,1070
333,1068
332,1066
332,1065
332,1063
332,1062
332,1061
332,1060
332,1059
332,1058
333,1057
333,1057
334,1056
334,1056
335,1055
335,1054
336,1054
336,1053
337,1053
337,1052
338,1051
338,1050
338,1049
339,1049
339,1048
340,1047
340,1046
340,1045
341,1044
341,1043
341,1041
342,1040
342,1039
342,1039
343,1038
343,1037
344,1036
344,1036
345,1036
346,1035
347,1035
347,1036
348,1036
349,1036
350,1037
351,1038
352,1038
353,1039
354,1040
355,1041
356,1042
357,1042
358,1043
359,1044
359,1044
360,1044
360,1045
360,1045
360,1044
360,1044
359,1044
359,1043
358,1042
357,1041
356,1040
355,1039
354,1038
353,1036
351,1034
350,1033
348,1031
346,1029
344,1027
343,1025
341,1023
339,1021
337,1019
335,1017
334,1015
332,1014
330,1012
329,1011
327,1010
326,1008
325,1007
323,1006
322,1005
321,1005
320,1004
319,1003
318,1003
317,1003
317,1002
316,1002
315,1001
314,1001
313,1000
312,1000
311,999
310,998
308,998
307,996
305,995
304,994
302,992
300,991
299,989
297,987
295,985
293,983
291,981
288,979
286,976
284,974
282,972
279,970
277,967
275,965
273,963
270,961
268,960
266,958
264,957
262,956
260,954
258,954
256,953
254,953
253,953
251,953
250,953
248,954
247,954
246,955
245,956
245,958
244,959
243,961
243,962
242,964
242,966
242,967
241,969
241,971
241,972
240,974
240,975
240,976
240,977
239,978
239,979
239,980
238,980
238,981
237,981
236,981
235,981
234,981
233,980
232,980
231,979
230,978
229,978
228,977
227,976
226,976
225,975
224,975
223,975
222,975
222,975
221,975
220,975
220,975
219,975
218,976
218,977
217,977
217,978
216,979
216,980
215,981
215,982
215,983
214,984
213,986
213,987
212,988
212,989
211,991
211,992
210,994
209,995
209,997
208,998
208,1000
207,1001
207,1003
206,1005
206,1006
206,1008
206,1010
206,1012
206,1014
206,1016
206,1018
206,1020
206,1022
207,1024
207,1026
208,1029
209,1031
209,1033
210,1035
211,1037
211,1039
212,1041
212,1042
213,1044
213,1045
214,1046
214,1048
214,1049
215,1050
215,1050
215,1051
215,1052
215,1052
215,1053
215,1053
215,1054
215,1054
214,1055
214,1055
214,1056
214,1056
214,1057
214,1058
214,1058
214,1059
214,1060
214,1062
214,1063
215,1064
215,1065
215,1067
215,1068
216,1070
216,1071
216,1072
217,1074
217,1075
217,1077
218,1078
218,1079
218,1080
218,1082
219,1083
219,1084
219,1085
219,1086
219,1086
219,1087
219,1088
219,1089
219,1090
219,1091
219,1091
219,1092
219,1093
219,1093
219,1094
218,1094
218,1095
218,1095
218,1096
217,1097
217,1097
217,1098
217,1099
216,1100
216,1100
216,1101
216,1102
215,1103
215,1104
215,1105
215,1105
215,1106
215,1107
215,1108
215,1109
215,1110
215,1110
215,1111
215,1112
215,1112
215,1112
215,1113
215,1113
215,1113
215,1113
214,1113
214,1113
214,1112
214,1112
214,1111
213,1110
213,1110
213,1109
212,1108
212,1106
211,1105
210,1103
209,1101
208,1099
207,1097
205,1094
204,1091
202,1088
200,1085
198,1081
196,1077
193,1073
190,1068
188,1064
185,1059
182,1054
179,1049
175,1043
172,1038
169,1033
166,1028
163,1022
160,1017
157,1012
154,1007
151,1002
148,998
146,993
143,989
141,985
140,982
138,979
137,976
136,973
135,972
135,970
135,969
136,969
136,969
137,969
139,970
140,971
142,973
144,975
146,977
149,979
151,981
154,984
156,986
159,989
162,992
164,995
167,998
170,1001
173,1004
176,1007
178,1010
181,1012
183,1015
186,1018
188,1020
190,1022
193,1024
194,1026
196,1027
198,1029
199,1030
200,1031
201,1031
202,1031
203,1031
203,1031
204,1031
204,1030
204,1029
204,1028
204,1027
203,1026
203,1025
203,1024
203,1023
202,1021
202,1020
202,1019
202,1018
202,1017
201,1015
201,1014
201,1013
201,1012
201,1010
201,1009
201,1008
200,1006
200,1005
200,1003
200,1002
199,1000
199,998
198,996
197,993
196,991
195,988
194,985
192,982
191,978
189,975
188,972
186,968
184,964
182,961
180,957
178,954
176,950
175,947
173,944
171,941
169,938
168,935
166,933
165,931
164,929
163,927
162,926
161,926
161,925
160,925
160,925
160,925
160,926
160,927
161,928
161,929
161,931
162,933
163,934
164,936
164,939
165,941
167,943
168,946
169,949
170,951
171,954
173,957
174,960
176,963
177,966
179,970
181,973
182,976
184,980
185,983
187,986
188,989
190,992
191,995
192,998
193,1000
193,1002
194,1005
195,1006
195,1008
195,1010
195,1011
195,1012
195,1013
194,1014
194,1015
193,1015
192,1016
192,1016
191,1016
190,1017
189,1017
188,1017
187,1018
186,1018
186,1018
185,1019
184,1020
184,1020
183,1022
183,1023
183,1024
183,1026
183,1027
183,1029
183,1031
183,1033
184,1035
184,1038
184,1040
185,1042
186,1045
186,1048
187,1050
187,1053
188,1056
189,1059
190,1062
191,1065
191,1068
192,1071
193,1074
194,1077
195,1080
195,1083
196,1085
197,1088
197,1090
198,1093
198,1094
198,1096
198,1098
198,1099
197,1099
197,1099
196,1099
195,1099
193,1098
192,1096
190,1094
188,1092
185,1089
183,1087
180,1083
177,1080
174,1076
171,1072
168,1069
164,1064
161,1060
158,1056
155,1052
151,1048
148,1044
146,1041
143,1037
140,1033
137,1030
135,1027
133,1024
130,1021
128,1018
126,1015
124,1013
123,1010
121,1008
120,1006
118,1004
117,1002
116,1000
115,999
114,997
113,995
112,994
111,992
110,991
109,989
109,988
108,987
108,985
107,984
107,984
107,983
106,982
107,982
107,981
107,981
108,982
108,982
109,982
110,983
111,984
112,985
113,985
114,986
115,987
116,988
117,989
118,990
119,991
120,992
120,992
121,993
122,994
122,994
123,994
123,995
124,995
124,995
124,995
125,996
125,996
125,996
125,996
125,996
125,995
125,995
126,995
126,995
126,995
126,995
126,995
126,995
126,995
127,996
127,996
127,996
127,996
128,996
128,996
129,997
129,997
129,997
130,998
130,998
131,999
132,1000
132,1000
133,1001
134,1002
135,1003
135,1004
136,1005
137,1006
138,1007
139,1008
140,1009
140,1010
141,1011
142,1012
143,1013
144,1014
144,1015
145,1017
146,1018
147,1020
149,1021
150,1023
151,1025
152,1027
154,1029
155,1031
157,1034
159,1036
160,1038
162,1041
164,1043
165,1045
166,1048
168,1049
169,1051
170,1053
170,1054
171,1055
171,1056
171,1056
171,1056
171,1056
170,1055
170,1055
169,1053
168,1052
166,1050
165,1049
163,1047
161,1044
159,1042
157,1039
155,1037
153,1034
151,1031
149,1029
147,1026
145,1024
143,1021
141,1019
140,1017
138,1015
136,1013
135,1012
134,1011
133,1009
131,1008
130,1008
129,1007
128,1006
127,1005
126,1005
125,1004
124,1004
123,1003
122,1002
121,1002
120,1001
119,1000
118,999
117,999
115,998
114,997
113,996
112,995
110,994
109,993
108,992
106,991
105,990
104,989
103,988
101,987
100,986
99,986
99,985
98,985
97,985
97,985
96,985
96,986
96,986
96,987
96,988
96,988
96,989
96,991
96,992
97,993
97,995
97,996
98,997
98,999
99,1000
99,1002
99,1003
100,1005
100,1006
100,1007
100,1008
100,1009
99,1010
99,1011
98,1011
98,1012
97,1012
96,1012
96,1012
95,1012
94,1012
94,1012
93,1012
92,1012
92,1012
92,1012
92,1012
92,1012
92,1012
92,1011
92,1011
93,1011
93,1010
94,1010
94,1009
95,1009
96,1008
96,1007
97,1006
98,1005
98,1004
99,1003
100,1002
100,1001
101,1000
102,999
102,997
103,996
103,995
103,994
104,992
104,991
104,990
105,989
105,988
105,987
106,987
106,986
106,986
107,985
107,985
107,984
108,984
108,984
109,984
109,984
110,984
110,984
111,984
112,984
112,983
112,983
113,983
113,982
113,981
113,980
112,979
112,978
111,976
111,975
110,973
109,971
108,969
107,966
105,964
104,961
103,958
101,955
99,952
98,949
96,946
94,943
93,940
91,937
90,934
89,932
88,930
87,928
86,927
86,926
86,925
86,925
87,925
88,926
89,927
90,928
92,930
94,932
96,934
98,937
100,940
102,943
105,946
107,949
109,952
111,955
113,958
115,961
117,964
119,967
121,970
123,973
124,975
126,978
128,980
129,983
131,986
133,989
134,991
136,994
138,997
140,1000
142,1003
144,1006
146,1010
149,1013
151,1017
154,1020
156,1024
159,1028
162,1031
164,1035
167,1039
170,1042
172,1046
175,1049
177,1052
179,1055
181,1057
183,1059
184,1061
186,1062
187,1063
187,1064
188,1064
188,1065
188,1064
188,1064
187,1063
187,1062
186,1061
185,1059
184,1057
183,1056
181,1054
180,1052
179,1050
177,1048
176,1046
175,1045
174,1043
172,1041
171,1039
170,1038
169,1036
168,1035
167,1034
167,1032
166,1031
165,1031
165,1030
165,1029
165,1029
165,1029
165,1029
164,1028
164,1028
164,1028
164,1028
164,1028
164,1028
164,1028
164,1029
164,1029
164,1029
164,1029
164,1030
164,1030
164,1031
164,1031
164,1032
164,1032
164,1033
165,1034
165,1035
165,1035
165,1037
166,1038
166,1039
167,1040
168,1042
169,1044
170,1046
171,1048
172,1050
174,1053
175,1055
177,1058
179,1061
181,1064
182,1067
184,1070
186,1074
188,1077
190,1080
192,1083
194,1085
195,1088
196,1090
197,1092
198,1093
199,1094
199,1095
199,1095
199,1095
199,1094
198,1094
198,1092
197,1091
196,1089
195,1087
194,1084
192,1081
191,1078
190,1075
188,1072
187,1068
186,1065
184,1061
183,1058
182,1055
181,1051
180,1049
179,1046
178,1043
178,1041
177,1039
177,1037
177,1036
177,1034
177,1034
177,1033
177,1033
178,1033
178,1033
179,1034
179,1035
180,1036
181,1037
181,1038
182,1039
182,1041
183,1042
184,1044
184,1046
185,1048
185,1050
186,1051
186,1053
186,1055
186,1056
187,1057
186,1058
186,1058
186,1058
185,1058
184,1057
183,1055
181,1053
180,1050
178,1047
175,1043
173,1038
170,1033
167,1027
164,1021
160,1014
157,1006
153,999
149,991
146,982
142,974
139,965
135,957
132,948
129,940
126,932
124,924
122,917
120,910
119,903
118,897
118,892
118,887
118,883
119,880
120,877
122,875
124,873
126,872
129,871
132,871
135,871
138,871
141,872
145,873
149,873
152,874
156,875
159,876
163,876
166,877
169,877
172,876
175,876
177,875
179,874
181,873
183,871
185,870
187,868
189,866
190,864
192,862
193,861
195,859
197,857
198,856
200,855
202,853
204,853
207,852
209,852
212,852
215,852
219,853
222,854
226,855
230,857
235,859
239,861
244,864
249,867
254,870
259,873
264,876
269,879
274,883
280,886
285,890
290,893
295,896
299,899
304,903
308,905
312,908
316,911
320,913
324,916
328,918
331,920
334,923
338,925
341,927
344,929
346,931
349,933
352,935
354,937
356,938
359,939
361,941
363,942
364,943
366,944
368,945
370,945
371,946
373,947
375,947
376,948
378,948
379,948
381,948
382,949
384,949
385,949
386,949
387,949
389,949
390,949
391,950
392,950
392,951
393,952
394,954
394,955
395,957
395,959
396,962
396,965
396,968
397,971
397,975
397,979
397,984
397,988
398,993
398,998
398,1003
398,1008
398,1014
399,1019
399,1024
399,1030
400,1035
400,1041
401,1046
401,1051
402,1056
402,1061
403,1066
404,1071
405,1075
405,1079
406,1083
407,1087
407,1090
408,1093
409,1096
409,1099
410,1102
410,1104
410,1107
411,1110
411,1112
411,1115
411,1117
412,1120
412,1122
412,1125
412,1127
412,1130
413,1132
413,1135
413,1137
413,1140
414,1142
414,1144
414,1147
414,1149
414,1151
414,1153
414,1155
414,1157
414,1159
414,1161
413,1163
413,1164
413,1165
412,1167
412,1168
411,1169
411,1170
410,1171
410,1173
409,1174
409,1175
408,1177
408,1178
408,1180
408,1182
408,1184
409,1187
409,1189
410,1193
411,1196
412,1200
414,1204
415,1208
417,1213
419,1218
421,1223
424,1229
427,1235
430,1242
433,1249
436,1256
440,1263
444,1270
448,1278
452,1286
456,1294
460,1301
463,1308
467,1315
470,1322
472,1327
474,1332
476,1336
477,1339
477,1342
476,1343
475,1343
473,1342
470,1341
467,1338
462,1334
457,1330
452,1325
446,1318
439,1312
432,1304
425,1297
417,1289
409,1280
400,1272
392,1263
384,1255
375,1247
367,1239
359,1231
352,1224
345,1217
338,1211
331,1206
325,1201
320,1197
315,1193
310,1190
306,1188
302,1186
299,1185
296,1184
293,1184
291,1184
289,1184
286,1184
284,1184
282,1184
280,1184
278,1183
276,1183
273,1182
271,1181
269,1180
266,1179
264,1178
262,1176
259,1175
257,1173
255,1171
253,1170
250,1168
248,1166
246,1165
244,1163
242,1161
240,1160
239,1158
237,1157
236,1155
235,1154
233,1153
232,1152
232,1151
231,1151
230,1150
230,1150
229,1149
229,1149
229,1149
229,1149
229,1149
229,1149
229,1148
229,1148
229,1148
229,1148
230,1147
230,1147
230,1146
230,1146
231,1145
231,1144
231,1143
231,1143
231,1142
231,1141
232,1139
232,1138
232,1137
232,1136
233,1135
233,1134
233,1133
234,1132
234,1131
234,1130
235,1129
235,1128
236,1127
236,1126
237,1126
238,1125
239,1125
240,1125
241,1125
242,1125
243,1125
245,1125
246,1126
248,1126
249,1126
251,1127
253,1127
254,1128
256,1128
257,1128
259,1128
260,1128
262,1128
263,1128
264,1128
265,1127
266,1127
267,1126
268,1125
269,1124
270,1123
270,1121
271,1120
271,1119
272,1117
272,1116
273,1114
273,1113
273,1111
274,1110
274,1108
275,1107
275,1105
276,1104
276,1102
276,1101
277,1099
277,1098
278,1096
278,1094
278,1092
279,1091
279,1089
280,1087
280,1085
280,1084
281,1082
281,1080
281,1078
282,1076
282,1074
282,1073
283,1071
283,1069
283,1067
284,1066
284,1064
284,1063
285,1061
285,1060
286,1059
287,1058
287,1057
288,1056
289,1055
289,1054
290,1053
291,1053
292,1052
293,1052
294,1051
295,1051
296,1050
297,1050
298,1049
299,1049
300,1049
301,1048
301,1047
302,1047
303,1046
304,1045
305,1045
306,1044
307,1043
308,1043
309,1042
310,1041
311,1041
312,1041
313,1040
314,1040
316,1040
317,1040
318,1039
319,1039
321,1039
322,1039
323,1039
325,1039
326,1038
327,1038
328,1038
329,1038
331,1038
332,1037
333,1037
334,1037
335,1036
336,1035
337,1035
337,1034
338,1033
339,1033
340,1032
341,1031
341,1030
342,1029
343,1027
343,1026
344,1025
344,1023
345,1021
345,1020
345,1018
345,1016
345,1014
346,1012
346,1009
346,1007
346,1005
346,1003
346,1001
347,999
347,998
347,996
348,994
348,993
348,991
349,990
349,989
350,988
351,987
351,986
352,985
353,985
354,984
355,984
356,984
357,984
358,984
359,984
360,984
361,984
362,985
364,985
365,985
366,986
367,986
368,986
369,986
370,986
370,985
371,985
372,984
372,984
373,983
373,982
374,981
374,980
374,979
374,977
374,976
375,974
375,972
374,971
374,969
374,967
374,965
374,962
374,960
373,958
373,956
373,954
373,953
373,951
373,950
373,949
374,948
374,947
375,947
376,947
377,947
378,947
379,948
380,948
381,949
382,949
383,950
384,950
385,951
385,951
386,951
387,951
387,951
388,950
388,950
388,949
388,949
388,948
388,947
388,946
388,944
388,943
387,942
387,940
387,938
386,937
386,935
385,933
385,932
384,930
384,929
383,928
383,927
383,926
383,926
383,926
383,926
384,926
384,926
385,926
385,927
386,927
386,928
387,928
387,929
388,929
389,930
389,930
390,930
390,931
391,931
391,931
392,932
393,932
394,933
394,933
395,934
396,935
397,935
398,936
399,937
401,938
402,939
403,940
404,942
406,943
407,945
409,947
411,949
413,951
415,953
417,956
419,959
422,962
424,965
427,969
430,973
433,977
436,982
439,987
443,992
447,998
450,1004
454,1010
459,1017
463,1023
467,1031
471,1038
476,1045
480,1053
485,1061
489,1068
494,1076
498,1083
502,1089
505,1095
509,1101
512,1106
514,1110
517,1113
519,1116
520,1118
522,1119
523,1119
523,1119
523,1118
523,1116
523,1114
522,1111
522,1107
521,1103
519,1099
518,1094
517,1090
515,1085
514,1080
513,1075
511,1070
510,1066
509,1062
508,1058
507,1054
506,1051
506,1048
506,1045
505,1043
505,1042
506,1040
506,1039
506,1038
507,1038
508,1038
508,1038
509,1038
510,1038
511,1038
512,1039
513,1039
514,1039
516,1040
517,1040
518,1041
520,1042
521,1044
523,1045
525,1047
527,1049
529,1052
532,1054
534,1057
537,1060
539,1063
542,1067
545,1070
548,1074
551,1077
553,1080
556,1084
558,1086
561,1089
563,1091
565,1093
567,1095
569,1096
571,1097
572,1098
573,1098
574,1098
575,1097
576,1096
576,1095
577,1093
577,1092
577,1090
578,1088
578,1086
578,1084
578,1083
578,1081
578,1079
578,1078
579,1077
579,1076
580,1075
580,1075
581,1075
582,1075
583,1075
584,1076
585,1076
586,1077
587,1078
588,1078
589,1079
590,1079
591,1080
592,1080
593,1080
594,1080
595,1079
596,1079
596,1078
597,1076
597,1075
598,1073
598,1071
599,1069
599,1067
599,1065
600,1063
600,1061
601,1059
601,1057
601,1055
602,1054
602,1052
603,1051
603,1050
604,1049
604,1048
605,1047
606,1047
606,1046
607,1046
607,1046
608,1046
608,1046
609,1047
610,1047
610,1047
611,1048
611,1048
612,1049
612,1049
613,1050
613,1050
613,1050
614,1051
614,1051
614,1052
614,1052
615,1052
615,1052
615,1053
615,1053
615,1053
615,1053
615,1053
616,1053
616,1053
616,1053
616,1053
616,1053
616,1053
616,1053
616,1053
616,1053
616,1053
616,1053
617,1052
617,1052
617,1052
617,1052
617,1051
617,1051
616,1051
616,1050
616,1050
616,1050
616,1049
616,1049
616,1048
616,1048
615,1048
615,1047
615,1047
615,1047
614,1046
614,1046
614,1046
614,1046
614,1046
613,1046
613,1046
613,1046
613,1046
613,1047
613,1047
613,1047
613,1047
613,1048
612,1048
612,1048
612,1049
612,1049
612,1050
612,1050
613,1050
613,1051
613,1051
613,1051
613,1052
613,1052
613,1052
613,1052
613,1052
613,1052
613,1052
613,1052
613,1052
613,1052
613,1052
613,1051
612,1051
612,1051
612,1050
612,1050
612,1050
612,1050
612,1050
612,1049
612,1049
612,1050
612,1050
612,1050
612,1050
613,1050
613,1051
613,1051
613,1051
613,1052
613,1052
613,1053
614,1053
614,1053
614,1053
614,1054
614,1054
614,1054
614,1054
614,1053
614,1053
614,1053
614,1053
614,1052
614,1052
613,1051
613,1051
613,1051
613,1050
613,1050
613,1050
613,1049
613,1049
613,1049
613,1049
613,1049
613,1050
613,1050
613,1050
613,1051
613,1052
613,1052
614,1053
614,1054
614,1054
614,1055
615,1056
615,1056
615,1057
615,1058
615,1058
616,1058
616,1059
616,1059
616,1059
616,1059
616,1059
616,1058
615,1058
615,1058
615,1057
615,1056
615,1056
614,1055
614,1055
614,1054
613,1053
613,1053
613,1053
613,1052
612,1052
612,1052
612,1051
612,1051
612,1051
612,1051
611,1051
611,1051
611,1051
611,1051
611,1051
611,1051
611,1051
611,1051
611,1051
611,1051
611,1051
611,1051
611,1052
611,1052
611,1052
611,1052
611,1053
611,1053
611,1053
611,1054
611,1054
611,1055
611,1055
611,1055
611,1056
611,1056
611,1056
611,1056
610,1056
610,1056
610,1056
610,1056
609,1056
609,1056
609,1056
609,1056
608,1055
608,1055
608,1055
608,1054
607,1054
607,1053
607,1053
607,1052
607,1052
607,1052
607,1051
607,1051
607,1051
607,1050
607,1050
607,1050
607,1050
607,1050
607,1050
607,1051
607,1051
607,1051
607,1051
607,1052
607,1052
607,1053
607,1053
607,1054
607,1054
607,1055
607,1056
607,1056
607,1057
607,1058
607,1058
607,1059
607,1060
607,1061
607,1061
607,1062
607,1063
607,1063
606,1064
606,1065
606,1066
606,1066
606,1067
606,1068
605,1069
605,1069
605,1070
605,1071
605,1072
605,1073
604,1074
604,1075
604,1076
604,1077
604,1078
604,1079
603,1079
603,1080
603,1081
603,1082
603,1083
603,1084
603,1085
603,1086
602,1087
602,1088
602,1089
602,1089
602,1090
602,1091
603,1092
603,1093
603,1094
603,1095
603,1095
603,1096
603,1097
603,1097
603,1098
604,1098
604,1099
604,1099
604,1100
604,1100
604,1101
604,1102
604,1102
604,1103
604,1103
604,1104
604,1105
604,1105
604,1106
604,1107
604,1107
604,1108
604,1108
603,1108
603,1109
603,1109
603,1109
602,1109
602,1109
602,1109
601,1109
600,1108
599,1107
598,1106
597,1105
596,1103
594,1101
592,1099
590,1097
588,1094
585,1092
582,1089
580,1085
577,1082
574,1079
571,1076
568,1073
565,1070
562,1067
559,1065
557,1062
554,1060
552,1059
549,1057
547,1056
546,1055
544,1055
543,1055
542,1055
541,1056
541,1057
541,1059
541,1061
542,1064
542,1066
543,1069
545,1073
546,1076
548,1080
549,1084
551,1088
553,1093
555,1097
557,1101
559,1105
561,1109
562,1112
563,1115
564,1118
565,1120
566,1122
566,1123
566,1124
566,1124
566,1124
565,1124
565,1123
564,1122
563,1121
562,1119
560,1118
559,1116
558,1114
557,1112
555,1110
554,1108
553,1106
552,1104
551,1103
550,1101
549,1100
549,1099
548,1099
548,1098
548,1099
549,1099
549,1100
550,1101
551,1102
552,1104
553,1106
555,1108
556,1110
558,1112
560,1114
561,1117
563,1119
565,1121
567,1123
569,1125
570,1127
572,1128
574,1129
575,1130
576,1130
578,1130
579,1130
580,1130
581,1130
583,1129
584,1128
585,1128
586,1127
587,1126
588,1124
588,1123
589,1122
590,1120
590,1118
590,1116
590,1114
590,1112
590,1110
590,1107
589,1105
589,1103
588,1101
588,1098
587,1096
586,1095
585,1093
584,1091
583,1090
583,1089
582,1088
581,1087
580,1087
580,1086
579,1086
579,1087
579,1087
578,1087
578,1088
578,1089
578,1090
579,1091
579,1093
580,1094
580,1096
581,1097
582,1099
583,1100
584,1102
585,1104
586,1105
587,1106
588,1108
588,1109
589,1110
590,1111
591,1111
592,1111
592,1111
593,1111
594,1111
594,1110
594,1109
595,1108
595,1107
595,1106
596,1104
596,1103
596,1102
596,1100
597,1099
597,1097
597,1096
597,1095
597,1093
598,1092
598,1091
598,1090
598,1088
598,1087
599,1086
599,1086
599,1085
599,1084
599,1083
600,1083
600,1083
600,1082
600,1082
600,1082
601,1082
601,1081
601,1081
601,1081
601,1082
602,1082
602,1082
602,1082
602,1082
602,1082
603,1082
603,1082
603,1082
603,1082
603,1082
603,1081
603,1081
602,1080
602,1080
602,1079
601,1078
600,1077
600,1075
599,1074
598,1073
597,1071
596,1070
595,1068
594,1067
593,1065
592,1064
591,1063
590,1062
590,1061
589,1060
589,1059
588,1059
588,1059
588,1060
588,1060
588,1061
589,1062
589,1064
590,1065
590,1067
591,1070
592,1072
593,1074
594,1077
595,1079
596,1081
597,1083
598,1085
598,1087
598,1088
598,1088
597,1088
596,1088
595,1086
594,1085
592,1083
589,1080
587,1077
584,1073
581,1069
578,1065
574,1061
571,1056
568,1052
564,1048
561,1044
558,1041
555,1037
553,1034
550,1032
547,1029
545,1027
543,1025
540,1023
538,1021
536,1019
533,1017
531,1015
529,1013
526,1011
524,1009
521,1006
518,1003
514,1000
511,997
507,993
503,989
499,984
494,980
489,975
484,969
479,964
473,958
468,952
462,946
456,941
451,935
445,930
440,924
434,920
429,915
424,911
419,908
415,905
411,902
407,900
404,898
400,897
397,896
395,896
392,896
390,896
387,896
385,896
383,896
380,896
378,896
376,896
374,896
371,896
369,896
367,896
365,896
362,896
360,896
358,896
356,896
354,896
352,896
350,896
349,896
347,897
346,898
344,898
343,899
342,900
341,902
339,903
338,904
337,905
336,907
335,908
334,910
333,911
332,913
331,914
330,915
329,917
328,918
327,919
326,921
325,922
324,923
322,924
321,925
320,926
318,927
317,927
315,928
314,929
312,929
311,930
309,931
308,931
306,931
304,932
303,932
301,932
299,932
297,932
295,932
293,932
292,932
290,932
288,931
285,931
283,930
281,930
279,929
276,928
274,927
271,925
268,924
265,923
262,922
259,920
256,919
253,918
250,916
247,915
244,914
241,913
237,912
234,911
231,910
228,910
225,909
222,909
220,909
217,909
214,909
212,909
210,909
207,910
205,910
203,911
201,911
200,912
198,913
197,914
195,914
194,915
193,916
192,917
191,918
190,919
189,919
189,920
188,921
187,921
187,922
186,922
186,922
185,923
185,923
185,923
184,923
184,923
184,923
183,923
183,923
183,923
183,923
183,923
182,923
182,923
182,923
182,923
182,923
182,923
182,923
