1988,559
1988,560
1988,560
1987,560
1986,561
1986,562
1985,562
1984,563
1983,564
1981,565
1980,566
1979,567
1977,569
1975,570
1973,572
1970,574
1966,576
1962,579
1957,583
1951,587
1944,591
1937,597
1928,602
1918,609
1908,616
1896,623
1884,631
1871,639
1857,648
1842,658
1827,667
1812,677
1796,688
1780,698
1763,708
1747,719
1731,729
1715,740
1700,750
1685,760
1671,769
1657,778
1645,786
1633,794
1622,801
1612,808
1603,814
1595,819
1588,824
1582,828
1577,831
1573,833
1570,835
1567,837
1565,838
1564,838
1563,839
1563,839
1563,838
1563,838
1563,838
1563,838
1563,837
1563,837
1563,837
1563,836
1563,836
1563,835
1563,835
1563,835
1563,834
1563,834
1564,834
1564,834
1564,834
1564,835
1564,835
1564,835
1565,836
1565,836
1565,837
1565,838
1565,839
1566,840
1566,840
1566,841
1566,842
1567,843
1567,845
1567,846
1568,847
1568,848
1568,850
1569,851
1569,852
1569,853
1569,854
1570,855
1570,856
1570,857
1571,858
1571,859
1571,860
1572,861
1572,861
1572,862
1573,863
1573,863
1573,864
1574,865
1574,865
1574,866
1575,866
1575,867
1576,868
1576,869
1576,869
1577,870
1577,871
1577,873
1578,874
1578,875
1578,876
1579,877
1579,879
1579,880
1580,881
1580,883
1581,884
1581,885
1581,886
1582,888
1582,889
1583,890
1583,891
1584,892
1584,893
1585,893
1585,894
1585,895
1586,895
1586,896
1587,897
1587,898
1588,898
1588,899
1589,900
1589,901
1590,903
1590,904
1590,905
1591,907
1591,909
1591,910
1592,912
1592,914
1592,916
1592,918
1593,920
1593,922
1593,924
1593,926
1593,928
1594,930
1594,932
1594,934
1594,936
1594,937
1594,939
1595,941
1595,943
1595,945
1595,946
1595,948
1595,950
1595,952
1596,953
1596,955
1596,957
1596,958
1596,960
1596,962
1596,964
1597,966
1597,967
1597,969
1597,971
1597,973
1597,975
1597,977
1598,979
1598,981
1598,982
1598,984
1598,986
1598,988
1598,989
1598,991
1599,992
1599,994
1599,996
1599,997
1599,999
1599,1000
1600,1002
1600,1003
1600,1005
1600,1006
1600,1007
1601,1009
1601,1010
1601,1012
1601,1013
1601,1015
1601,1016
1602,1018
1602,1020
1602,1021
1602,1023
1602,1024
1603,1026
1603,1028
1603,1030
1603,1031
1603,1033
1604,1035
1604,1037
1604,1039
1604,1041
1604,1043
1604,1045
1605,1047
1605,1049
1605,1051
1605,1053
1605,1055
1605,1058
1605,1060
1605,1062
1606,1064
1606,1066
1606,1068
1606,1069
1606,1071
1606,1073
1606,1074
1606,1076
1606,1077
1606,1079
1606,1080
1607,1081
1607,1083
1607,1084
1607,1085
1607,1086
1607,1088
1606,1089
1606,1091
1606,1092
1606,1094
1606,1095
1606,1097
1605,1099
1605,1101
1605,1103
1604,1104
1604,1106
1603,1108
1603,1110
1602,1112
1602,1114
1602,1116
1601,1118
1600,1119
1600,1121
1599,1123
1599,1125
1598,1126
1598,1128
1597,1129
1597,1130
1596,1132
1595,1133
1595,1134
1594,1135
1594,1136
1593,1138
1592,1139
1592,1140
1591,1141
1590,1143
1590,1144
1589,1145
1588,1147
1588,1148
1587,1150
1586,1152
1585,1153
1584,1155
1584,1157
1583,1158
1582,1160
1581,1162
1580,1164
1579,1165
1578,1167
1578,1168
1577,1170
1576,1171
1575,1173
1574,1174
1574,1176
1573,1177
1572,1178
1571,1180
1570,1181
1569,1182
1569,1183
1568,1185
1567,1186
1566,1187
1565,1189
1565,1190
1564,1191
1563,1192
1562,1193
1561,1195
1560,1196
1560,1197
1559,1198
1558,1199
1557,1201
1556,1202
1555,1203
1554,1204
1553,1205
1552,1206
1551,1207
1550,1208
1549,1209
1549,1210
1548,1211
1547,1212
1546,1213
1545,1214
1544,1215
1543,1216
1542,1216
1541,1217
1540,1218
1539,1219
1537,1220
1536,1221
1535,1222
1534,1223
1533,1224
1532,1225
1531,1226
1530,1227
1528,1228
1527,1229
1526,1230
1525,1231
1524,1231
1523,1232
1521,1232
1520,1233
1519,1233
1518,1234
1517,1234
1515,1235
1514,1235
1513,1236
1512,1237
1511,1237
1509,1238
1508,1238
1507,1239
1506,1240
1504,1241
1503,1241
1502,1242
1501,1243
1500,1244
1498,1245
1497,1246
1496,1247
1495,1249
1493,1250
1492,1251
1491,1252
1490,1253
1489,1254
1487,1255
1486,1257
1485,1258
1484,1259
1482,1259
1481,1260
1480,1261
1479,1262
1477,1262
1476,1263
1475,1264
1474,1264
1472,1265
1471,1265
1470,1265
1469,1266
1467,1266
1466,1266
1465,1266
1464,1266
1463,1267
1461,1267
1460,1267
1459,1267
1458,1267
1456,1267
1455,1267
1454,1267
1453,1267
1452,1267
1450,1267
1449,1267
1448,1267
1447,1267
1445,1266
1444,1266
1443,1266
1442,1266
1441,1266
1439,1266
1438,1266
1437,1265
1436,1265
1435,1265
1434,1265
1432,1265
1431,1264
1430,1264
1429,1264
1428,1264
1426,1264
1425,1263
1424,1263
1423,1263
1422,1263
1421,1262
1419,1262
1418,1262
1417,1262
1416,1261
1415,1261
1414,1261
1412,1260
1411,1260
1410,1260
1409,1260
1408,1259
1407,1259
1406,1259
1405,1259
1404,1258
1403,1258
1402,1258
1400,1258
1399,1257
1398,1257
1397,1257
1396,1257
1395,1257
1394,1257
1393,1257
1392,1256
1391,1256
1390,1256
1389,1256
1388,1256
1387,1256
1386,1256
1385,1256
1384,1256
1383,1256
1382,1256
1381,1255
1380,1255
1379,1255
1377,1255
1376,1255
1375,1255
1374,1255
1373,1255
1372,1254
1371,1254
1370,1254
1369,1254
1368,1254
1367,1254
1366,1254
1365,1254
1364,1254
1363,1254
1362,1254
1361,1254
1360,1254
1359,1254
1359,1254
1358,1254
1357,1254
1356,1254
1355,1254
1354,1254
1353,1254
1352,1253
1351,1253
1350,1253
1349,1253
1348,1252
1348,1252
1347,1252
1346,1251
1345,1251
1344,1251
1343,1250
1342,1250
1341,1250
1340,1249
1339,1249
1338,1249
1337,1248
1336,1248
1335,1248
1334,1247
1333,1247
1332,1247
1331,1247
1331,1246
1330,1246
1329,1246
1328,1245
1327,1245
1326,1245
1325,1245
1324,1244
1323,1244
1322,1244
1321,1243
1320,1243
1319,1243
1318,1243
1317,1242
1316,1242
1315,1242
1314,1242
1313,1242
1312,1241
1312,1241
1311,1241
1310,1241
1309,1241
1308,1240
1308,1240
1307,1240
1306,1239
1306,1239
1305,1238
1304,1238
1304,1237
1303,1236
1302,1235
1302,1234
1301,1233
1301,1232
1300,1231
1299,1230
1299,1229
1298,1227
1298,1226
1297,1225
1296,1223
1296,1222
1295,1221
1294,1219
1294,1218
1293,1217
1293,1216
1292,1215
1291,1214
1291,1213
1290,1212
1289,1211
1289,1211
1288,1210
1287,1209
1287,1208
1286,1208
1285,1207
1284,1206
1284,1205
1283,1204
1282,1203
1282,1202
1281,1201
1280,1200
1280,1199
1279,1197
1278,1196
1277,1195
1277,1193
1276,1192
1275,1191
1275,1190
1274,1188
1273,1187
1272,1186
1272,1185
1271,1184
1270,1183
1269,1182
1268,1182
1268,1181
1267,1180
1266,1179
1265,1179
1265,1178
1264,1177
1263,1176
1262,1175
1262,1174
1261,1173
1260,1172
1259,1171
1258,1170
1258,1169
1257,1167
1256,1166
1255,1165
1254,1163
1253,1162
1253,1161
1252,1159
1251,1158
1250,1157
1250,1156
1249,1155
1248,1154
1247,1153
1247,1152
1246,1151
1245,1150
1244,1149
1244,1148
1243,1147
1242,1146
1241,1145
1241,1144
1240,1143
1239,1142
1239,1141
1238,1140
1237,1139
1237,1137
1236,1136
1235,1135
1235,1134
1234,1133
1233,1132
1233,1131
1232,1129
1232,1128
1231,1127
1230,1127
1230,1126
1229,1125
1229,1124
1228,1124
1228,1123
1227,1123
1227,1122
1226,1122
1226,1122
1225,1121
1225,1121
1224,1120
1224,1119
1223,1119
1223,1118
1223,1117
1222,1117
1222,1116
1221,1115
1221,1114
1220,1113
1220,1111
1219,1110
1219,1109
1218,1108
1218,1106
1217,1105
1217,1104
1216,1102
1215,1101
1215,1100
1214,1098
1213,1097
1213,1096
1212,1095
1211,1094
1211,1093
1210,1092
1209,1091
1209,1090
1208,1090
1207,1089
1207,1089
1206,1088
1205,1088
1205,1088
1204,1087
1204,1087
1203,1087
1202,1087
1202,1087
1201,1087
1201,1087
1200,1087
1200,1087
1199,1087
1199,1087
1199,1088
1198,1088
1198,1088
1198,1088
1197,1089
1197,1089
1197,1089
1196,1090
1196,1090
1196,1090
1196,1091
1195,1091
1195,1092
1195,1092
1194,1092
1194,1093
1194,1093
1194,1093
1193,1093
1193,1094
1193,1094
1192,1094
1192,1094
1192,1094
1191,1094
1191,1094
1191,1094
1190,1094
1190,1093
1189,1093
1189,1093
1188,1093
1188,1092
1187,1092
1187,1092
1186,1091
1186,1090
1185,1089
1184,1088
1184,1087
1183,1086
1182,1085
1182,1084
1181,1083
1180,1082
1179,1081
1178,1080
1178,1079
1177,1078
1176,1077
1175,1076
1174,1075
1173,1075
1172,1074
1171,1073
1170,1072
1169,1071
1168,1070
1167,1069
1166,1068
1165,1067
1164,1066
1163,1065
1162,1064
1162,1062
1161,1061
1160,1060
1159,1058
1158,1057
1157,1055
1156,1054
1155,1052
1155,1051
1154,1049
1153,1047
1152,1045
1151,1044
1151,1042
1150,1040
1149,1038
1149,1037
1148,1035
1147,1033
1147,1032
1146,1030
1146,1029
1145,1028
1144,1027
1144,1026
1143,1025
1143,1024
1142,1023
1142,1023
1141,1022
1140,1021
1140,1020
1139,1019
1139,1018
1138,1017
1137,1016
1137,1015
1136,1014
1135,1013
1135,1012
1134,1011
1133,1009
1133,1008
1132,1006
1132,1004
1131,1003
1130,1001
1130,999
1129,997
1128,995
1128,993
1127,991
1127,989
1126,987
1126,985
1125,983
1125,980
1124,978
1124,976
1123,973
1123,971
1122,969
1122,966
1121,964
1121,961
1121,959
1120,957
1120,954
1119,952
1119,950
1119,947
1118,945
1118,943
1118,940
1118,938
1117,936
1117,934
1117,932
1117,930
1117,928
1116,926
1116,925
1116,923
1116,922
1116,920
1116,919
1116,917
1116,916
1116,915
1116,913
1116,912
1116,911
1116,909
1115,908
1115,907
1115,906
1115,904
1115,903
1115,902
1115,900
1114,899
1114,897
1114,896
1113,894
1113,893
1113,891
1112,889
1112,888
1111,886
1111,884
1110,883
1109,881
1109,880
1108,878
1108,877
1107,875
1106,874
1106,873
1105,872
1104,871
1104,871
1103,870
1102,870
1102,869
1101,869
1100,869
1100,869
1099,870
1099,870
1098,870
1098,871
1098,872
1097,872
1097,873
1096,874
1096,875
1096,876
1095,876
1095,877
1095,878
1094,879
1094,880
1094,881
1093,881
1093,882
1093,883
1092,884
1092,885
1091,886
1091,887
1091,888
1090,889
1090,890
1089,891
1089,893
1089,894
1088,895
1088,896
1087,898
1087,899
1086,901
1086,902
1086,903
1085,905
1085,906
1084,908
1084,909
1083,910
1083,912
1082,913
1082,914
1081,915
1081,917
1080,918
1079,919
1079,920
1078,922
1078,923
1077,924
1077,926
1076,927
1076,929
1075,930
1075,932
1074,934
1074,935
1073,937
1073,939
1072,941
1072,943
1071,945
1071,947
1070,950
1070,952
1070,954
1069,957
1069,959
1068,961
1068,964
1067,966
1067,969
1066,971
1065,973
1065,976
1064,978
1064,980
1063,983
1062,985
1061,988
1061,990
1060,992
1059,995
1058,997
1057,1000
1057,1002
1056,1005
1055,1007
1054,1010
1053,1012
1052,1015
1051,1017
1050,1020
1049,1022
1048,1025
1047,1028
1046,1030
1045,1033
1044,1035
1043,1038
1042,1040
1041,1043
1040,1046
1039,1048
1038,1051
1037,1054
1036,1057
1035,1060
1035,1063
1034,1066
1033,1069
1032,1072
1031,1074
1031,1077
1030,1080
1029,1083
1029,1086
1028,1088
1027,1091
1026,1093
1026,1096
1025,1098
1024,1101
1024,1103
1023,1105
1022,1107
1022,1109
1021,1111
1021,1113
1020,1115
1019,1117
1019,1119
1018,1121
1017,1123
1017,1124
1016,1126
1015,1128
1015,1129
1014,1131
1014,1133
1013,1135
1012,1136
1012,1138
1011,1140
1010,1142
1010,1144
1009,1146
1008,1148
1008,1150
1007,1151
1006,1153
1006,1155
1005,1157
1004,1159
1004,1161
1003,1163
1002,1164
1002,1166
1001,1168
1000,1170
1000,1172
999,1174
998,1176
998,1178
997,1180
997,1183
996,1185
996,1187
995,1190
995,1192
994,1194
994,1197
993,1199
993,1202
993,1205
992,1207
992,1210
992,1212
992,1215
991,1217
991,1220
991,1222
991,1225
991,1227
990,1230
990,1232
990,1234
990,1236
989,1238
989,1240
989,1242
989,1243
988,1245
988,1246
988,1247
987,1248
987,1249
986,1250
986,1251
985,1251
985,1252
984,1252
984,1252
983,1252
983,1252
982,1252
982,1252
981,1251
981,1250
980,1250
979,1249
979,1248
978,1247
977,1246
977,1244
976,1243
975,1241
975,1240
974,1238
973,1236
972,1235
972,1233
971,1231
970,1229
970,1228
969,1226
968,1224
968,1223
967,1221
966,1219
966,1218
965,1216
964,1215
964,1213
963,1211
963,1210
962,1208
962,1207
961,1205
960,1204
960,1202
959,1200
959,1199
958,1197
957,1195
957,1193
956,1191
956,1189
955,1187
954,1185
954,1183
953,1181
952,1179
952,1177
951,1175
951,1172
950,1170
949,1168
949,1166
948,1164
948,1162
947,1160
947,1158
947,1156
946,1155
946,1153
946,1152
945,1150
945,1149
945,1147
945,1146
945,1144
944,1142
944,1141
944,1139
944,1137
944,1135
944,1134
944,1132
944,1130
944,1128
944,1126
944,1124
944,1123
944,1121
944,1119
944,1117
944,1115
944,1114
944,1112
945,1110
945,1109
945,1108
945,1106
946,1105
946,1104
946,1103
946,1102
947,1101
947,1100
947,1099
948,1099
948,1098
948,1097
949,1096
949,1095
949,1094
949,1093
949,1091
949,1089
949,1087
949,1084
948,1082
948,1078
947,1075
947,1071
946,1068
946,1064
945,1060
945,1056
944,1052
943,1047
943,1044
943,1040
942,1036
942,1032
942,1029
942,1026
942,1023
942,1021
942,1019
943,1017
943,1015
944,1014
945,1013
946,1012
947,1012
948,1012
949,1012
950,1012
952,1012
953,1013
954,1014
956,1014
957,1015
959,1015
960,1016
961,1016
963,1016
964,1016
965,1016
966,1015
967,1014
968,1013
969,1012
969,1010
970,1008
971,1007
971,1005
972,1003
972,1000
973,998
973,996
974,994
974,992
974,990
975,987
975,985
975,983
975,981
976,979
976,977
976,975
976,973
976,971
976,969
976,967
976,966
976,964
976,962
976,961
976,959
976,958
975,957
975,955
975,954
974,952
974,951
973,949
973,948
972,946
972,945
971,943
970,942
970,940
969,939
968,937
967,936
966,934
965,932
964,931
963,929
961,926
960,924
959,922
957,919
956,917
954,914
953,912
951,909
950,907
948,904
947,902
945,900
944,898
942,896
941,894
939,892
938,891
937,889
935,888
934,887
933,886
932,885
931,884
930,884
929,883
927,882
926,882
925,882
924,881
923,881
922,881
921,881
920,880
919,880
918,880
916,880
915,879
914,879
913,878
911,877
910,876
908,875
907,874
905,872
904,871
902,869
901,867
899,866
898,864
896,862
895,860
893,858
892,856
891,855
889,853
888,851
887,850
886,848
885,847
884,845
883,844
882,843
881,841
880,840
880,839
879,838
879,837
878,837
878,836
878,836
877,836
877,836
877,837
878,837
878,838
878,838
878,839
879,840
879,841
880,843
880,844
881,845
881,846
882,847
882,849
883,850
884,851
884,852
885,853
885,854
885,854
886,855
886,856
886,856
887,857
887,857
887,857
887,857
887,857
887,857
887,857
887,857
887,856
887,855
887,855
887,854
887,853
886,852
886,850
886,849
886,848
886,847
885,846
885,845
885,845
885,844
885,844
885,844
886,844
886,844
886,844
886,844
887,845
887,846
888,847
888,847
889,848
889,850
890,851
890,852
891,853
891,854
892,855
892,856
893,857
894,859
894,859
895,860
895,861
896,862
896,862
897,862
897,863
898,863
898,862
898,862
899,862
899,861
899,861
900,860
900,859
900,859
900,858
901,857
901,857
901,857
902,856
902,856
902,856
903,856
903,856
903,856
904,857
904,857
904,858
904,858
905,859
905,860
905,861
905,863
905,864
905,865
906,867
906,869
906,870
906,872
906,875
906,877
906,879
906,881
906,883
906,886
906,888
905,890
905,892
905,894
904,896
904,897
904,899
903,901
903,903
902,905
902,907
901,908
900,910
900,912
899,914
898,916
898,918
897,919
896,921
896,923
895,925
894,927
894,930
893,932
892,934
892,936
891,939
890,941
890,944
889,946
888,949
888,951
887,954
886,956
885,959
885,961
884,964
883,966
882,968
881,971
879,973
878,975
877,977
875,979
874,981
872,983
871,985
869,987
868,988
866,990
864,992
863,994
861,996
859,997
858,999
856,1001
854,1002
853,1004
851,1006
849,1007
848,1009
846,1010
845,1012
843,1014
842,1015
840,1017
839,1019
837,1020
836,1022
835,1023
833,1025
832,1026
831,1028
829,1029
828,1031
827,1032
825,1033
824,1034
823,1036
821,1037
820,1038
819,1039
817,1040
816,1041
815,1042
813,1043
812,1044
810,1045
809,1046
807,1047
806,1047
805,1048
803,1049
802,1050
800,1050
799,1051
797,1052
796,1053
794,1054
793,1055
792,1056
790,1057
789,1058
787,1059
786,1061
785,1062
783,1063
782,1065
781,1066
780,1068
778,1070
777,1072
776,1074
775,1076
774,1078
773,1081
772,1083
771,1086
770,1088
769,1091
769,1094
768,1097
767,1100
766,1104
766,1107
765,1110
764,1114
764,1117
763,1121
762,1124
762,1128
761,1131
760,1135
760,1138
759,1142
758,1145
758,1148
757,1151
756,1155
755,1158
755,1161
754,1164
753,1166
753,1169
752,1172
752,1174
751,1176
751,1179
751,1181
751,1183
751,1185
751,1187
751,1189
752,1191
753,1193
754,1194
755,1196
756,1197
758,1199
759,1200
761,1201
763,1202
766,1203
768,1203
771,1204
774,1204
777,1205
780,1205
784,1205
787,1205
791,1205
795,1204
799,1204
803,1203
807,1202
812,1202
816,1201
821,1200
826,1198
830,1197
835,1196
840,1194
845,1192
850,1191
855,1189
860,1187
866,1186
871,1184
876,1182
882,1181
887,1179
893,1177
898,1176
904,1174
909,1173
915,1171
920,1169
925,1168
931,1167
936,1165
942,1164
947,1163
952,1162
957,1161
963,1160
968,1160
973,1160
978,1160
983,1160
988,1160
993,1160
997,1160
1002,1160
1006,1160
1011,1160
1015,1160
1019,1159
1023,1158
1026,1157
1030,1156
1033,1155
1036,1153
1039,1151
1042,1148
1044,1146
1046,1143
1049,1140
1051,1136
1052,1133
1054,1129
1056,1125
1057,1122
1058,1118
1059,1113
1060,1109
1061,1105
1062,1101
1063,1097
1064,1093
1064,1089
1065,1085
1065,1082
1066,1078
1066,1075
1067,1072
1068,1069
1068,1066
1069,1064
1069,1062
1070,1060
1070,1058
1071,1056
1071,1054
1072,1052
1072,1050
1073,1048
1073,1046
1073,1044
1074,1043
1074,1041
1074,1040
1075,1038
1075,1037
1075,1035
1076,1034
1076,1032
1076,1031
1076,1030
1077,1029
1077,1028
1077,1027
1077,1026
1078,1025
1078,1024
1078,1023
1078,1022
1078,1022
1078,1021
1079,1020
1079,1019
1079,1018
1079,1018
1079,1017
1079,1016
1079,1015
1079,1013
1080,1012
1080,1011
1080,1010
1080,1008
1080,1007
1080,1005
1081,1003
1081,1002
1081,1000
1081,998
1082,996
1082,994
1082,991
1083,989
1083,987
1084,985
1084,982
1085,980
1086,978
1086,975
1087,973
1088,970
1088,968
1089,966
1090,964
1091,961
1092,959
1093,957
1094,955
1095,953
1096,952
1098,950
1099,949
1100,947
1101,946
1103,945
1104,944
1106,943
1107,942
1108,941
1110,940
1111,939
1113,939
1114,938
1116,937
1117,937
1119,936
1121,936
1122,935
1124,935
1125,935
1127,934
1128,934
1130,933
1131,933
1133,932
1135,932
1136,931
1138,931
1139,930
1141,930
1143,929
1144,928
1146,928
1147,927
1149,926
1150,925
1152,925
1154,924
1155,923
1157,922
1158,921
1160,921
1162,920
1163,919
1165,918
1166,917
1168,917
1170,916
1171,915
1173,914
1174,913
1176,913
1178,912
1179,911
1181,911
1183,910
1184,909
1186,909
1187,908
1189,908
1191,907
1192,907
1194,906
1196,906
1197,905
1199,905
1200,905
1202,904
1204,904
1205,904
1207,903
1209,903
1210,903
1212,903
1214,903
1215,903
1217,903
1218,903
1220,903
1222,903
1223,903
1225,903
1226,903
1228,903
1230,903
1231,904
1233,904
1235,904
1236,904
1238,904
1239,904
1241,903
1242,903
1244,903
1245,903
1247,902
1249,902
1250,901
1252,901
1253,900
1255,899
1256,899
1258,898
1259,897
1261,897
1262,896
1264,895
1265,894
1267,894
1268,893
1270,892
1271,891
1273,890
1274,889
1276,889
1278,888
1279,887
1281,886
1282,886
1284,885
1285,885
1287,884
1288,884
1290,883
1292,883
1293,883
1295,883
1296,883
1298,883
1299,883
1301,882
1302,882
1304,882
1305,882
1307,882
1309,882
1310,882
1312,882
1313,882
1315,882
1316,882
1318,882
1319,882
1321,882
1322,882
1324,882
1325,882
1327,882
1328,882
1329,881
1331,881
1332,881
1334,881
1335,881
1337,881
1338,881
1340,880
1341,880
1343,880
1344,880
1345,879
1347,879
1348,878
1350,878
1351,878
1353,877
1354,877
1356,877
1357,876
1359,876
1360,875
1362,875
1363,874
1365,874
1366,873
1368,873
1369,872
1371,872
1372,871
1374,871
1375,870
1377,870
1378,870
1380,869
1382,869
1383,869
1385,869
1386,868
1388,868
1389,868
1391,868
1392,868
1394,867
1395,867
1397,867
1398,867
1400,866
1401,866
1403,866
1405,865
1406,865
1408,864
1409,864
1411,863
1412,863
1414,862
1415,862
1417,861
1418,860
1420,860
1421,859
1423,859
1424,858
1426,858
1427,857
1429,857
1430,856
1432,856
1433,855
1435,855
1436,855
1438,855
1439,854
1441,854
1442,854
1444,854
1445,854
1447,854
1448,854
1450,854
1451,854
1453,855
1454,855
1455,855
1457,856
1458,856
1460,857
1461,857
1462,858
1464,859
1465,859
1466,860
1468,861
1469,862
1470,862
1472,863
1473,864
1474,864
1475,865
1476,865
1478,866
1479,866
1480,867
1481,867
1482,868
1483,868
1485,868
1486,868
1487,868
1488,869
1489,869
1490,868
1491,868
1492,868
1493,868
1494,867
1495,867
1496,866
1497,865
1498,865
1499,864
1500,863
1501,861
1502,860
1503,859
1503,857
1504,855
1505,854
1506,852
1507,850
1508,849
1509,847
1510,845
1510,843
1511,842
1512,840
1513,839
1513,838
1514,837
1514,836
1515,835
1515,834
1516,834
1516,834
1516,834
1517,834
1517,834
1517,834
1517,834
1518,835
1518,835
1518,835
1518,835
1518,836
1518,836
1518,836
1518,836
1518,836
1518,836
1519,836
1519,835
1519,835
1519,835
1519,834
1519,833
1519,833
1519,832
1519,831
1520,830
1520,828
1520,827
1520,826
1520,825
1520,824
1521,823
1521,822
1521,821
1521,820
1521,819
1522,819
1522,818
1522,818
1522,818
1522,818
1523,818
1523,819
1523,819
1523,820
1523,820
1523,821
1524,821
1524,822
1524,822
1524,822
1524,823
1524,823
1524,824
1524,824
1523,825
1523,825
1523,825
1523,825
1522,825
1522,825
1522,825
1521,825
1521,825
1520,825
1520,824
1519,824
1519,823
1518,822
1518,821
1517,821
1517,820
1516,819
1516,818
1515,817
1515,817
1514,816
1514,815
1514,814
1513,814
1513,813
1512,812
1512,811
1512,811
1511,810
1511,810
1510,809
1510,808
1510,808
1509,807
1509,807
1509,806
1508,806
1508,806
1507,806
1507,805
1507,805
1506,805
1506,805
1506,806
1505,806
1505,806
1504,807
1504,807
1504,807
1503,808
1503,808
1503,809
1502,809
1502,809
1502,810
1502,810
1501,809
1501,809
1501,809
1501,808
1500,807
1500,806
1500,805
1500,804
1500,803
1499,802
1499,800
1499,799
1499,798
1499,796
1498,795
1498,794
1498,793
1498,792
1497,792
1497,791
1497,791
1497,790
1496,790
1496,791
1496,791
1495,791
1495,792
1495,793
1494,794
1494,794
1494,795
1494,796
1493,797
1493,798
1493,799
1493,800
1493,800
1493,801
1493,801
1493,801
1493,801
1493,801
1493,801
1493,800
1494,800
1494,799
1495,799
1495,798
1496,798
1496,797
1497,797
1498,796
1498,796
1499,796
1500,796
1501,796
1501,796
1502,796
1503,796
1504,797
1505,797
1506,798
1506,799
1507,800
1508,801
1509,803
1509,804
1510,805
1510,807
1511,808
1511,809
1511,810
1511,811
1511,813
1511,814
1511,815
1511,815
1511,816
1510,817
1509,818
1509,818
1508,819
1507,820
1506,820
1504,821
1503,821
1501,822
1500,822
1498,823
1496,823
1494,824
1492,824
1490,825
1488,826
1486,826
1483,827
1481,827
1478,828
1476,829
1473,830
1470,831
1467,832
1464,833
1462,834
1459,835
1456,837
1452,838
1449,839
1446,841
1443,843
1440,844
1437,846
1433,847
1430,849
1427,850
1423,852
1420,853
1417,855
1413,856
1410,858
1406,859
1403,860
1400,861
1396,862
1393,863
1389,864
1386,864
1382,865
1379,865
1376,865
1372,866
1369,866
1366,866
1362,866
1359,866
1356,865
1353,865
1349,865
1346,865
1343,865
1340,865
1337,865
1334,865
1331,865
1328,865
1325,865
1323,865
1320,865
1317,865
1315,865
1312,865
1310,865
1308,865
1305,866
1303,866
1301,866
1299,866
1297,866
1295,866
1293,866
1292,865
1290,865
1289,865
1287,864
1286,864
1285,863
1284,862
1283,861
1282,860
1281,859
1281,858
1280,857
1279,856
1279,854
1279,853
1279,852
1278,850
1278,849
1279,847
1279,846
1279,844
1279,842
1280,841
1281,840
1281,838
1282,837
1283,836
1284,835
1285,834
1286,833
1287,833
1288,832
1290,832
1291,832
1293,832
1294,833
1296,833
1297,834
1299,835
1301,836
1303,837
1305,838
1307,839
1309,841
1311,842
1314,843
1316,844
1319,846
1321,847
1324,848
1326,849
1329,850
1332,851
1335,851
1338,852
1342,853
1345,853
1348,853
1352,853
1356,853
1359,852
1363,852
1367,851
1371,851
1375,850
1379,849
1384,848
1388,846
1392,845
1397,843
1401,842
1406,840
1410,838
1415,835
1420,833
1424,830
1429,827
1434,825
1439,821
1444,818
1449,815
1453,811
1458,807
1463,804
1468,800
1473,796
1478,792
1483,788
1488,784
1493,780
1498,777
1503,773
1508,770
1513,767
1517,764
1522,762
1527,759
1532,757
1537,755
1541,752
1546,750
1551,749
1555,747
1560,745
1564,743
1569,741
1573,739
1578,738
1582,736
1587,734
1591,731
1595,729
1600,727
1604,724
1608,722
1612,719
1616,716
1620,713
1624,710
1628,707
1631,704
1635,700
1638,697
1642,694
1645,691
1648,688
1650,685
1653,682
1655,679
1657,677
1659,674
1661,672
1663,670
1664,667
1665,665
1666,663
1666,661
1667,659
1667,657
1667,655
1667,653
1667,651
1667,648
1666,646
1665,644
1664,641
1663,639
1662,636
1661,633
1660,631
1658,628
1657,625
1655,623
1653,620
1651,618
1649,615
1647,612
1645,610
1643,608
1641,606
1639,603
1637,602
1634,600
1632,598
1630,596
1627,595
1625,594
1622,592
1619,591
1617,590
1614,589
1611,588
1608,587
1606,586
1603,586
1600,585
1597,584
1594,583
1591,582
1587,581
1584,581
1581,580
1578,579
1574,578
1571,577
1568,576
1564,575
1561,574
1557,573
1553,572
1550,571
1546,570
1542,569
1538,568
1535,566
1531,565
1527,564
1523,563
1519,562
1515,560
1511,559
1507,558
1503,557
1499,555
1495,554
1491,552
1487,551
1483,549
1479,548
1475,546
1471,544
1467,543
1463,541
1460,539
1456,537
1452,535
1448,533
1445,531
1441,529
1438,527
1434,525
1431,523
1428,521
1425,518
1422,516
1419,514
1416,512
1413,510
1410,508
1407,506
1405,504
1402,502
1400,500
1397,498
1395,496
1392,495
1390,493
1388,491
1386,490
1384,488
1382,487
1380,486
1378,484
1376,483
1375,483
1373,482
1371,481
1370,481
1368,481
1367,480
1366,481
1364,481
1363,481
1362,482
1361,482
1360,483
1359,484
1358,485
1357,485
1357,486
1356,487
1355,488
1354,489
1354,489
1353,490
1353,491
1352,491
1352,492
1351,492
1351,492
1351,492
1350,492
1350,492
1349,492
1349,492
1349,492
1348,491
1348,491
1348,490
1347,490
1347,489
1346,489
1346,488
1345,488
1345,487
1344,487
1343,486
1343,486
1342,485
1341,484
1340,484
1339,483
1338,482
1337,481
1336,480
1334,479
1333,478
1332,477
1330,476
1329,474
1327,472
1326,471
1324,469
1322,467
1320,465
1319,463
1317,460
1315,458
1313,456
1311,453
1309,451
1307,448
1305,445
1303,442
1301,440
1299,437
1297,434
1295,431
1293,429
1291,426
1289,423
1286,421
1284,418
1282,415
1280,413
1278,410
1276,408
1274,405
1272,403
1270,401
1268,399
1266,397
1264,395
1262,393
1260,392
1258,390
1256,389
1254,387
1252,386
1250,385
1248,383
1247,382
1245,382
1243,381
1242,380
1240,379
1239,379
1238,378
1236,378
1235,377
1234,377
1233,376
1232,376
1231,376
1230,375
1230,375
1229,375
1229,375
1228,375
1228,375
1227,374
1227,374
1227,374
1227,375
1227,375
1227,375
1227,375
1227,375
1227,376
1227,376
1227,377
1227,378
1227,378
1228,379
1228,380
1228,381
1228,382
1229,383
1229,384
1229,385
1229,386
1229,387
1229,388
1230,389
1230,390
1230,390
1230,391
1230,392
1230,392
1230,393
1230,393
1230,394
1230,394
1231,394
1231,394
1231,394
1231,394
1231,394
1231,394
1231,394
1231,394
1231,394
1232,394
1232,394
1232,394
1232,395
1232,395
1232,395
1232,395
1232,396
1232,396
1232,397
1232,397
1232,398
1232,398
1232,399
1232,400
1232,400
1232,401
1232,402
1232,402
1232,403
1231,403
1231,404
1231,405
1231,405
1230,406
1230,406
1230,407
1229,407
1229,408
1229,408
1229,409
1228,410
1228,410
1228,411
1228,412
1227,413
1227,413
1227,414
1227,415
1227,416
1227,417
1226,418
1226,419
1226,420
1226,421
1226,422
1226,423
1226,424
1225,425
1225,426
1225,427
1225,428
1225,429
1224,430
1224,431
1224,432
1223,432
1223,433
1223,434
1222,435
1222,436
1221,437
1221,438
1220,439
1220,440
1219,441
1219,443
1218,444
1218,445
1217,447
1216,448
1215,450
1215,452
1214,453
1213,455
1212,457
1211,458
1211,460
1210,462
1209,464
1208,465
1207,467
1206,469
1205,471
1204,473
1203,474
1202,476
1201,478
1200,479
1198,481
1197,483
1196,484
1195,486
1194,487
1192,489
1191,491
1190,492
1189,494
1187,496
1186,498
1185,500
1183,502
1182,504
1180,506
1179,508
1178,510
1176,513
1175,515
1173,517
1172,520
1170,522
1169,524
1167,527
1166,529
1164,532
1163,534
1161,537
1160,539
1158,542
1157,545
1155,547
1154,550
1153,553
1151,556
1150,559
1149,562
1147,565
1146,569
1145,572
1143,575
1142,579
1141,582
1140,586
1139,590
1138,593
1137,597
1136,601
1135,605
1134,609
1133,613
1132,617
1132,621
1131,625
1130,629
1129,633
1128,637
1128,641
1127,645
1126,649
1126,653
1125,656
1124,660
1123,663
1123,667
1122,671
1121,674
1120,678
1120,681
1119,684
1118,688
1117,691
1116,695
1116,698
1115,702
1114,705
1113,709
1112,712
1112,716
1111,719
1110,723
1109,726
1108,730
1107,734
1107,738
1106,741
1105,745
1104,749
1103,753
1103,757
1102,760
1101,764
1100,768
1100,772
1099,776
1098,780
1098,784
1097,788
1096,791
1096,795
1095,799
1095,803
1094,807
1094,810
1093,814
1093,818
1093,822
1092,825
1092,829
1092,832
1092,836
1092,839
1092,843
1092,846
1092,850
1092,853
1092,856
1092,859
1092,862
1092,865
1092,868
1093,870
1093,873
1093,875
1094,878
1094,880
1094,882
1095,884
1095,886
1096,888
1096,890
1096,892
1097,894
1097,895
1098,897
1098,898
1099,900
1099,901
1100,902
1101,903
1101,905
1102,906
1102,907
1103,908
1103,909
1104,910
1104,911
1105,912
1106,913
1106,914
1107,914
1107,915
1108,916
1109,917
1109,918
1110,919
1111,919
1111,920
1112,921
1113,922
1114,923
1115,924
1115,925
1116,926
1117,926
1118,927
1119,928
1120,929
1120,930
1121,932
1122,933
1123,934
1124,935
1125,936
1126,937
1126,938
1127,940
1128,941
1129,942
1130,943
1130,945
1131,946
1132,948
1132,949
1133,951
1134,952
1134,953
1135,955
1135,956
1136,958
1136,959
1137,961
1137,962
1138,963
1138,965
1139,966
1139,967
1140,969
1140,970
1140,971
1141,973
1141,974
1142,976
1142,977
1143,978
1143,980
1144,981
1144,983
1144,984
1145,986
1145,988
1146,989
1146,991
1147,993
1147,994
1148,996
1148,998
1149,1000
1149,1001
1149,1003
1150,1005
1150,1007
1151,1008
1151,1010
1152,1012
1152,1013
1153,1015
1153,1016
1153,1018
1154,1019
1154,1021
1155,1022
1155,1023
1156,1025
1156,1026
1157,1028
1157,1029
1158,1030
1158,1032
1159,1033
1160,1034
1160,1036
1161,1037
1161,1039
1162,1040
1163,1042
1164,1043
1164,1045
1165,1047
1166,1048
1167,1050
1168,1052
1168,1054
1169,1056
1170,1058
1171,1060
1172,1062
1173,1064
1174,1066
1175,1068
1176,1070
1177,1072
1178,1074
1179,1076
1180,1078
1181,1080
1182,1082
1183,1084
1185,1086
1186,1088
1187,1090
1188,1092
1189,1094
1190,1096
1191,1098
1192,1100
1194,1102
1195,1104
1196,1106
1197,1108
1198,1109
1199,1111
1201,1112
1202,1114
1203,1116
1204,1117
1206,1118
1207,1120
1208,1121
1209,1122
1211,1124
1212,1125
1213,1126
1215,1128
1216,1129
1218,1130
1219,1131
1220,1132
1222,1134
1223,1135
1224,1136
1226,1137
1227,1138
1229,1138
1230,1139
1231,1140
1233,1141
1234,1142
1236,1142
1237,1143
1238,1144
1240,1144
1241,1145
1242,1145
1244,1146
1245,1146
1246,1147
1248,1147
1249,1147
1251,1148
1252,1148
1253,1148
1255,1149
1256,1149
1257,1150
1259,1150
1260,1151
1262,1151
1263,1152
1264,1152
1266,1153
1267,1154
1269,1155
1270,1156
1272,1156
1273,1157
1274,1158
1276,1159
1277,1160
1279,1161
1280,1162
1281,1164
1283,1165
1284,1166
1285,1167
1287,1168
1288,1169
1289,1170
1291,1170
1292,1171
1293,1172
1295,1173
1296,1174
1297,1174
1299,1175
1300,1175
1301,1176
1303,1176
1304,1177
1305,1177
1306,1177
1308,1178
1309,1178
1310,1178
1312,1179
1313,1179
1314,1179
1316,1180
1317,1180
1318,1180
1320,1181
1321,1181
1322,1181
1324,1181
1325,1181
1326,1182
1328,1182
1329,1182
1330,1182
1332,1183
1333,1183
1334,1183
1336,1183
1337,1184
1338,1184
1340,1184
1341,1185
1342,1185
1344,1186
1345,1186
1346,1187
1348,1187
1349,1188
1350,1188
1352,1189
1353,1189
1354,1190
1355,1190
1357,1191
1358,1191
1359,1191
1361,1192
1362,1192
1363,1192
1364,1193
1366,1193
1367,1194
1368,1194
1369,1194
1371,1195
1372,1195
1373,1196
1374,1196
1376,1196
1377,1197
1378,1197
1379,1197
1380,1198
1382,1198
1383,1198
1384,1199
1385,1199
1386,1199
1388,1200
1389,1200
1390,1200
1391,1201
1392,1201
1393,1201
1395,1202
1396,1202
1397,1203
1398,1203
1399,1203
1401,1204
1402,1204
1403,1205
1404,1205
1405,1205
1406,1206
1408,1206
1409,1207
1410,1207
1411,1208
1413,1209
1414,1209
1415,1210
1416,1210
1417,1211
1419,1212
1420,1212
1421,1213
1422,1213
1424,1213
1425,1214
1426,1214
1427,1214
1428,1214
1430,1215
1431,1215
1432,1215
1433,1215
1434,1215
1435,1215
1436,1215
1438,1215
1439,1216
1440,1216
1441,1216
1442,1217
1443,1217
1444,1218
1445,1218
1446,1219
1447,1219
1448,1220
1449,1221
1450,1222
1451,1223
1452,1224
1453,1225
1453,1226
1454,1227
1455,1229
1456,1230
1457,1231
1458,1232
1459,1234
1460,1235
1461,1236
1461,1238
1462,1239
1463,1240
1464,1241
1465,1242
1466,1243
1467,1245
1467,1246
1468,1247
1469,1247
1470,1248
1471,1249
1471,1250
1472,1250
1473,1251
1474,1251
1475,1252
1476,1252
1477,1252
1477,1252
1478,1252
1479,1252
1480,1252
1481,1251
1482,1251
1483,1251
1484,1251
1484,1250
1485,1250
1486,1250
1487,1250
1488,1250
1489,1250
1490,1250
1490,1250
1491,1250
1492,1250
1493,1251
1493,1251
1494,1251
1495,1252
1496,1252
1496,1253
1497,1253
1498,1254
1499,1255
1499,1255
1500,1256
1501,1256
1501,1257
1502,1258
1503,1258
1504,1259
1504,1260
1505,1260
1506,1261
1507,1261
1507,1262
1508,1262
1509,1263
1509,1263
1510,1264
1511,1264
1512,1264
1512,1265
1513,1265
1513,1266
1514,1266
1515,1267
1515,1268
1516,1268
1516,1269
1517,1270
1517,1271
1518,1272
1518,1273
1518,1273
1519,1274
1519,1275
1519,1276
1520,1277
1520,1278
1520,1279
1521,1280
1521,1281
1521,1282
1521,1283
1522,1283
1522,1284
1522,1285
1523,1286
1523,1287
1523,1288
1523,1289
1523,1291
1524,1292
1524,1293
1524,1294
1524,1296
1524,1297
1524,1299
1524,1301
1524,1303
1524,1305
1524,1307
1524,1309
1524,1312
1523,1314
1523,1317
1523,1320
1522,1323
1522,1326
1521,1329
1521,1332
1521,1336
1520,1339
1519,1343
1519,1346
1518,1350
1518,1354
1517,1357
1516,1361
1516,1365
1515,1369
1514,1373
1513,1377
1513,1381
1512,1385
1511,1389
1511,1393
1510,1397
1509,1401
1508,1405
1508,1410
1507,1414
1506,1418
1506,1422
1505,1427
1504,1431
1503,1435
1503,1440
1502,1444
1501,1448
1501,1452
1500,1457
1499,1461
1499,1465
1498,1469
1498,1473
1497,1477
1497,1481
1496,1485
1496,1489
1495,1493
1495,1497
1494,1501
1494,1505
1493,1508
1493,1512
1492,1516
1492,1519
1492,1523
1491,1526
1491,1530
1491,1533
1490,1537
1490,1540
1490,1543
1489,1546
1489,1550
1489,1553
1489,1556
1488,1559
1488,1562
1488,1565
1488,1568
1488,1571
1488,1573
1487,1576
1487,1579
1487,1581
1487,1584
1487,1586
1487,1589
1487,1591
1486,1593
1486,1595
1486,1598
1486,1600
1486,1601
1486,1603
1486,1605
1486,1607
1486,1609
1486,1610
1486,1612
1485,1614
1485,1615
1485,1617
1485,1618
1485,1620
1485,1621
1485,1622
1485,1624
1485,1625
1484,1627
1484,1628
1484,1630
1484,1631
1484,1633
1484,1634
1484,1636
1484,1637
1483,1639
1483,1640
1483,1642
1483,1643
1483,1645
1483,1646
1483,1648
1482,1650
1482,1651
1482,1653
1482,1654
1482,1656
1481,1658
1481,1659
1481,1661
1481,1662
1480,1664
1480,1666
1480,1667
1480,1669
1479,1670
1479,1672
1479,1674
1479,1675
1478,1677
1478,1679
1478,1681
1478,1682
1477,1684
1477,1686
1477,1688
1477,1690
1476,1691
1476,1693
1476,1695
1476,1697
1475,1699
1475,1701
1475,1702
1475,1704
1475,1706
1475,1708
1474,1709
1474,1711
1474,1713
1474,1715
1474,1716
1474,1718
1474,1720
1473,1721
1473,1723
1473,1725
1473,1726
1473,1728
1473,1730
1473,1731
1473,1733
1473,1734
1472,1736
1472,1738
1472,1739
1472,1741
1472,1742
1472,1744
1472,1745
1472,1746
1472,1748
1472,1749
1472,1751
1472,1752
1472,1753
1472,1754
1472,1756
1472,1757
1472,1758
1472,1759
1472,1760
1472,1761
1472,1762
1472,1763
1472,1764
1472,1765
1472,1765
1472,1766
1472,1767
1472,1767
1472,1768
1472,1768
1472,1769
1472,1769
1472,1769
1472,1770
1472,1770
1472,1770
1472,1770
1472,1770
1472,1770
1472,1769
1472,1769
1472,1769
1472,1769
1473,1768
1473,1767
1473,1767
1473,1766
1473,1766
1474,1765
1474,1764
1474,1763
1475,1762
1475,1761
1475,1760
1476,1759
1476,1759
1476,1758
1477,1757
1477,1756
1478,1754
1478,1753
1478,1752
1479,1751
1479,1750
1480,1749
1480,1748
1481,1747
1481,1746
1482,1745
1482,1744
1483,1743
1483,1742
1484,1741
1485,1740
1485,1739
1486,1738
1486,1737
1487,1736
1487,1735
1488,1735
1488,1734
1489,1733
1489,1732
1490,1732
1491,1731
1491,1731
1492,1730
1492,1730
1493,1729
1493,1729
1494,1728
1494,1727
1495,1727
1495,1726
1496,1726
1497,1725
1497,1724
1498,1724
1498,1723
1499,1722
1499,1722
1500,1721
1501,1720
1501,1719
1502,1718
1502,1717
1503,1716
1503,1716
1504,1715
1505,1714
1505,1713
1506,1712
1506,1711
1507,1711
1507,1710
1508,1710
1508,1709
1509,1709
1509,1708
1510,1708
1510,1708
1511,1708
1511,1708
1512,1708
1512,1708
1513,1708
1513,1708
1514,1708
1514,1708
1515,1708
1516,1709
1516,1709
1517,1709
1518,1709
1519,1709
1520,1709
1520,1710
1521,1710
1522,1710
1523,1710
1524,1710
1525,1710
1526,1710
1527,1710
1528,1710
1529,1710
1530,1710
1531,1710
1532,1710
1532,1710
1533,1710
1534,1710
1535,1709
1535,1709
1536,1709
1536,1708
1537,1708
1537,1708
1538,1707
1538,1707
1538,1706
1539,1705
1539,1705
1539,1704
1539,1704
1540,1703
1540,1702
1540,1701
1540,1701
1540,1700
1541,1699
1541,1699
1541,1698
1542,1698
1542,1697
1543,1697
1544,1696
1544,1696
1545,1696
1546,1696
1547,1697
1547,1697
1548,1698
1549,1698
1551,1699
1552,1700
1553,1701
1554,1703
1556,1704
1557,1705
1559,1707
1560,1709
1562,1711
1563,1712
1565,1714
1566,1716
1568,1718
1569,1720
1571,1723
1572,1725
1573,1727
1575,1729
1576,1732
1577,1734
1578,1736
1579,1739
1579,1741
1580,1744
1580,1746
1580,1749
1580,1751
1580,1754
1580,1757
1579,1759
1578,1762
1577,1765
1576,1768
1575,1771
1573,1774
1571,1776
1569,1779
1567,1782
1564,1785
1561,1789
1558,1792
1555,1795
1552,1798
1548,1800
1544,1803
1541,1806
1536,1809
1532,1812
1528,1815
1523,1817
1519,1820
1514,1823
1509,1825
1504,1827
1499,1830
1493,1832
1488,1834
1482,1836
1477,1838
1471,1840
1465,1842
1459,1844
1453,1846
1447,1848
1441,1850
1434,1852
1428,1854
1422,1856
1415,1858
1409,1860
1402,1862
1396,1865
1389,1867
1383,1869
1376,1872
1370,1875
1363,1877
1357,1880
1351,1883
1344,1886
1338,1889
1332,1892
1325,1895
1319,1898
1313,1902
1307,1905
1301,1908
1295,1912
1290,1915
1284,1918
1278,1922
1273,1925
1268,1928
1263,1932
1258,1935
1253,1938
1248,1940
1244,1943
1239,1946
1235,1949
1231,1951
1227,1953
1223,1956
1219,1958
1216,1960
1213,1962
1210,1964
1207,1966
1204,1967
1201,1969
1199,1971
1197,1972
1195,1974
1193,1975
1191,1976
1189,1977
1187,1978
1186,1980
1184,1981
1183,1981
1182,1982
1181,1983
1180,1984
1179,1984
1178,1985
1177,1986
1176,1986
1176,1987
1175,1987
1174,1987
1174,1988
1173,1988
1173,1988
1172,1988
1172,1988
1171,1988
1171,1988
1170,1988
1170,1988
1170,1988
1169,1988
1169,1988
1169,1988
1169,1989
1169,1989
1168,1989
1168,1989
1168,1989
1168,1989
1168,1989
1168,1989
1168,1989
1168,1989
1169,1989
1169,1990
1169,1990
1169,1990
1169,1990
1170,1991
1170,1991
1170,1991
1170,1991
1171,1992
1171,1992
1171,1992
1171,1992
1172,1993
1172,1993
1173,1993
1173,1993
1173,1993
1174,1994
1174,1994
1175,1994
1175,1994
1176,1994
1176,1994
1177,1994
1178,1994
1178,1994
1179,1994
1180,1993
1180,1993
1181,1993
1182,1993
1183,1992
1183,1992
1184,1992
1185,1992
1186,1991
1187,1991
1188,1991
1189,1990
1190,1990
1191,1990
1192,1989
1193,1989
1195,1989
1196,1988
1197,1988
1198,1988
1199,1988
1200,1987
1202,1987
1203,1987
1204,1987
1205,1987
1207,1987
1208,1986
1209,1986
1210,1986
1212,1986
1213,1986
1214,1986
1215,1986
1217,1986
1218,1986
1219,1985
1220,1985
1221,1985
1222,1985
1223,1984
1224,1984
1225,1983
1226,1983
1227,1982
1228,1982
1229,1981
1230,1981
1231,1980
1232,1979
1232,1979
1233,1978
1234,1977
1234,1976
1235,1976
1235,1975
1236,1974
1236,1973
1237,1972
1237,1971
1237,1970
1237,1970
1237,1969
1238,1968
1238,1967
1237,1966
1237,1965
1237,1964
1237,1963
1237,1962
1236,1961
1236,1960
1235,1959
1235,1958
1234,1957
1234,1956
1233,1955
1232,1954
1231,1953
1231,1952
1230,1950
1229,1949
1228,1948
1227,1947
1226,1945
1224,1944
1223,1943
1222,1942
1221,1940
1219,1939
1218,1938
1217,1937
1215,1936
1214,1934
1212,1933
1210,1932
1209,1931
1207,1930
1205,1929
1203,1928
1201,1927
1200,1926
1198,1925
1196,1924
1194,1923
1192,1922
1189,1921
1187,1920
1185,1919
1183,1918
1181,1917
1179,1916
1176,1915
1174,1915
1172,1914
1169,1913
1167,1912
1165,1911
1162,1911
1160,1910
1157,1909
1155,1908
1153,1907
1150,1907
1148,1906
1145,1905
1143,1904
1140,1903
1138,1903
1135,1902
1133,1901
1130,1900
1128,1899
1125,1899
1123,1898
1121,1897
1118,1897
1116,1896
1113,1895
1111,1895
1108,1894
1106,1894
1104,1893
1101,1893
1099,1892
1097,1892
1094,1891
1092,1891
1090,1891
1087,1890
1085,1890
1083,1890
1081,1890
1078,1889
1076,1889
1074,1889
1072,1889
1070,1889
1067,1889
1065,1888
1063,1888
1061,1888
1059,1888
1057,1888
1055,1888
1053,1887
1051,1887
1049,1887
1047,1887
1045,1886
1043,1886
1041,1885
1039,1885
1037,1885
1035,1884
1034,1884
1032,1883
1030,1882
1028,1882
1027,1881
1025,1881
1024,1880
1022,1879
1021,1879
1020,1878
1018,1877
1017,1876
1016,1876
1015,1875
1014,1874
1013,1874
1013,1873
1012,1873
1011,1872
1011,1872
1011,1871
1010,1871
1010,1870
1010,1870
1010,1870
1010,1870
1010,1870
1010,1870
1010,1870
1011,1870
1011,1870
1011,1870
1012,1870
1012,1870
1013,1870
1014,1871
1015,1871
1015,1871
1016,1872
1017,1872
1019,1872
1020,1873
1021,1873
1022,1874
1024,1874
1025,1875
1026,1875
1028,1875
1029,1876
1031,1876
1033,1877
1034,1877
1036,1878
1038,1878
1039,1878
1041,1879
1043,1879
1045,1879
1047,1880
1048,1880
1050,1880
1052,1880
1054,1881
1055,1881
1057,1881
1059,1881
1061,1881
1063,1880
1065,1880
1066,1880
1068,1880
1070,1879
1072,1879
1074,1878
1076,1878
1078,1877
1080,1876
1081,1876
1083,1875
1085,1874
1087,1873
1089,1871
1091,1870
1093,1869
1094,1868
1096,1866
1098,1865
1100,1863
1101,1862
1103,1860
1104,1858
1106,1856
1107,1855
1109,1853
1110,1851
1111,1849
1113,1847
1114,1845
1115,1843
1116,1840
1117,1838
1118,1836
1119,1834
1119,1831
1120,1829
1121,1827
1121,1824
1122,1822
1122,1819
1122,1817
1123,1814
1123,1812
1123,1809
1123,1807
1123,1804
1123,1802
1123,1799
1122,1797
1122,1794
1122,1792
1121,1790
1121,1787
1120,1785
1120,1782
1119,1780
1118,1778
1117,1775
1117,1773
1116,1771
1115,1768
1114,1766
1112,1764
1111,1761
1110,1759
1109,1757
1107,1754
1106,1752
1104,1750
1103,1748
1101,1745
1099,1743
1097,1741
1096,1739
1094,1737
1091,1735
1089,1733
1087,1731
1085,1729
1082,1727
1080,1726
1077,1724
1075,1722
1072,1721
1069,1719
1066,1718
1063,1717
1060,1716
1057,1715
1053,1713
1050,1713
1047,1712
1043,1711
1039,1710
1036,1709
1032,1709
1028,1708
1024,1708
1020,1707
1016,1707
1012,1707
1008,1706
1004,1706
1000,1706
996,1706
991,1706
987,1706
983,1706
978,1706
974,1706
970,1706
965,1706
961,1706
956,1706
952,1706
948,1706
943,1706
939,1707
934,1707
930,1707
925,1707
921,1707
916,1708
912,1708
908,1708
903,1709
899,1709
895,1709
890,1710
886,1710
882,1710
877,1711
873,1711
869,1711
865,1712
860,1712
856,1712
852,1713
848,1713
844,1713
840,1714
835,1714
831,1714
827,1715
823,1715
819,1715
815,1716
811,1716
807,1716
803,1716
799,1717
795,1717
791,1717
787,1718
783,1718
779,1718
774,1718
770,1719
766,1719
762,1719
758,1719
754,1719
750,1719
746,1719
742,1720
738,1720
734,1720
730,1720
726,1720
722,1720
718,1720
714,1721
710,1721
707,1721
703,1721
699,1721
696,1721
692,1722
689,1722
685,1722
682,1722
678,1722
675,1723
672,1723
668,1723
665,1723
662,1724
659,1724
656,1724
652,1725
649,1725
646,1725
643,1726
640,1726
636,1726
633,1726
630,1727
627,1727
624,1727
620,1727
617,1727
614,1728
611,1728
608,1728
605,1728
602,1728
599,1729
596,1729
593,1729
590,1729
588,1730
585,1730
582,1730
580,1731
578,1731
576,1731
573,1731
571,1732
570,1732
568,1732
566,1732
565,1732
563,1732
562,1732
561,1732
559,1731
558,1731
558,1730
557,1729
556,1728
555,1727
555,1726
555,1725
554,1724
554,1722
554,1720
554,1719
554,1717
555,1715
555,1713
556,1711
556,1708
557,1706
558,1704
559,1701
560,1699
562,1696
563,1694
565,1691
567,1689
568,1686
570,1684
572,1681
574,1678
577,1675
579,1673
581,1670
584,1667
586,1664
589,1661
591,1659
594,1656
597,1653
599,1650
602,1647
605,1644
608,1641
611,1638
613,1634
616,1631
619,1628
622,1625
625,1622
628,1618
631,1615
634,1612
637,1608
640,1605
643,1602
646,1599
649,1595
653,1592
656,1589
659,1585
662,1582
665,1579
668,1576
672,1572
675,1569
678,1566
681,1563
685,1559
688,1556
691,1553
695,1550
698,1547
701,1545
705,1542
708,1539
712,1537
715,1534
719,1532
723,1530
726,1528
730,1526
734,1524
738,1522
741,1520
745,1519
749,1517
753,1516
757,1515
761,1513
765,1512
769,1511
773,1510
777,1509
781,1508
785,1507
789,1506
793,1505
797,1504
800,1503
804,1503
808,1502
812,1500
816,1499
819,1498
823,1497
827,1496
830,1495
834,1494
837,1493
841,1491
844,1490
848,1489
851,1488
855,1487
858,1486
862,1485
865,1484
868,1483
872,1482
875,1481
878,1480
882,1480
885,1479
888,1478
892,1478
895,1477
898,1477
901,1476
904,1476
907,1475
910,1475
913,1475
916,1474
919,1474
922,1473
925,1473
927,1473
930,1472
932,1472
935,1471
937,1470
939,1470
942,1469
944,1468
946,1468
947,1467
949,1466
951,1465
952,1464
954,1463
955,1462
957,1461
958,1461
959,1460
960,1459
961,1458
962,1457
963,1456
964,1455
965,1455
965,1454
966,1453
967,1452
967,1452
968,1451
968,1450
969,1450
969,1449
970,1448
970,1447
970,1447
971,1446
971,1445
971,1444
971,1443
971,1442
972,1441
972,1440
972,1438
972,1437
972,1436
972,1434
972,1433
972,1431
971,1429
971,1428
971,1426
971,1424
971,1422
970,1420
970,1417
970,1415
969,1413
969,1411
968,1408
968,1406
967,1403
967,1401
967,1398
966,1396
966,1393
965,1390
965,1387
964,1385
964,1382
963,1379
963,1376
962,1373
962,1370
961,1367
961,1364
961,1360
960,1357
960,1354
960,1351
960,1348
960,1344
960,1341
960,1338
960,1334
960,1331
960,1328
960,1325
961,1322
961,1318
962,1315
962,1312
963,1309
963,1306
964,1303
965,1300
966,1297
967,1294
967,1291
968,1288
969,1286
970,1283
971,1280
972,1277
973,1275
974,1272
975,1269
976,1267
977,1264
978,1262
979,1259
980,1257
981,1254
982,1252
983,1249
984,1247
985,1244
985,1242
986,1240
987,1237
988,1235
988,1233
989,1231
990,1229
990,1227
991,1225
992,1223
992,1221
993,1220
993,1218
994,1216
994,1215
995,1213
995,1212
996,1210
996,1209
996,1208
996,1206
997,1205
997,1204
997,1202
997,1201
997,1200
997,1198
997,1197
997,1196
997,1194
997,1193
997,1192
996,1190
996,1188
996,1187
995,1185
995,1183
994,1181
994,1179
993,1177
992,1175
992,1173
991,1170
991,1168
990,1166
989,1164
988,1162
988,1160
987,1158
986,1157
986,1155
985,1153
984,1152
984,1150
983,1149
982,1147
982,1146
981,1144
981,1143
980,1142
979,1140
979,1139
978,1138
978,1136
977,1135
976,1134
976,1132
975,1131
974,1129
974,1127
973,1126
973,1124
972,1122
971,1121
971,1119
970,1117
969,1116
969,1114
968,1112
967,1111
967,1109
966,1108
966,1106
965,1105
964,1103
964,1102
963,1100
963,1099
962,1097
962,1096
961,1095
960,1093
960,1092
959,1090
959,1089
958,1087
957,1086
957,1084
956,1082
955,1081
955,1079
954,1077
954,1076
953,1074
952,1072
952,1071
951,1069
951,1067
950,1066
950,1065
949,1063
949,1062
948,1061
948,1059
947,1058
947,1057
946,1056
946,1055
946,1054
945,1053
945,1052
944,1050
944,1049
943,1048
943,1046
942,1045
941,1043
940,1041
940,1039
939,1037
938,1035
937,1033
936,1031
935,1029
934,1027
933,1025
932,1023
931,1021
930,1019
929,1017
928,1015
927,1014
926,1012
925,1011
924,1010
923,1008
922,1007
921,1006
920,1005
919,1004
918,1003
917,1002
916,1001
915,1000
914,999
913,998
912,997
911,996
910,995
909,993
908,992
907,991
906,990
905,989
904,988
903,987
902,986
901,985
900,984
899,983
898,982
897,981
896,980
895,979
894,978
893,978
892,977
891,976
890,976
889,975
888,974
887,974
886,973
885,972
884,972
883,971
882,970
881,969
880,969
879,968
878,967
877,966
876,965
874,964
873,963
872,962
871,961
870,960
869,960
868,959
867,958
866,957
865,956
863,955
862,954
861,953
860,953
859,952
858,951
857,950
856,950
855,949
854,948
853,947
852,947
851,946
850,946
849,945
848,945
847,944
846,944
845,944
844,944
844,944
843,944
842,944
841,944
840,944
840,945
839,945
838,946
838,946
837,947
836,947
835,948
835,948
834,948
833,949
832,949
832,949
831,949
830,949
829,949
828,949
827,949
826,948
825,948
824,948
823,947
823,947
822,946
821,946
820,945
819,945
818,944
817,943
816,943
815,942
814,942
813,941
812,941
811,940
810,940
809,939
808,939
807,938
806,938
805,937
804,937
803,936
802,935
801,935
800,934
799,933
799,932
798,931
797,931
796,930
795,929
794,927
793,926
792,925
791,924
790,923
789,922
788,921
787,920
787,919
786,918
785,917
784,916
783,916
783,915
782,915
781,914
781,914
780,914
779,913
779,913
778,913
778,913
777,913
776,913
776,912
775,912
774,912
774,912
773,912
772,912
772,912
771,912
770,912
770,911
769,911
768,911
768,912
767,912
767,912
766,912
766,913
765,914
765,914
765,915
764,916
764,918
764,919
764,921
764,922
764,924
764,926
764,928
764,930
764,932
764,934
764,937
764,939
764,941
764,943
764,945
764,947
764,949
764,951
764,953
764,955
763,957
763,959
763,960
763,962
763,964
763,966
763,967
762,969
762,970
762,971
762,973
762,974
761,974
761,975
760,976
760,976
759,976
759,975
758,975
758,974
757,972
756,971
755,969
754,967
753,965
752,962
751,959
750,956
748,953
747,949
746,946
745,942
744,939
743,935
741,932
740,929
740,926
739,923
738,920
737,918
737,915
736,913
736,912
735,910
735,909
735,908
735,907
734,906
734,905
734,905
734,904
734,904
734,903
734,903
734,902
734,902
733,901
733,900
733,900
733,899
732,898
732,897
732,896
731,895
731,894
730,893
730,892
729,890
728,889
728,888
727,887
726,885
726,884
725,882
724,881
723,879
723,878
722,876
721,875
720,873
719,872
718,870
717,869
716,867
715,866
714,864
713,863
712,862
711,861
710,860
709,859
708,858
707,857
706,856
705,856
704,855
703,855
702,855
701,854
700,854
699,854
698,853
697,853
696,853
695,852
694,852
693,852
693,852
692,852
691,852
690,852
689,852
688,852
687,852
686,852
685,853
684,853
683,854
682,854
682,855
681,855
680,856
679,856
678,857
677,858
676,858
675,859
675,860
674,860
673,861
672,861
671,862
670,862
669,863
668,863
667,863
666,863
665,863
664,863
663,862
662,862
661,861
660,861
659,860
658,859
656,859
655,858
654,857
653,856
652,855
651,854
650,853
649,852
648,852
647,851
646,850
645,849
644,848
643,848
643,847
642,846
641,845
640,843
639,842
638,841
637,840
636,838
636,837
635,836
634,835
633,833
633,832
632,831
632,829
631,828
631,827
630,825
630,824
630,822
629,821
629,820
629,818
629,817
629,815
629,814
628,812
628,810
628,809
628,807
628,805
628,804
628,802
628,800
628,799
628,797
628,795
628,794
628,792
628,791
628,790
628,788
628,787
628,786
628,785
628,784
628,783
628,783
628,782
628,782
628,782
628,781
629,781
629,782
629,782
629,782
629,783
629,784
630,784
630,785
630,786
630,787
631,789
631,790
631,792
632,793
632,795
632,796
633,798
633,800
633,801
634,803
634,805
634,807
634,809
635,811
635,813
635,815
635,817
635,819
635,820
635,822
635,824
635,826
635,828
635,830
635,831
635,833
635,835
635,837
634,838
634,840
634,842
634,844
634,846
633,847
633,849
633,851
633,853
633,855
633,857
632,859
632,861
632,863
632,866
632,868
632,870
632,872
631,874
631,876
631,878
631,880
630,882
630,884
630,886
630,888
629,890
629,892
629,894
628,896
628,898
628,900
627,902
627,904
626,906
626,908
626,910
625,912
625,914
624,917
624,919
623,921
623,923
622,925
622,927
621,929
620,931
620,933
619,935
618,936
618,938
617,940
616,942
615,944
615,945
614,947
613,949
612,950
611,952
610,953
609,955
609,956
608,958
607,959
606,960
605,962
604,963
603,964
602,965
601,967
600,968
600,969
599,970
598,972
597,973
596,974
596,975
595,977
594,978
594,979
593,980
592,981
592,982
591,983
591,984
590,986
590,987
589,987
588,988
588,989
587,990
587,991
587,992
586,993
586,994
585,995
585,996
584,997
584,998
584,999
583,999
583,1000
582,1001
582,1002
582,1003
581,1003
581,1004
580,1005
580,1005
580,1006
579,1007
579,1007
578,1008
578,1008
578,1009
577,1009
577,1009
577,1010
576,1010
576,1010
576,1010
575,1010
575,1010
575,1010
575,1009
575,1009
575,1009
575,1009
575,1008
575,1008
575,1008
575,1007
575,1007
576,1007
576,1006
577,1006
577,1006
577,1005
578,1005
578,1005
579,1004
579,1004
580,1003
581,1002
581,1001
582,1001
582,1000
583,999
583,998
584,997
584,996
585,995
585,994
586,993
586,992
587,990
587,989
588,988
588,987
589,986
589,985
590,984
590,984
591,983
592,982
592,981
593,980
594,980
594,979
595,978
595,977
596,976
597,976
597,975
598,974
599,974
599,973
600,973
601,972
602,972
603,972
604,972
605,972
606,973
607,973
608,973
609,974
610,974
611,975
612,975
613,976
614,977
615,977
616,978
617,978
618,978
618,978
619,979
620,979
620,978
620,978
621,977
621,977
621,976
621,975
621,974
620,972
620,971
620,970
620,969
620,968
620,968
619,967
619,967
620,967
620,967
620,968
620,969
621,970
622,972
622,974
623,976
624,979
625,982
627,985
628,988
629,992
630,995
631,998
632,1000
633,1003
634,1005
634,1007
635,1008
635,1009
635,1010
635,1009
635,1009
635,1008
634,1006
634,1004
633,1002
632,999
631,996
630,993
629,989
628,985
627,981
626,977
625,973
623,968
622,964
621,961
620,957
619,954
618,950
617,948
617,945
616,943
616,941
615,939
615,938
614,937
614,937
614,936
614,936
614,937
614,937
614,938
614,939
614,939
614,940
614,941
614,941
614,942
614,942
614,943
614,944
613,944
613,945
613,945
613,946
612,947
612,947
612,947
611,948
611,949
611,949
611,950
610,950
610,951
610,952
609,953
609,954
609,955
609,956
608,957
608,958
608,959
608,961
607,962
607,963
607,964
607,966
606,967
606,968
606,969
605,970
605,971
604,972
604,973
603,974
602,974
602,975
601,976
600,976
600,977
599,978
598,978
597,979
596,980
596,980
595,981
594,982
593,983
592,984
591,985
591,986
590,987
589,988
588,990
587,991
587,993
586,994
585,996
584,998
583,1000
582,1002
580,1004
579,1005
578,1007
576,1009
574,1011
572,1013
570,1014
568,1016
565,1017
563,1019
560,1020
557,1021
553,1022
550,1023
546,1024
542,1025
538,1025
534,1026
529,1026
525,1027
520,1027
515,1027
510,1028
504,1028
499,1028
493,1028
488,1027
482,1027
476,1026
470,1026
463,1025
457,1024
450,1023
443,1022
437,1021
430,1019
422,1017
415,1015
408,1013
400,1011
392,1009
384,1006
376,1003
368,1000
360,998
352,995
344,992
335,989
327,986
319,984
312,981
304,979
296,977
289,976
282,974
275,973
268,973
262,972
256,972
250,972
244,973
238,973
233,974
228,975
222,977
218,978
213,979
208,980
203,982
199,983
194,984
190,985
186,986
181,986
177,986
173,986
168,986
164,985
160,985
156,984
152,982
148,981
144,979
140,977
136,975
133,973
129,971
126,969
123,967
121,964
118,962
116,960
114,958
112,956
111,954
110,952
109,950
108,948
107,946
106,944
106,942
106,940
106,938
106,936
106,934
106,932
106,931
107,929
107,927
108,926
109,924
110,922
111,921
112,919
113,918
114,917
115,916
116,914
118,913
119,913
121,912
122,911
124,911
126,911
128,911
130,911
133,912
135,912
138,913
141,914
144,916
147,917
150,919
153,920
156,922
160,924
163,927
167,929
171,931
175,933
178,935
182,938
186,940
190,942
194,944
198,946
202,948
205,950
209,951
213,952
216,954
220,954
223,955
226,956
229,956
232,955
235,955
237,954
240,953
242,952
244,950
246,949
248,947
250,945
252,943
254,940
255,938
257,935
259,933
261,931
263,928
265,926
267,924
269,921
271,919
273,917
275,915
277,913
280,912
282,910
285,909
288,908
290,907
293,906
296,905
300,905
303,905
307,906
310,906
314,907
318,908
322,910
326,911
331,913
335,915
339,917
344,919
348,922
352,924
357,926
361,928
365,931
369,933
373,935
377,937
381,939
385,940
389,942
393,944
396,945
400,946
403,947
406,948
409,948
412,949
415,949
418,949
421,949
424,950
426,950
429,949
432,949
435,949
437,949
440,950
443,950
446,950
449,950
452,951
455,951
458,952
461,953
464,954
467,955
470,956
474,958
477,959
481,961
484,962
487,964
491,965
494,967
497,969
501,970
504,972
507,973
510,975
513,976
516,977
519,979
522,980
525,981
528,982
531,983
534,985
537,986
540,986
543,987
545,988
548,989
551,990
554,991
556,992
559,993
562,994
565,995
567,996
570,997
573,998
575,999
578,1001
581,1002
583,1003
586,1004
589,1005
591,1006
594,1007
596,1008
599,1010
601,1011
604,1012
606,1013
608,1013
611,1014
613,1015
615,1016
617,1016
619,1017
621,1017
623,1017
624,1017
626,1017
628,1017
629,1017
631,1016
632,1016
634,1016
635,1015
637,1015
638,1015
640,1015
641,1015
643,1014
644,1014
646,1015
648,1015
649,1015
651,1016
653,1016
655,1017
656,1017
658,1018
660,1018
662,1019
664,1020
666,1020
668,1021
669,1021
671,1022
673,1022
675,1023
677,1023
678,1023
680,1023
682,1023
683,1023
685,1023
687,1023
688,1023
690,1022
691,1022
693,1021
694,1021
696,1020
697,1020
699,1019
700,1018
702,1018
703,1017
705,1017
706,1017
708,1016
709,1016
711,1016
713,1016
715,1017
717,1018
719,1019
721,1020
723,1022
726,1024
728,1026
731,1028
734,1031
736,1034
739,1037
742,1040
745,1044
748,1047
750,1050
753,1053
756,1056
758,1058
761,1060
763,1063
766,1064
768,1066
770,1067
772,1068
773,1068
775,1068
776,1068
778,1067
779,1066
780,1064
781,1063
782,1061
782,1059
783,1056
784,1054
784,1051
785,1048
785,1045
786,1043
786,1040
787,1037
788,1035
788,1032
789,1030
790,1028
791,1027
792,1025
793,1024
795,1023
796,1023
797,1022
799,1022
800,1021
802,1021
803,1020
805,1020
806,1019
808,1019
809,1018
811,1018
812,1017
814,1017
815,1016
817,1015
818,1015
819,1014
821,1013
822,1013
824,1012
825,1012
826,1011
828,1010
829,1009
831,1009
832,1008
833,1007
835,1006
836,1005
837,1005
838,1004
840,1002
841,1001
842,1000
843,999
844,998
846,997
847,995
848,994
849,993
850,992
852,991
853,990
854,989
855,988
857,987
858,986
859,985
860,984
861,984
863,983
864,982
865,981
866,980
867,979
868,978
869,976
870,975
871,974
872,973
873,972
874,970
875,969
875,967
876,966
877,964
878,963
878,961
879,959
880,957
880,955
881,953
881,951
881,948
882,946
882,944
882,941
883,939
883,937
883,935
884,932
884,930
884,928
884,926
885,924
885,922
885,919
885,917
885,915
886,913
886,911
886,909
886,907
886,905
886,902
886,900
886,898
886,895
886,893
885,890
885,888
885,885
885,882
885,879
884,877
884,874
884,871
884,868
883,864
883,861
883,858
882,855
882,851
882,848
881,845
881,841
881,838
880,835
880,832
880,828
879,825
879,822
879,819
879,816
879,814
879,811
878,808
878,806
878,803
878,800
878,798
878,795
878,793
878,790
878,788
877,785
877,783
877,780
877,778
877,775
877,773
877,770
876,767
876,765
876,762
876,759
875,756
875,753
875,750
874,746
874,743
874,740
874,736
873,733
873,729
873,726
873,722
873,719
872,716
872,712
872,709
872,706
872,703
872,700
873,698
873,695
873,693
874,691
874,688
874,686
875,685
875,683
876,681
876,680
877,678
878,677
879,675
879,674
880,673
881,672
882,671
882,669
883,668
884,667
885,666
886,664
887,663
887,662
888,660
889,659
890,657
891,656
892,654
892,653
893,651
894,650
895,649
896,648
897,646
898,646
899,645
900,644
901,644
902,643
904,643
905,643
906,643
907,643
908,643
909,644
911,644
912,645
913,645
914,646
915,647
916,648
918,649
919,650
920,651
921,652
922,653
923,654
924,656
925,657
926,659
927,660
928,662
929,663
930,665
931,667
932,669
933,670
933,672
934,674
935,676
936,678
937,680
937,682
938,684
939,686
940,688
940,689
941,691
942,693
943,696
943,698
944,700
945,702
945,704
946,706
946,708
947,710
948,712
948,714
949,716
949,718
950,720
951,723
951,725
952,727
952,729
953,731
954,733
954,735
955,737
956,739
956,741
957,743
958,744
959,746
959,748
960,750
961,752
962,753
963,755
964,756
965,758
966,759
967,761
968,762
969,764
970,765
971,767
972,768
973,770
975,771
976,773
977,775
979,777
980,779
982,781
983,783
985,785
986,787
988,789
990,791
991,793
993,795
995,797
997,799
999,801
1000,804
1002,806
1004,808
1006,810
1008,812
1010,815
1012,817
1014,819
1016,821
1018,823
1020,825
1023,827
1025,829
1027,831
1029,833
1031,835
1033,837
1035,838
1037,840
1040,842
1042,844
1044,845
1046,847
1048,849
1050,850
1053,852
1055,853
1057,855
1059,857
1061,858
1063,860
1066,861
1068,863
1070,864
1072,866
1074,867
1076,869
1079,870
1081,871
1083,873
1085,874
1087,876
1089,878
1092,879
1094,881
1096,882
1098,884
1100,885
1102,887
1105,888
1107,890
1109,891
1111,893
1113,894
1115,896
1117,897
1120,899
1122,900
1124,902
1126,903
1128,905
1130,906
1132,907
1134,909
1136,910
1138,911
1140,913
1142,914
1144,915
1146,916
1148,918
1150,919
1152,920
1154,921
1156,923
1158,924
1160,925
1162,926
1164,928
1166,929
1168,930
1170,932
1172,933
1174,934
1176,935
1177,937
1179,938
1181,939
1183,940
1185,941
1186,942
1188,943
1190,944
1191,945
1193,946
1194,947
1196,948
1198,949
1199,950
1201,951
1202,952
1204,953
1205,954
1207,955
1208,957
1210,958
1211,959
1212,961
1214,962
1215,963
1216,965
1218,966
1219,968
1220,969
1222,970
1223,972
1224,973
1225,974
1226,975
1227,976
1229,977
1230,978
1231,979
1232,979
1233,980
1234,981
1235,981
1236,982
1237,982
1238,983
1238,983
1239,984
1240,984
1241,985
1242,985
1243,986
1244,986
1245,987
1245,988
1246,988
1247,989
1248,990
1249,991
1250,992
1251,992
1252,993
1253,994
1253,995
1254,996
1255,997
1256,998
1257,999
1258,1000
1259,1001
1260,1002
1261,1002
1262,1003
1263,1004
1263,1005
1264,1006
1265,1007
1266,1008
1267,1009
1268,1010
1269,1011
1270,1012
1271,1013
1272,1014
1273,1015
1274,1016
1275,1017
1276,1018
1277,1019
1278,1020
1279,1021
1280,1021
1281,1022
1283,1023
1284,1024
1285,1025
1286,1026
1287,1027
1288,1028
1289,1029
1290,1030
1291,1031
1291,1032
1292,1033
1293,1034
1294,1035
1295,1036
1296,1038
1297,1039
1297,1040
1298,1041
1299,1042
1300,1044
1300,1045
1301,1046
1302,1047
1302,1049
1303,1050
1303,1051
1304,1053
1305,1054
1305,1055
1306,1057
1306,1058
1307,1059
1307,1061
1308,1063
1308,1064
1309,1066
1309,1068
1309,1069
1310,1071
1310,1073
1311,1075
1311,1077
1312,1079
1312,1081
1312,1083
1313,1085
1313,1087
1314,1088
1314,1090
1314,1092
1315,1094
1315,1095
1315,1097
1316,1098
1316,1100
1316,1102
1316,1103
1317,1104
1317,1106
1317,1107
1317,1109
1318,1110
1318,1112
1318,1113
1318,1115
1318,1116
1319,1117
1319,1118
1319,1120
1319,1121
1319,1122
1319,1124
1319,1125
1320,1126
1320,1127
1320,1128
1320,1130
1320,1131
1320,1132
1320,1133
1320,1134
1321,1135
1321,1136
1321,1137
1321,1138
1321,1139
1321,1140
1321,1141
1321,1142
1322,1143
1322,1144
1322,1145
1322,1146
1322,1147
1322,1148
1322,1150
1322,1151
1322,1152
1322,1154
1322,1155
1322,1157
1322,1159
1323,1160
1323,1162
1323,1164
1323,1165
1323,1167
1323,1169
1323,1170
1323,1172
1323,1173
1323,1174
1323,1175
1323,1177
1323,1178
1323,1179
1323,1180
1322,1181
1322,1182
1322,1183
1322,1183
1322,1184
1322,1185
1321,1186
1321,1187
1321,1188
1321,1189
1320,1189
1320,1190
1319,1191
1319,1192
1318,1192
1318,1193
1317,1194
1317,1194
1316,1195
1315,1195
1315,1196
1314,1197
1313,1197
1313,1198
1312,1199
1311,1200
1310,1200
1309,1201
1309,1202
1308,1202
1307,1203
1306,1203
1305,1204
1305,1204
1304,1205
1303,1205
1302,1206
1301,1206
1301,1207
1300,1207
1299,1207
1298,1208
1297,1209
1297,1209
1296,1210
1295,1210
1294,1211
1293,1212
1293,1212
1292,1213
1291,1214
1290,1214
1290,1215
1289,1215
1288,1216
1287,1216
1286,1216
1286,1216
1285,1216
1284,1217
1283,1217
1282,1217
1282,1217
1281,1216
1280,1216
1279,1216
1279,1216
1278,1216
1277,1216
1276,1216
1275,1215
1275,1215
1274,1215
1273,1215
1272,1215
1271,1214
1271,1214
1270,1214
1269,1214
1268,1214
1268,1214
1267,1214
1266,1215
1265,1215
1265,1215
1264,1216
1263,1216
1263,1217
1262,1217
1261,1218
1261,1218
1260,1219
1259,1219
1259,1220
1258,1220
1257,1220
1257,1221
1256,1221
1255,1221
1255,1221
1254,1221
1254,1221
1253,1221
1252,1221
1252,1221
1251,1221
1250,1220
1250,1220
1249,1220
1249,1220
1248,1220
1247,1219
1247,1219
1246,1219
1245,1219
1245,1219
1244,1219
1243,1219
1243,1219
1242,1219
1241,1219
1241,1219
1240,1219
1239,1220
1239,1220
1238,1221
1237,1221
1236,1222
1236,1222
1235,1223
1234,1223
1234,1224
1233,1224
1232,1225
1232,1225
1231,1225
1230,1225
1229,1225
1229,1226
1228,1226
1227,1226
1227,1226
1226,1226
1225,1226
1225,1226
1224,1226
1223,1226
1223,1226
1222,1226
1221,1226
1221,1226
1220,1227
1219,1227
1219,1227
1218,1227
1218,1228
1217,1228
1216,1229
1216,1229
1215,1230
1215,1231
1214,1231
1214,1232
1213,1233
1213,1234
1212,1234
1211,1235
1211,1236
1210,1237
1210,1238
1209,1239
1209,1240
1208,1241
1207,1241
1207,1242
1206,1243
1205,1244
1205,1244
1204,1245
1203,1246
1203,1246
1202,1247
1201,1247
1201,1248
1200,1248
1199,1249
1199,1249
1198,1250
1197,1251
1197,1251
1196,1252
1196,1252
1195,1253
1194,1254
1194,1254
1193,1255
1193,1256
1192,1256
1192,1257
1191,1257
1191,1258
1190,1259
1190,1259
1190,1260
1189,1261
1189,1261
1189,1262
1188,1263
1188,1263
1188,1264
1188,1265
1188,1266
1188,1266
1188,1267
1188,1268
1188,1269
1188,1270
1188,1271
1188,1271
1188,1272
1188,1273
1188,1274
1188,1275
1188,1276
1189,1276
1189,1277
1189,1278
1189,1279
1189,1280
1189,1281
1189,1282
1189,1283
1189,1283
1189,1284
1189,1285
1189,1286
1189,1286
1189,1287
1189,1287
1188,1288
1188,1288
1188,1289
1187,1289
1187,1289
1187,1289
1186,1289
1185,1289
1185,1289
1184,1289
1183,1288
1183,1288
1182,1288
1181,1287
1180,1287
1180,1287
1179,1286
1178,1286
1177,1285
1176,1285
1175,1284
1175,1283
1174,1283
1173,1282
1172,1281
1172,1280
1171,1280
1170,1279
1170,1278
1169,1276
1168,1275
1168,1274
1167,1273
1166,1272
1166,1270
1165,1269
1164,1267
1164,1266
1163,1265
1162,1263
1162,1262
1161,1260
1160,1259
1160,1257
1159,1256
1158,1255
1158,1253
1157,1252
1156,1250
1155,1248
1154,1247
1153,1245
1153,1244
1152,1242
1151,1241
1150,1239
1149,1238
1148,1237
1147,1235
1146,1234
1145,1232
1145,1231
1144,1230
1143,1228
1142,1227
1141,1226
1140,1224
1139,1223
1138,1222
1137,1221
1136,1220
1135,1219
1134,1218
1133,1217
1133,1216
1132,1215
1131,1214
1130,1213
1129,1212
1128,1211
1127,1209
1126,1208
1125,1207
1124,1206
1123,1205
1122,1203
1121,1202
1120,1201
1119,1199
1119,1198
1118,1196
1117,1195
1116,1194
1115,1192
1114,1191
1113,1189
1112,1188
1111,1187
1110,1186
1109,1185
1108,1183
1107,1182
1106,1181
1105,1180
1104,1179
1103,1177
1102,1176
1101,1175
1100,1174
1099,1173
1098,1172
1097,1170
1096,1169
1095,1168
1094,1167
1093,1165
1092,1164
1091,1163
1090,1161
1089,1160
1088,1159
1086,1157
1085,1156
1084,1155
1083,1153
1082,1152
1081,1151
1080,1149
1079,1148
1078,1147
1076,1146
1075,1144
1074,1143
1073,1142
1072,1141
1071,1140
1070,1138
1069,1137
1068,1136
1066,1135
1065,1134
1064,1132
1063,1131
1062,1130
1061,1129
1060,1128
1059,1127
1058,1126
1056,1125
1055,1124
1054,1123
1053,1122
1052,1121
1051,1120
1050,1120
1049,1119
1048,1118
1047,1117
1046,1116
1045,1116
1044,1115
1042,1114
1041,1113
1040,1112
1039,1111
1038,1110
1037,1109
1036,1108
1035,1107
1033,1105
1032,1104
1031,1103
1030,1101
1029,1100
1027,1098
1026,1096
1025,1095
1023,1093
1022,1091
1021,1089
1019,1088
1018,1086
1017,1084
1015,1083
1014,1081
1012,1080
1011,1078
1010,1077
1008,1075
1007,1074
1005,1073
1004,1071
1002,1070
1001,1069
999,1067
998,1066
996,1064
995,1063
993,1062
992,1060
990,1059
988,1058
987,1056
985,1055
983,1053
981,1052
980,1050
978,1049
976,1047
974,1046
973,1044
971,1043
969,1041
967,1040
965,1038
964,1036
962,1035
960,1033
958,1031
956,1029
954,1028
952,1026
951,1024
949,1022
947,1020
945,1019
943,1017
942,1015
940,1013
938,1011
936,1009
935,1007
933,1005
931,1003
930,1001
928,999
926,996
925,994
923,991
921,989
920,986
918,984
916,981
915,978
913,976
912,973
910,970
909,967
907,964
905,961
904,958
902,955
901,952
899,949
898,946
896,943
895,940
893,937
891,935
889,932
888,929
886,926
884,924
882,921
880,919
878,916
875,914
873,912
870,910
868,907
865,905
862,903
859,901
856,899
853,897
849,894
846,892
842,889
838,887
834,884
830,881
825,879
821,876
816,872
811,869
806,866
801,862
796,859
791,855
786,851
780,847
774,844
769,840
763,836
757,832
752,828
746,824
740,820
735,817
729,813
724,810
719,807
714,804
709,801
705,798
701,796
697,794
694,792
691,791
689,789
687,788
686,788
685,787
685,787
