1757,229
1757,230
1757,230
1756,230
1756,231
1756,232
1756,232
1755,233
1755,234
1755,235
1754,235
1754,236
1753,237
1753,238
1752,239
1752,240
1751,241
1751,241
1750,242
1750,243
1749,243
1749,244
1748,244
1748,244
1747,245
1746,245
1746,246
1745,247
1744,247
1744,248
1743,249
1742,250
1741,251
1740,252
1740,253
1739,254
1738,255
1737,257
1736,258
1735,259
1734,261
1734,262
1733,263
1732,265
1731,266
1730,268
1729,269
1728,271
1727,272
1727,273
1726,275
1725,276
1724,278
1723,279
1723,280
1722,282
1721,283
1720,284
1719,286
1719,287
1718,289
1717,290
1716,292
1716,293
1715,295
1714,297
1714,298
1713,300
1712,302
1712,303
1711,305
1710,307
1710,309
1709,310
1708,312
1708,314
1707,316
1707,317
1706,319
1706,321
1705,322
1705,324
1704,325
1704,327
1703,328
1703,330
1702,331
1702,333
1702,334
1701,336
1701,337
1700,339
1700,340
1699,342
1699,344
1699,345
1698,347
1698,349
1697,351
1697,352
1696,354
1696,356
1696,358
1695,360
1695,361
1695,363
1694,365
1694,367
1694,369
1693,371
1693,372
1693,374
1692,376
1692,378
1692,380
1692,381
1691,383
1691,385
1691,387
1691,389
1690,390
1690,392
1690,394
1690,396
1689,398
1689,400
1689,401
1689,403
1689,405
1689,407
1689,409
1688,410
1688,412
1688,414
1688,416
1688,417
1688,419
1688,421
1687,422
1687,424
1687,426
1687,427
1687,429
1687,431
1687,432
1686,434
1686,436
1686,438
1686,440
1685,441
1685,443
1685,445
1685,447
1684,449
1684,450
1684,452
1683,454
1683,455
1683,456
1683,458
1683,459
1682,460
1682,461
1682,462
1682,463
1682,464
1681,465
1681,466
1681,467
1681,468
1680,469
1680,470
1680,472
1680,473
1679,474
1679,476
1679,477
1678,479
1678,480
1677,482
1677,484
1676,486
1676,488
1676,490
1675,492
1675,494
1674,496
1674,498
1673,500
1673,501
1672,503
1672,505
1672,506
1671,507
1671,509
1671,510
1671,511
1670,512
1670,512
1670,513
1670,514
1669,514
1669,515
1669,515
1669,516
1668,516
1668,517
1668,518
1668,518
1667,519
1667,519
1667,520
1666,521
1666,522
1665,523
1665,524
1664,525
1664,527
1663,528
1662,529
1662,530
1661,531
1660,533
1660,534
1659,535
1658,536
1657,538
1657,539
1656,540
1655,541
1654,542
1653,544
1652,545
1651,546
1650,547
1649,548
1648,549
1647,550
1646,552
1645,553
1644,554
1643,556
1641,557
1640,558
1639,560
1638,561
1637,563
1635,564
1634,566
1633,567
1632,569
1630,570
1629,572
1628,574
1626,575
1625,577
1624,579
1622,581
1621,583
1620,585
1618,587
1617,589
1616,591
1615,592
1613,594
1612,596
1611,598
1609,600
1608,601
1607,603
1606,605
1604,607
1603,608
1602,610
1600,612
1599,614
1598,615
1596,617
1595,619
1594,620
1593,622
1591,623
1590,625
1589,627
1587,628
1586,630
1585,631
1583,633
1582,634
1581,635
1579,637
1578,638
1577,639
1575,641
1574,642
1573,643
1571,645
1570,646
1569,647
1567,648
1566,650
1565,651
1563,652
1562,653
1561,654
1559,656
1558,657
1556,658
1555,659
1554,660
1552,662
1551,663
1550,664
1548,666
1547,667
1545,668
1544,670
1543,671
1541,672
1540,674
1538,675
1537,677
1536,678
1534,679
1533,681
1531,682
1530,684
1529,685
1527,686
1526,688
1524,689
1523,691
1522,692
1520,694
1519,695
1517,697
1516,698
1515,699
1513,701
1512,702
1510,704
1509,705
1508,706
1506,707
1505,709
1504,710
1502,711
1501,712
1500,713
1498,715
1497,716
1496,717
1494,718
1493,719
1492,720
1490,721
1489,722
1488,723
1486,724
1485,725
1484,726
1482,727
1481,728
1480,729
1478,730
1477,731
1476,732
1474,733
1473,734
1471,736
1470,737
1469,738
1467,739
1466,740
1464,741
1463,742
1462,743
1460,744
1459,745
1457,746
1456,747
1454,747
1453,748
1451,749
1450,750
1448,751
1447,752
1445,752
1444,753
1442,754
1440,755
1439,756
1437,756
1436,757
1434,758
1432,759
1431,760
1429,760
1428,761
1426,762
1425,762
1423,763
1422,763
1420,764
1419,764
1417,764
1416,765
1414,765
1413,765
1411,765
1410,765
1408,765
1407,765
1406,765
1404,765
1403,765
1401,765
1400,765
1399,765
1397,765
1396,764
1395,764
1394,764
1392,764
1391,764
1390,764
1388,764
1387,764
1386,765
1385,765
1383,765
1382,766
1381,766
1380,766
1378,767
1377,767
1376,768
1375,768
1373,769
1372,769
1371,770
1370,770
1368,771
1367,771
1366,772
1365,772
1363,772
1362,773
1361,773
1360,773
1358,774
1357,774
1356,774
1355,774
1353,775
1352,775
1351,775
1350,776
1348,776
1347,777
1346,777
1345,778
1344,778
1342,779
1341,780
1340,780
1339,781
1337,782
1336,783
1335,783
1334,784
1333,785
1331,786
1330,787
1329,788
1328,789
1327,790
1325,790
1324,791
1323,792
1322,793
1321,794
1320,795
1318,796
1317,796
1316,797
1315,798
1314,799
1313,800
1311,801
1310,802
1309,803
1308,804
1307,805
1306,806
1305,807
1304,809
1302,810
1301,811
1300,812
1299,813
1298,814
1297,815
1296,815
1295,816
1293,817
1292,817
1291,818
1290,818
1289,818
1288,818
1287,818
1286,818
1284,818
1283,818
1282,818
1281,818
1280,818
1279,818
1278,818
1277,817
1275,817
1274,817
1273,817
1272,817
1271,818
1270,818
1269,818
1268,819
1267,819
1266,819
1265,820
1264,820
1262,821
1261,822
1260,822
1259,823
1258,824
1257,824
1256,825
1255,826
1254,826
1254,827
1253,827
1252,828
1251,829
1250,830
1249,830
1248,831
1247,832
1246,832
1246,833
1245,834
1244,835
1243,836
1243,837
1242,838
1241,839
1240,840
1240,841
1239,842
1238,843
1238,844
1237,845
1237,846
1236,848
1235,849
1235,850
1234,851
1233,852
1233,852
1232,853
1232,854
1231,855
1230,855
1230,856
1229,857
1229,857
1228,858
1228,858
1227,859
1226,860
1226,860
1225,861
1225,861
1224,862
1224,863
1223,863
1223,864
1223,864
1222,865
1222,865
1221,866
1221,866
1221,867
1220,867
1220,867
1220,868
1220,868
1219,869
1219,869
1219,870
1219,870
1219,871
1218,872
1218,872
1218,873
1218,873
1218,874
1218,874
1217,874
1217,874
1217,874
1217,874
1217,874
1217,874
1217,873
1217,873
1217,872
1217,872
1216,871
1216,870
1216,870
1216,869
1216,869
1216,868
1217,868
1217,867
1217,867
1217,867
1217,866
1217,866
1217,866
1217,866
1217,865
1217,865
1218,865
1218,865
1218,865
1218,865
1218,865
1218,866
1218,866
1218,866
1218,866
1218,866
1218,866
1218,866
1218,866
1218,866
1218,866
1218,866
1218,865
1218,865
1218,865
1217,864
1217,863
1217,863
1217,862
1216,861
1216,861
1216,860
1216,859
1215,858
1215,857
1215,857
1214,856
1214,855
1214,855
1213,854
1213,854
1212,853
1212,853
1212,852
1211,851
1211,851
1210,850
1210,849
1209,849
1209,848
1208,847
1208,846
1207,845
1207,845
1206,844
1205,843
1205,843
1204,842
1204,842
1203,841
1202,841
1202,841
1201,841
1200,841
1200,841
1199,841
1198,841
1198,842
1197,842
1197,843
1196,843
1195,844
1195,844
1194,845
1194,846
1193,847
1192,848
1192,849
1191,850
1191,851
1190,852
1190,853
1189,854
1189,854
1188,855
1187,855
1187,855
1186,856
1186,855
1185,855
1184,855
1184,854
1183,853
1182,852
1181,851
1181,850
1180,848
1179,847
1178,845
1177,843
1176,842
1176,840
1175,838
1174,836
1173,835
1172,833
1171,831
1170,829
1169,827
1168,826
1167,824
1166,822
1165,821
1164,819
1163,818
1163,816
1162,815
1161,814
1160,813
1160,812
1159,811
1158,811
1158,810
1157,809
1157,808
1156,808
1156,807
1155,806
1155,805
1155,804
1154,803
1154,802
1154,801
1154,801
1154,799
1153,798
1153,797
1153,796
1153,795
1153,793
1153,792
1154,790
1154,789
1154,787
1154,785
1154,783
1154,781
1155,779
1155,777
1155,775
1155,772
1155,770
1156,767
1156,764
1156,762
1156,759
1157,756
1157,752
1157,749
1157,746
1158,743
1158,740
1158,736
1158,733
1159,729
1159,726
1159,722
1160,719
1160,715
1160,711
1161,708
1161,704
1161,700
1162,697
1162,693
1163,690
1163,686
1163,683
1164,679
1164,676
1165,673
1165,669
1166,666
1167,663
1167,660
1168,657
1168,654
1169,651
1170,648
1170,645
1171,642
1171,639
1172,636
1173,633
1173,630
1174,627
1175,624
1175,621
1176,618
1176,615
1177,612
1178,609
1178,607
1179,604
1179,601
1180,599
1180,596
1181,593
1181,591
1182,588
1182,586
1183,583
1183,581
1183,579
1184,576
1184,574
1185,572
1185,570
1185,569
1186,567
1186,565
1186,564
1186,562
1187,561
1187,560
1187,558
1187,557
1187,556
1187,555
1187,554
1187,553
1187,552
1187,551
1187,550
1187,550
1187,549
1186,548
1186,547
1185,546
1185,546
1184,545
1184,545
1183,544
1183,544
1182,543
1181,543
1180,543
1179,543
1178,543
1178,543
1177,543
1176,543
1175,543
1173,543
1172,543
1171,544
1170,544
1169,545
1168,545
1167,546
1165,547
1164,548
1163,549
1162,550
1160,550
1159,551
1158,552
1156,553
1155,554
1154,556
1152,557
1151,558
1149,559
1148,560
1146,562
1145,563
1143,565
1142,566
1140,568
1139,570
1137,572
1136,573
1134,575
1133,578
1131,580
1130,582
1128,585
1126,587
1125,590
1123,592
1122,595
1120,597
1118,600
1117,603
1115,606
1114,608
1112,611
1110,614
1109,617
1107,620
1105,623
1104,625
1102,628
1100,631
1099,633
1097,636
1095,638
1094,641
1092,643
1090,646
1089,648
1087,651
1086,653
1084,656
1083,658
1081,661
1079,663
1078,666
1076,668
1075,671
1074,674
1072,676
1071,679
1069,681
1068,684
1067,687
1065,689
1064,692
1063,695
1061,698
1060,700
1059,703
1057,706
1056,709
1055,712
1054,714
1052,717
1051,720
1050,723
1049,725
1047,728
1046,731
1045,733
1043,736
1042,739
1041,741
1040,744
1038,746
1037,749
1036,752
1034,754
1033,757
1032,759
1030,762
1029,765
1028,767
1027,770
1025,773
1024,776
1023,778
1021,781
1020,784
1019,787
1018,790
1017,792
1015,795
1014,798
1013,801
1012,803
1011,806
1010,809
1009,811
1008,814
1007,817
1005,819
1004,822
1003,824
1002,827
1001,829
1000,832
999,834
998,837
998,839
997,841
996,843
995,845
994,847
993,849
992,851
991,853
990,855
990,856
989,858
988,859
987,860
986,861
986,862
985,863
984,864
983,865
983,866
982,866
981,867
981,868
980,868
980,869
979,869
979,870
979,870
978,871
978,871
978,872
978,872
977,872
977,873
977,873
977,874
977,874
977,875
977,875
977,876
977,877
977,878
977,879
977,880
977,881
977,882
977,883
977,884
977,885
977,886
977,887
977,888
976,889
976,890
976,891
975,892
975,893
974,893
974,894
973,895
973,896
972,896
971,897
971,898
970,899
969,899
968,900
968,901
967,902
966,902
966,903
965,904
965,905
964,905
963,906
963,907
962,908
962,908
962,909
961,910
961,911
961,912
961,913
961,914
961,915
961,916
961,917
961,918
961,919
961,921
961,922
961,923
961,924
961,925
962,926
962,927
962,928
962,929
963,930
963,931
963,932
963,933
963,934
963,934
964,935
964,935
964,936
964,936
964,936
964,937
964,937
964,937
963,936
963,936
963,936
963,935
963,934
963,933
962,932
962,931
962,930
962,928
961,926
961,924
961,922
961,920
961,918
961,915
961,913
961,910
961,907
961,904
961,901
961,898
962,894
962,891
962,887
963,883
963,879
964,875
964,870
965,866
965,861
966,857
966,852
967,847
967,842
968,838
969,833
969,828
970,823
970,818
971,813
971,808
972,803
972,799
973,794
973,789
974,784
974,780
974,775
975,770
975,766
975,761
976,756
976,752
976,747
976,743
976,739
977,734
977,730
977,726
977,722
977,718
977,714
977,710
977,706
977,702
977,699
977,695
977,691
977,688
977,685
977,682
977,678
977,675
977,673
977,670
977,667
977,664
977,661
977,658
977,656
977,653
977,650
977,648
977,645
976,642
976,640
976,637
976,634
976,631
975,628
975,625
975,622
975,619
974,616
974,614
974,611
973,608
973,605
973,602
972,599
972,596
972,592
971,589
971,586
971,583
970,580
970,577
969,573
969,570
969,567
968,564
968,561
968,557
967,554
967,551
967,547
966,544
966,540
965,537
965,533
965,530
964,526
964,523
963,519
963,516
962,512
962,508
961,505
961,502
961,498
960,495
960,491
959,488
959,485
958,481
957,478
957,475
956,472
956,468
955,465
955,461
954,458
954,454
953,451
952,447
952,444
951,440
950,436
950,433
949,429
949,425
948,422
948,418
947,415
947,412
946,408
946,405
945,401
945,397
944,394
944,390
943,386
943,382
942,378
942,374
941,370
941,367
940,363
940,359
940,355
939,351
939,347
938,344
938,340
938,336
938,333
937,330
937,327
937,324
937,321
937,319
937,317
937,315
937,313
937,311
937,310
938,309
938,308
938,307
938,306
939,306
939,305
939,305
940,305
940,304
940,304
941,304
941,304
941,304
941,304
941,304
942,304
942,304
941,303
941,303
941,302
941,302
940,301
940,300
939,299
939,298
938,298
937,297
937,296
936,295
935,293
934,292
933,291
931,289
930,287
929,286
928,284
926,282
925,281
923,279
922,276
920,274
919,272
917,270
916,267
914,264
913,262
911,259
909,256
908,254
906,251
905,249
903,246
902,244
900,242
899,240
898,238
897,236
895,235
894,233
893,232
892,231
891,231
891,230
890,230
889,230
889,230
888,230
887,230
887,231
887,232
886,233
886,234
886,235
886,236
885,238
885,239
885,241
885,243
885,244
885,246
886,248
886,250
886,252
886,254
886,256
887,258
887,260
887,262
887,264
888,266
888,268
888,270
889,272
889,274
889,276
889,277
890,279
890,281
890,283
891,284
891,286
891,288
891,289
892,291
892,292
892,294
892,295
892,297
893,298
893,300
893,301
893,303
893,304
893,306
893,307
894,309
894,310
894,312
894,314
894,316
894,318
895,320
895,322
895,324
895,326
895,328
896,330
896,333
896,335
896,337
896,340
896,342
896,345
896,347
896,350
896,352
896,355
896,357
896,360
896,363
896,366
896,368
896,371
896,374
896,377
896,379
895,382
895,385
895,388
895,391
894,393
894,396
894,399
893,402
893,405
893,408
892,411
892,414
892,418
891,421
891,424
890,427
890,431
890,434
889,438
889,442
889,445
888,449
888,453
887,456
887,460
887,464
886,468
886,472
886,476
885,479
885,483
884,487
884,491
883,495
883,499
882,503
882,506
882,510
881,514
881,518
880,522
879,525
879,529
878,533
878,536
877,540
877,543
876,547
875,551
875,554
874,558
874,561
873,565
872,568
872,572
871,575
870,579
870,583
869,586
868,590
868,593
867,597
866,600
866,604
865,607
864,611
864,614
863,618
862,621
862,625
861,629
860,632
860,636
859,640
859,643
858,647
857,651
857,654
856,658
855,662
855,666
854,670
854,674
853,677
852,681
852,685
851,689
851,693
850,696
849,700
849,703
848,707
847,710
846,714
845,717
845,720
844,723
843,727
842,730
841,733
840,736
839,738
838,741
836,744
835,747
834,750
833,752
832,755
830,758
829,760
828,763
826,765
825,767
823,770
822,772
820,774
818,776
817,777
815,779
813,781
811,782
809,783
808,785
806,786
804,787
802,787
799,788
797,789
795,789
793,789
791,789
788,790
786,790
784,790
781,790
779,790
777,790
774,790
772,791
769,791
767,791
765,792
762,793
760,794
757,795
755,796
752,798
750,799
747,801
745,803
742,805
740,807
737,809
735,811
732,813
729,816
727,818
724,820
722,823
719,825
717,828
714,830
712,833
710,835
708,838
705,840
703,842
701,845
699,847
698,849
696,852
694,854
693,856
692,859
691,861
690,864
690,867
689,870
689,873
689,876
689,879
690,882
691,885
691,888
692,892
694,895
695,898
696,901
698,903
699,906
701,909
703,911
705,913
707,915
709,916
711,917
713,918
715,919
717,919
719,919
721,919
723,918
725,918
727,916
729,915
731,914
733,912
735,910
737,909
739,907
741,904
743,902
745,900
747,898
749,896
751,894
753,892
756,890
758,888
760,886
763,884
765,883
767,881
770,880
772,878
775,877
777,875
780,874
782,872
785,871
787,869
790,868
792,867
795,865
797,864
800,863
802,862
805,860
808,859
810,858
813,857
816,856
818,855
821,854
824,853
826,852
829,851
832,850
835,849
837,848
840,847
843,846
845,844
848,843
851,842
853,841
856,839
859,838
861,836
864,835
866,833
869,831
871,829
874,828
876,826
879,824
881,822
883,820
886,819
888,817
891,815
893,814
895,812
898,810
900,809
903,807
905,806
907,805
910,803
912,802
914,801
917,799
919,798
922,797
924,795
926,794
928,793
931,791
933,790
935,788
937,787
939,785
942,784
944,782
946,780
948,778
949,777
951,775
953,773
955,771
957,769
958,767
960,765
962,763
963,761
965,759
966,758
968,756
969,754
971,752
972,750
973,748
975,746
976,745
977,743
979,741
980,740
981,738
983,737
984,735
985,734
987,732
988,731
989,730
991,728
992,727
994,725
995,724
996,723
998,722
999,720
1000,719
1002,718
1003,717
1005,716
1006,715
1008,714
1009,713
1011,712
1012,711
1014,710
1015,709
1017,708
1019,707
1020,706
1022,706
1023,705
1025,704
1026,703
1028,702
1030,701
1031,700
1033,699
1034,698
1036,697
1038,696
1039,695
1041,694
1043,693
1044,692
1046,691
1048,690
1049,689
1051,688
1053,687
1054,686
1056,685
1058,684
1059,683
1061,682
1062,681
1064,680
1066,679
1067,678
1069,677
1071,675
1072,674
1074,673
1076,672
1077,671
1079,670
1080,668
1082,667
1084,666
1085,664
1087,663
1088,662
1090,661
1092,659
1093,658
1095,657
1096,656
1098,655
1100,654
1101,653
1103,652
1105,651
1106,650
1108,649
1110,649
1111,648
1113,647
1115,647
1116,646
1118,646
1120,645
1122,645
1123,645
1125,644
1127,644
1128,643
1130,643
1132,643
1134,642
1135,642
1137,641
1139,641
1140,640
1142,639
1144,639
1145,638
1147,637
1149,636
1150,635
1152,634
1154,633
1155,632
1157,631
1158,630
1160,629
1162,628
1163,626
1165,625
1166,624
1168,622
1169,621
1171,620
1172,618
1174,617
1176,615
1177,614
1179,612
1180,611
1182,609
1183,608
1185,606
1186,605
1188,604
1189,602
1191,601
1192,599
1194,598
1195,596
1197,595
1198,594
1200,592
1201,591
1203,590
1204,589
1206,588
1208,587
1209,586
1211,585
1212,584
1214,583
1215,582
1217,581
1218,580
1220,579
1221,578
1223,577
1224,576
1226,576
1227,575
1229,574
1230,573
1232,572
1233,571
1235,570
1236,569
1238,567
1239,566
1241,565
1242,563
1244,562
1245,561
1247,559
1248,558
1250,556
1251,554
1252,553
1254,551
1255,550
1257,548
1258,547
1260,545
1261,544
1263,543
1264,541
1266,540
1267,538
1269,537
1270,536
1272,535
1273,533
1275,532
1276,531
1278,529
1279,528
1281,527
1282,526
1284,525
1285,524
1287,523
1288,521
1290,520
1291,519
1293,518
1294,517
1296,516
1297,515
1299,514
1300,512
1302,511
1303,510
1305,509
1306,508
1308,506
1309,505
1311,504
1312,503
1314,502
1315,501
1317,500
1318,499
1320,498
1321,498
1323,497
1324,496
1326,495
1327,494
1328,493
1330,492
1331,491
1333,490
1334,489
1335,488
1337,487
1338,486
1340,485
1341,484
1342,482
1344,481
1345,480
1346,478
1348,476
1349,475
1350,473
1352,471
1353,469
1354,467
1356,465
1357,463
1358,461
1360,459
1361,457
1362,455
1364,453
1365,451
1366,450
1368,448
1369,446
1370,444
1372,442
1373,441
1374,439
1376,437
1377,436
1378,434
1380,433
1381,431
1383,430
1384,428
1385,427
1387,425
1388,424
1390,422
1391,421
1392,419
1394,418
1395,416
1396,415
1398,414
1399,412
1401,411
1402,409
1404,408
1405,407
1406,405
1408,404
1409,403
1411,401
1412,400
1413,399
1415,398
1416,396
1417,395
1419,394
1420,393
1422,392
1423,391
1424,389
1426,388
1427,387
1428,385
1430,384
1431,383
1432,382
1434,380
1435,379
1436,378
1438,376
1439,375
1440,374
1441,373
1443,372
1444,371
1445,370
1446,368
1447,367
1449,366
1450,365
1451,364
1452,363
1453,361
1454,360
1455,359
1457,357
1458,356
1459,354
1460,352
1461,351
1462,349
1464,347
1465,346
1466,344
1467,342
1468,341
1469,339
1470,337
1471,335
1472,334
1473,332
1474,330
1475,328
1476,327
1477,325
1478,323
1479,321
1480,319
1481,318
1482,316
1482,314
1483,312
1484,310
1485,308
1485,306
1486,304
1487,302
1487,300
1488,297
1489,295
1489,293
1490,291
1491,288
1491,286
1492,283
1492,281
1493,279
1494,276
1494,274
1495,271
1495,269
1496,266
1496,264
1497,261
1497,259
1498,256
1498,254
1499,251
1499,249
1500,246
1500,244
1501,241
1501,239
1501,236
1502,234
1502,231
1503,229
1503,227
1503,225
1504,223
1504,221
1504,219
1504,217
1504,216
1505,214
1505,213
1505,211
1505,210
1505,209
1505,207
1505,206
1505,205
1505,204
1505,202
1504,201
1504,200
1504,198
1504,197
1504,195
1503,194
1503,192
1503,190
1502,189
1502,187
1502,185
1501,183
1501,181
1500,179
1500,177
1500,175
1499,173
1499,171
1498,169
1498,168
1497,166
1497,164
1496,162
1495,161
1495,159
1494,157
1494,156
1493,154
1493,152
1492,151
1491,149
1491,148
1490,146
1489,145
1489,143
1488,142
1487,141
1487,139
1486,138
1486,136
1485,135
1484,134
1484,132
1483,131
1483,130
1482,129
1482,128
1481,127
1481,126
1480,125
1480,124
1479,124
1479,123
1479,123
1478,122
1478,122
1478,122
1478,122
1477,122
1477,121
1477,121
1477,121
1477,121
1477,120
1476,120
1476,120
1476,119
1476,119
1476,118
1476,117
1476,116
1476,115
1476,115
1476,114
1477,113
1477,112
1477,111
1477,110
1477,109
1477,108
1477,107
1478,106
1478,105
1478,104
1478,103
1479,102
1479,101
1479,100
1479,99
1480,98
1480,97
1480,96
1481,95
1481,94
1481,93
1481,91
1482,90
1482,89
1482,88
1483,86
1483,85
1483,83
1484,82
1484,80
1484,78
1485,76
1485,74
1485,71
1486,69
1486,67
1486,64
1487,62
1487,59
1488,56
1488,54
1489,51
1489,48
1490,45
1490,42
1491,39
1491,36
1492,33
1493,30
1493,27
1494,24
1495,21
1496,18
1497,15
1498,12
1499,9
1500,6
1502,4
1503,1
1504,0
1505,0
1506,-1
1508,0
1509,1
1510,3
1511,7
1512,12
1513,18
1514,25
1515,32
1516,40
1517,49
1518,58
1519,68
1520,78
1521,88
1522,99
1523,110
1524,121
1524,132
1525,143
1526,153
1527,163
1528,172
1530,180
1531,188
1532,195
1534,201
1535,206
1537,210
1538,214
1540,218
1542,221
1544,223
1546,225
1548,227
1550,228
1552,228
1554,228
1556,227
1559,225
1561,223
1563,220
1566,217
1568,214
1570,210
1573,205
1575,200
1577,195
1579,188
1581,181
1583,174
1585,165
1587,156
1588,146
1590,135
1591,124
1593,113
1594,101
1595,90
1595,79
1596,68
1596,58
1596,48
1596,39
1595,30
1595,21
1594,13
1593,6
1592,0
1590,-5
1589,-10
1587,-13
1585,-15
1583,-17
1580,-17
1578,-17
1575,-17
1572,-16
1570,-14
1567,-13
1564,-11
1561,-9
1558,-8
1555,-6
1552,-5
1548,-3
1545,-2
1542,-1
1539,0
1535,1
1532,2
1529,3
1525,5
1522,6
1519,7
1515,8
1512,9
1508,11
1505,12
1501,13
1498,15
1494,17
1491,18
1487,20
1484,23
1480,25
1477,27
1473,30
1470,32
1466,35
1463,38
1459,41
1456,44
1452,47
1449,50
1445,53
1442,56
1438,59
1435,63
1432,66
1428,70
1425,73
1422,76
1419,80
1415,83
1412,87
1409,90
1406,94
1403,97
1400,101
1397,104
1394,108
1392,111
1389,115
1386,118
1384,122
1381,125
1378,129
1376,132
1374,136
1371,139
1369,143
1367,146
1365,150
1363,153
1361,157
1359,160
1357,164
1355,167
1354,171
1352,174
1351,177
1349,180
1348,183
1346,186
1345,190
1344,193
1343,196
1342,198
1341,201
1340,204
1339,207
1338,209
1337,212
1337,215
1336,217
1335,219
1335,222
1335,224
1334,226
1334,228
1334,230
1334,232
1334,234
1334,236
1334,238
1334,239
1335,241
1335,243
1335,244
1336,245
1337,247
1338,248
1338,250
1339,251
1340,252
1342,253
1343,254
1344,255
1345,256
1347,257
1348,258
1350,258
1352,259
1353,259
1355,260
1357,260
1359,260
1361,260
1363,260
1365,260
1367,259
1369,259
1371,258
1373,257
1376,255
1378,254
1380,252
1382,250
1384,248
1386,245
1389,242
1391,240
1393,237
1395,233
1397,230
1399,226
1401,223
1403,219
1405,215
1407,212
1408,208
1410,204
1412,200
1414,196
1415,192
1417,188
1418,184
1420,180
1421,176
1423,171
1424,167
1425,163
1427,159
1428,155
1429,151
1430,148
1431,144
1432,140
1433,137
1433,133
1434,130
1435,127
1435,124
1436,121
1436,118
1436,115
1437,112
1437,110
1437,107
1437,104
1437,102
1437,100
1438,97
1438,95
1438,93
1438,90
1438,88
1438,86
1438,84
1438,83
1438,81
1438,79
1438,77
1438,76
1439,75
1439,74
1439,72
1439,72
1439,71
1439,70
1439,70
1439,70
1440,70
1440,70
1440,71
1440,71
1440,72
1440,73
1440,75
1440,76
1440,77
1440,79
1440,80
1440,82
1440,83
1440,85
1440,86
1440,88
1440,89
1440,90
1440,91
1440,92
1441,93
1441,94
1441,95
1441,95
1442,96
1442,96
1443,97
1443,97
1444,97
1444,98
1445,98
1445,98
1446,98
1446,99
1447,99
1447,100
1448,100
1449,101
1449,101
1450,102
1451,103
1451,104
1452,104
1453,105
1453,106
1454,107
1455,108
1455,109
1456,110
1457,111
1458,111
1458,112
1459,113
1460,113
1461,113
1462,113
1463,113
1464,113
1465,112
1466,111
1468,110
1469,109
1470,108
1472,106
1473,105
1475,103
1476,101
1478,99
1480,96
1481,94
1483,92
1485,89
1486,87
1488,85
1490,83
1491,80
1493,78
1495,76
1496,74
1498,73
1499,71
1500,70
1502,69
1503,68
1504,67
1505,67
1506,67
1507,67
1508,67
1508,68
1509,68
1510,69
1510,70
1511,71
1511,72
1512,73
1512,74
1513,75
1513,76
1514,77
1514,78
1515,79
1515,81
1516,82
1516,83
1517,85
1518,86
1518,87
1519,89
1520,91
1521,92
1522,94
1523,96
1524,98
1526,100
1527,102
1528,104
1530,106
1531,107
1533,109
1534,111
1536,113
1537,115
1539,117
1540,119
1542,120
1543,122
1545,124
1546,125
1548,127
1549,128
1550,129
1552,130
1553,131
1554,132
1555,133
1556,134
1557,135
1558,136
1559,136
1560,137
1560,137
1561,138
1561,138
1562,139
1562,139
1563,140
1563,140
1564,140
1564,141
1564,141
1565,142
1565,142
1565,143
1566,143
1566,144
1566,145
1567,145
1567,146
1568,146
1568,147
1568,147
1569,148
1569,148
1570,149
1570,149
1571,150
1571,150
1571,150
1572,151
1572,151
1572,151
1572,151
1572,151
1572,151
1573,152
1572,152
1572,152
1572,152
1572,152
1572,153
1571,153
1571,154
1571,154
1570,155
1570,156
1569,157
1568,158
1568,160
1567,161
1566,163
1565,166
1565,168
1564,171
1563,174
1562,177
1561,180
1560,183
1560,187
1559,191
1558,194
1557,198
1556,203
1555,207
1554,211
1553,215
1552,220
1551,224
1550,229
1549,233
1548,238
1547,242
1546,246
1545,250
1544,255
1543,259
1541,263
1540,267
1539,271
1537,275
1535,279
1534,282
1532,286
1530,290
1528,294
1526,298
1524,301
1522,305
1519,309
1517,313
1514,317
1511,320
1508,324
1505,328
1502,333
1499,337
1495,341
1492,345
1488,350
1484,354
1480,358
1476,363
1472,367
1468,372
1464,377
1459,381
1455,385
1451,390
1446,394
1442,398
1437,402
1433,406
1429,410
1424,413
1420,416
1415,420
1411,423
1407,425
1402,428
1398,431
1394,433
1390,435
1386,437
1382,439
1378,441
1374,442
1370,444
1367,445
1363,446
1359,447
1356,448
1352,449
1349,450
1345,450
1342,451
1339,451
1335,451
1332,451
1329,451
1326,451
1323,451
1320,451
1317,451
1314,451
1312,450
1309,450
1306,449
1303,449
1301,448
1298,447
1296,447
1294,446
1291,445
1289,444
1287,444
1284,443
1282,442
1280,441
1278,441
1276,440
1274,439
1272,438
1270,437
1268,436
1267,435
1265,434
1263,432
1261,431
1260,429
1258,427
1257,425
1255,423
1253,421
1252,419
1251,416
1249,414
1248,411
1246,408
1245,405
1244,402
1243,399
1242,396
1240,393
1239,390
1238,387
1237,384
1236,381
1235,378
1234,375
1233,372
1232,369
1232,366
1231,363
1230,360
1229,357
1228,355
1228,352
1227,349
1226,347
1225,345
1225,342
1224,340
1223,338
1223,336
1222,333
1222,331
1221,329
1221,327
1220,325
1219,323
1219,321
1218,319
1218,317
1217,315
1217,314
1216,312
1215,310
1215,308
1214,307
1214,305
1213,304
1212,302
1211,301
1211,299
1210,298
1209,297
1208,296
1207,295
1206,294
1205,293
1204,292
1203,291
1202,290
1201,289
1200,289
1199,288
1198,288
1197,288
1195,287
1194,287
1193,288
1192,288
1191,288
1189,289
1188,290
1187,290
1186,291
1185,292
1183,293
1182,295
1181,296
1180,298
1179,299
1178,301
1177,303
1176,304
1175,306
1175,308
1174,310
1173,312
1172,314
1172,316
1171,318
1170,320
1170,322
1169,324
1169,326
1168,328
1168,330
1167,332
1167,334
1166,335
1166,337
1166,339
1165,340
1165,342
1165,344
1165,345
1164,347
1164,349
1164,350
1164,352
1164,354
1164,355
1164,357
1164,359
1164,361
1164,362
1165,364
1165,366
1165,368
1165,370
1165,372
1166,374
1166,376
1166,378
1167,380
1167,382
1167,384
1168,386
1168,387
1169,389
1169,391
1170,393
1170,394
1170,396
1171,398
1171,399
1172,401
1172,402
1173,404
1173,405
1174,407
1175,408
1175,410
1176,411
1176,413
1177,414
1177,416
1178,417
1179,419
1179,420
1180,422
1181,423
1182,425
1182,426
1183,428
1184,429
1185,431
1185,432
1186,434
1187,435
1188,437
1188,438
1189,440
1190,441
1191,443
1192,445
1193,446
1193,448
1194,449
1195,451
1196,453
1197,454
1197,456
1198,457
1199,459
1200,461
1200,463
1201,464
1202,466
1202,468
1203,470
1204,471
1204,473
1205,475
1206,477
1206,479
1207,480
1208,482
1208,484
1209,486
1210,487
1210,489
1211,491
1211,493
1212,495
1213,496
1213,498
1214,500
1214,502
1215,504
1216,506
1216,508
1217,510
1218,512
1218,514
1219,516
1220,518
1220,521
1221,523
1222,525
1222,527
1223,529
1224,531
1225,533
1225,535
1226,537
1227,539
1228,541
1229,543
1230,545
1230,547
1231,549
1232,551
1233,553
1234,555
1235,556
1236,558
1237,560
1238,561
1239,563
1240,565
1241,566
1242,568
1243,570
1244,571
1245,573
1246,574
1247,576
1248,578
1249,579
1250,581
1251,582
1252,584
1254,585
1255,587
1256,588
1257,590
1258,591
1259,593
1260,594
1261,596
1263,597
1264,599
1265,600
1266,602
1267,603
1268,604
1269,606
1271,607
1272,609
1273,610
1274,611
1275,613
1276,614
1278,616
1279,617
1280,619
1281,620
1282,621
1283,623
1284,624
1286,626
1287,627
1288,629
1289,630
1290,632
1291,634
1292,635
1293,637
1294,638
1295,640
1296,642
1297,643
1298,645
1299,647
1300,648
1301,650
1302,652
1303,653
1304,655
1305,657
1305,658
1306,660
1307,662
1308,663
1309,665
1310,666
1311,668
1311,669
1312,671
1313,672
1314,673
1315,675
1316,676
1316,677
1317,678
1318,680
1319,681
1320,682
1321,683
1322,685
1322,686
1323,688
1324,689
1325,691
1326,693
1327,694
1327,696
1328,698
1329,700
1330,702
1331,704
1331,706
1332,708
1333,710
1334,712
1335,714
1336,716
1336,718
1337,720
1338,722
1339,723
1340,725
1341,727
1341,728
1342,729
1343,731
1344,732
1345,733
1346,734
1347,735
1347,736
1348,737
1349,738
1350,739
1351,740
1352,741
1353,742
1354,743
1355,744
1355,745
1356,746
1357,747
1358,748
1359,750
1360,751
1361,752
1362,754
1363,755
1364,757
1364,758
1365,759
1366,761
1367,762
1368,764
1369,765
1370,767
1371,768
1372,770
1373,771
1374,773
1375,774
1376,775
1376,777
1377,778
1378,779
1379,781
1380,782
1381,783
1382,784
1383,786
1384,787
1385,788
1386,789
1387,791
1388,792
1389,793
1390,795
1391,796
1392,797
1393,798
1394,799
1395,801
1396,802
1397,803
1398,804
1399,806
1400,807
1401,808
1402,809
1403,810
1404,811
1405,813
1406,814
1407,815
1408,816
1409,817
1409,818
1410,820
1411,821
1412,822
1413,824
1414,825
1415,826
1416,827
1417,829
1418,830
1419,832
1420,833
1421,835
1422,837
1423,838
1424,840
1425,842
1426,844
1427,846
1428,848
1429,850
1429,852
1430,853
1431,855
1432,857
1433,858
1434,860
1435,861
1436,863
1437,864
1438,865
1439,866
1440,867
1441,868
1442,869
1443,870
1444,871
1445,872
1446,873
1447,874
1448,874
1449,875
1450,876
1451,876
1452,877
1453,878
1454,878
1455,879
1456,879
1457,880
1458,880
1459,881
1460,881
1461,882
1462,883
1463,883
1464,884
1465,885
1466,886
1467,886
1468,887
1469,888
1470,888
1471,889
1472,889
1473,889
1474,889
1475,890
1476,890
1477,890
1478,890
1479,890
1480,891
1481,891
1482,891
1483,891
1483,892
1484,892
1485,892
1486,893
1487,893
1488,893
1488,894
1489,894
1490,895
1491,895
1491,896
1492,896
1493,897
1493,898
1494,899
1494,899
1495,900
1496,901
1496,903
1496,904
1497,905
1497,907
1498,908
1498,909
1498,911
1498,912
1499,913
1499,914
1499,916
1499,917
1499,918
1499,919
1499,920
1499,921
1499,922
1499,923
1499,924
1499,926
1499,927
1499,928
1499,929
1498,930
1498,931
1498,932
1498,933
1497,934
1497,935
1497,936
1496,938
1496,939
1496,940
1495,941
1495,942
1495,944
1494,945
1494,947
1494,948
1493,950
1493,952
1492,954
1492,956
1491,958
1491,960
1490,962
1490,964
1490,966
1489,968
1489,971
1488,973
1488,975
1487,977
1487,979
1486,982
1486,984
1485,986
1485,987
1484,989
1484,991
1483,993
1483,994
1483,996
1482,997
1482,998
1481,999
1481,999
1481,1000
1480,1000
1480,1000
1480,1000
1479,1000
1479,1000
1479,1000
1478,1000
1478,1000
1478,1000
1477,1000
1477,1000
1477,1001
1476,1001
1476,1002
1475,1003
1475,1004
1475,1006
1474,1007
1474,1009
1473,1011
1473,1012
1472,1015
1472,1017
1471,1019
1471,1021
1471,1023
1470,1026
1470,1028
1469,1030
1469,1032
1469,1034
1468,1036
1468,1038
1468,1040
1468,1042
1467,1043
1467,1045
1467,1046
1467,1048
1467,1049
1467,1050
1467,1051
1467,1052
1467,1053
1468,1054
1468,1055
1468,1056
1469,1057
1469,1057
1470,1058
1470,1059
1471,1060
1471,1061
1472,1062
1473,1063
1473,1064
1474,1066
1475,1067
1476,1068
1476,1069
1477,1071
1478,1072
1479,1073
1480,1074
1481,1075
1482,1076
1483,1077
1484,1077
1485,1078
1486,1078
1487,1078
1488,1078
1489,1078
1490,1077
1491,1077
1493,1076
1494,1075
1495,1074
1496,1074
1497,1072
1498,1071
1500,1070
1501,1069
1502,1068
1503,1066
1504,1065
1506,1064
1507,1062
1508,1061
1509,1060
1510,1059
1511,1058
1512,1057
1514,1056
1515,1055
1516,1054
1517,1053
1518,1052
1519,1052
1520,1051
1521,1050
1522,1049
1523,1048
1524,1047
1525,1046
1526,1044
1528,1043
1529,1041
1530,1040
1531,1038
1532,1036
1533,1034
1534,1032
1536,1030
1537,1028
1538,1026
1539,1024
1540,1022
1541,1021
1542,1019
1544,1017
1545,1016
1546,1014
1547,1013
1548,1012
1549,1011
1550,1010
1551,1009
1552,1008
1553,1007
1554,1006
1554,1005
1555,1004
1556,1003
1557,1003
1558,1002
1559,1001
1560,1000
1561,999
1561,998
1562,998
1563,997
1564,996
1564,996
1565,995
1566,995
1567,995
1567,994
1568,994
1569,994
1570,993
1570,993
1571,993
1572,992
1572,992
1573,991
1574,991
1574,990
1575,990
1576,989
1577,988
1577,987
1578,986
1579,985
1580,984
1580,983
1581,982
1582,981
1583,980
1583,979
1584,979
1585,978
1585,977
1586,977
1587,977
1587,976
1588,976
1588,976
1589,976
1589,976
1590,977
1590,977
1591,977
1591,978
1591,978
1592,978
1592,978
1592,979
1593,979
1593,979
1593,979
1593,979
1594,979
1594,979
1594,979
1594,979
1594,978
1594,978
1594,978
1594,977
1594,977
1594,976
1594,976
1594,976
1593,975
1593,975
1593,975
1592,976
1592,976
1591,976
1590,977
1589,978
1589,979
1588,980
1587,981
1586,982
1585,984
1584,986
1582,988
1581,989
1580,992
1579,994
1578,996
1576,998
1575,1001
1574,1004
1572,1006
1571,1009
1570,1012
1568,1015
1567,1018
1566,1022
1564,1025
1563,1029
1561,1033
1560,1036
1559,1040
1557,1044
1556,1048
1555,1052
1553,1056
1552,1060
1551,1064
1550,1068
1548,1072
1547,1076
1546,1080
1545,1084
1544,1088
1542,1091
1541,1095
1540,1099
1539,1103
1538,1107
1537,1111
1536,1115
1535,1118
1534,1122
1533,1126
1532,1129
1531,1133
1530,1136
1529,1140
1528,1143
1528,1146
1527,1150
1526,1153
1525,1156
1524,1159
1524,1162
1523,1165
1522,1167
1521,1170
1520,1172
1519,1175
1519,1177
1518,1180
1517,1182
1516,1184
1515,1187
1514,1189
1513,1191
1513,1193
1512,1195
1511,1197
1510,1199
1508,1201
1507,1203
1506,1205
1505,1208
1504,1210
1502,1212
1501,1214
1500,1217
1498,1219
1497,1221
1495,1224
1494,1226
1492,1228
1491,1230
1489,1232
1488,1234
1486,1235
1485,1236
1484,1237
1482,1238
1481,1238
1479,1238
1478,1238
1477,1237
1476,1236
1475,1235
1474,1233
1472,1232
1471,1229
1471,1227
1470,1224
1469,1222
1468,1219
1467,1216
1466,1213
1466,1210
1465,1207
1464,1205
1463,1203
1463,1200
1462,1199
1461,1197
1460,1196
1459,1195
1459,1195
1458,1195
1457,1195
1456,1196
1455,1197
1454,1198
1452,1200
1451,1202
1450,1205
1449,1208
1448,1211
1446,1215
1445,1219
1443,1223
1442,1227
1441,1231
1439,1236
1438,1241
1436,1245
1434,1250
1433,1255
1431,1260
1429,1265
1428,1270
1426,1274
1424,1279
1422,1283
1420,1288
1418,1292
1416,1296
1414,1300
1412,1304
1409,1308
1407,1311
1405,1315
1402,1318
1400,1321
1397,1324
1394,1327
1392,1329
1389,1332
1386,1334
1383,1337
1380,1339
1377,1341
1374,1343
1370,1345
1367,1347
1363,1349
1360,1351
1356,1353
1353,1356
1349,1358
1345,1360
1341,1362
1337,1364
1333,1367
1329,1369
1325,1371
1321,1373
1317,1376
1313,1378
1309,1380
1304,1383
1300,1385
1296,1387
1292,1390
1287,1392
1283,1395
1279,1397
1274,1399
1270,1401
1266,1404
1261,1406
1257,1408
1253,1410
1249,1413
1244,1415
1240,1417
1236,1419
1232,1421
1227,1423
1223,1425
1219,1427
1215,1429
1211,1430
1207,1432
1202,1434
1198,1435
1194,1437
1190,1438
1186,1439
1182,1441
1178,1442
1174,1443
1170,1445
1165,1446
1161,1447
1157,1448
1153,1450
1149,1451
1145,1452
1141,1453
1137,1455
1133,1456
1129,1457
1125,1459
1121,1460
1117,1461
1113,1463
1110,1464
1106,1465
1102,1467
1098,1468
1094,1469
1090,1471
1087,1472
1083,1473
1079,1475
1075,1476
1072,1477
1068,1478
1064,1479
1061,1480
1057,1481
1053,1482
1050,1483
1046,1483
1043,1484
1039,1484
1035,1485
1032,1485
1028,1485
1025,1485
1021,1485
1018,1485
1014,1485
1011,1484
1008,1484
1004,1483
1001,1483
998,1482
994,1481
991,1480
988,1479
985,1478
982,1477
979,1476
976,1475
973,1474
970,1473
967,1472
965,1471
962,1470
960,1469
958,1469
955,1468
953,1467
951,1467
949,1466
947,1466
946,1466
944,1465
942,1465
941,1465
939,1464
938,1464
937,1464
935,1463
934,1463
933,1462
932,1462
931,1461
930,1460
929,1460
928,1459
927,1458
926,1457
925,1456
925,1455
924,1454
924,1453
923,1452
923,1451
922,1450
922,1449
922,1449
922,1448
922,1448
923,1447
923,1447
924,1447
924,1447
925,1447
926,1448
927,1448
928,1449
929,1449
930,1450
931,1451
933,1451
934,1452
936,1453
937,1454
939,1455
940,1455
942,1456
943,1457
945,1457
947,1458
948,1458
950,1458
952,1459
953,1459
955,1459
956,1458
958,1458
959,1458
961,1457
962,1457
964,1456
965,1455
966,1454
968,1453
969,1452
971,1451
972,1450
973,1449
974,1448
976,1446
977,1445
978,1443
979,1442
980,1440
981,1438
983,1436
984,1435
985,1433
986,1431
987,1429
988,1427
989,1425
990,1423
991,1421
992,1419
993,1417
993,1415
994,1413
995,1412
996,1410
997,1408
998,1406
999,1404
1000,1402
1000,1400
1001,1398
1002,1397
1003,1395
1004,1393
1004,1391
1005,1389
1006,1388
1006,1386
1007,1384
1008,1382
1008,1380
1009,1379
1010,1377
1010,1375
1011,1373
1011,1371
1012,1369
1012,1367
1013,1365
1013,1363
1014,1361
1014,1359
1015,1357
1015,1355
1015,1353
1016,1351
1016,1349
1017,1347
1017,1344
1017,1342
1017,1340
1018,1337
1018,1334
1018,1332
1018,1329
1019,1326
1019,1323
1019,1321
1019,1318
1020,1315
1020,1312
1020,1309
1020,1307
1021,1304
1021,1302
1022,1299
1022,1297
1023,1295
1023,1293
1024,1291
1024,1289
1025,1287
1025,1285
1026,1284
1027,1282
1027,1280
1028,1279
1029,1277
1029,1276
1030,1275
1031,1273
1031,1272
1032,1271
1033,1269
1034,1268
1034,1267
1035,1265
1036,1264
1037,1263
1037,1261
1038,1260
1039,1258
1039,1257
1040,1255
1041,1254
1041,1252
1042,1251
1043,1250
1044,1248
1044,1247
1045,1246
1046,1245
1047,1244
1047,1243
1048,1242
1049,1241
1050,1240
1050,1239
1051,1238
1052,1238
1053,1237
1053,1236
1054,1235
1055,1234
1055,1233
1056,1232
1056,1231
1057,1230
1057,1228
1058,1226
1058,1224
1058,1222
1058,1220
1058,1218
1058,1215
1058,1213
1058,1210
1057,1207
1057,1204
1057,1200
1056,1197
1055,1193
1055,1189
1054,1186
1053,1182
1052,1178
1051,1173
1050,1169
1049,1165
1047,1161
1046,1157
1045,1153
1044,1149
1042,1145
1041,1141
1039,1137
1038,1133
1037,1130
1035,1126
1034,1123
1032,1120
1031,1116
1029,1113
1028,1110
1027,1107
1025,1104
1024,1102
1022,1099
1021,1096
1020,1093
1018,1090
1017,1087
1016,1084
1014,1081
1013,1078
1012,1075
1010,1072
1009,1069
1008,1066
1007,1062
1006,1059
1004,1056
1003,1052
1002,1049
1001,1046
1000,1042
999,1039
998,1035
997,1032
996,1028
995,1025
994,1021
993,1018
993,1014
992,1011
991,1007
990,1004
989,1000
989,997
988,993
987,989
987,986
986,982
985,979
985,975
984,971
983,968
983,964
982,960
981,957
980,953
980,949
979,945
978,941
977,937
976,934
976,930
975,926
974,922
973,918
972,914
971,910
970,906
969,902
968,898
967,894
966,890
965,886
964,882
962,878
961,874
960,870
959,866
958,862
956,858
955,854
954,850
952,846
951,842
950,838
948,834
947,830
945,825
944,821
943,817
941,813
940,808
938,804
937,800
935,795
934,791
932,787
931,782
929,778
928,774
926,769
925,765
923,760
922,756
921,751
919,747
918,742
916,737
915,733
913,728
912,723
910,719
909,714
908,709
906,704
905,700
904,695
902,690
901,686
900,681
899,676
897,672
896,667
895,663
894,658
893,654
892,650
891,646
890,641
889,637
888,633
887,629
886,625
885,621
885,617
884,613
883,609
882,605
882,601
881,597
880,593
880,589
879,585
878,581
878,577
877,572
876,568
876,563
875,559
874,554
874,550
873,545
872,541
872,536
871,532
870,528
870,523
869,519
868,515
868,510
867,506
866,502
866,498
865,494
864,490
863,486
863,483
862,479
861,475
861,471
860,468
859,464
859,461
858,457
857,453
857,450
856,446
855,443
855,440
854,436
854,433
853,430
853,427
852,424
852,421
852,418
851,415
851,413
851,410
850,408
850,405
850,403
850,401
850,399
849,398
849,396
849,395
849,393
848,392
848,391
848,389
847,388
847,387
846,386
845,385
845,384
844,383
843,383
842,382
841,381
841,381
840,381
839,380
837,380
836,380
835,380
834,381
833,381
832,381
831,382
829,383
828,383
827,384
825,385
824,386
823,387
821,388
820,389
818,390
817,390
815,391
814,392
812,393
810,393
809,394
807,395
805,395
804,396
802,396
800,397
798,397
796,397
795,398
793,398
791,399
789,400
787,400
785,401
784,402
782,403
780,404
778,405
777,406
775,408
773,409
771,411
770,412
768,414
766,415
764,417
762,418
761,420
759,421
757,423
755,424
753,425
752,427
750,428
748,429
746,430
744,431
742,432
740,433
738,433
736,434
734,435
731,436
729,436
727,437
725,438
723,438
721,439
719,440
717,441
715,442
713,443
711,444
709,445
707,446
705,447
703,448
701,450
699,451
697,452
695,453
693,455
692,456
690,458
688,459
687,460
685,462
683,463
682,465
680,467
679,468
678,470
676,472
675,473
674,475
673,477
672,479
671,481
670,482
670,484
669,486
668,489
668,491
667,493
667,495
667,498
667,500
667,503
667,505
667,508
667,510
668,513
668,515
669,518
669,520
670,523
671,525
671,528
672,530
673,533
675,535
676,537
677,540
679,542
680,544
682,546
683,549
685,551
687,553
688,555
690,557
692,559
694,561
697,563
699,565
701,567
703,569
706,571
708,573
711,576
713,578
716,580
718,582
721,584
724,587
726,589
729,591
732,593
735,596
738,598
741,600
743,603
746,605
749,607
752,610
755,612
758,614
761,617
764,619
766,621
769,624
772,626
775,628
778,631
781,633
784,635
787,637
789,640
792,642
795,644
798,646
801,648
803,651
806,653
809,655
812,657
814,659
817,661
820,664
823,666
825,668
828,670
831,672
833,674
836,676
839,679
841,681
844,683
847,685
849,687
852,689
854,691
857,693
859,695
862,697
864,699
867,701
869,703
872,705
874,708
877,710
879,712
882,714
884,716
887,718
889,720
892,721
895,723
897,725
900,727
902,729
905,731
907,733
910,734
913,736
915,738
918,740
921,741
924,743
926,745
929,746
932,748
935,750
938,751
941,753
944,754
947,756
951,757
954,759
957,760
960,762
964,763
967,764
971,765
974,767
978,768
981,769
985,770
988,771
992,772
996,773
999,774
1003,775
1007,776
1011,777
1015,778
1018,779
1022,780
1026,781
1030,782
1033,783
1037,783
1041,785
1044,786
1048,787
1051,788
1054,789
1058,790
1061,791
1064,792
1067,793
1070,794
1072,795
1075,796
1078,797
1080,798
1083,798
1085,799
1087,800
1089,801
1091,802
1093,803
1095,804
1096,805
1098,806
1099,807
1101,807
1102,808
1103,809
1105,810
1106,811
1107,811
1108,812
1109,813
1110,813
1111,813
1112,814
1113,814
1114,814
1114,814
1115,814
1116,814
1116,813
1117,812
1118,812
1118,810
1119,809
1119,808
1120,806
1120,804
1121,802
1121,800
1121,798
1122,795
1122,793
1122,790
1123,787
1123,784
1123,782
1124,779
1124,776
1124,773
1124,771
1124,768
1124,765
1124,762
1124,760
1124,757
1124,754
1124,752
1124,749
1123,747
1123,745
1123,742
1122,740
1122,738
1121,736
1121,733
1120,731
1120,729
1119,727
1118,724
1117,722
1116,720
1115,718
1114,715
1113,713
1112,711
1111,708
1110,706
1108,704
1107,702
1106,699
1104,697
1103,696
1101,694
1100,692
1098,691
1097,689
1095,688
1094,686
1092,685
1090,684
1088,683
1087,682
1085,681
1083,680
1081,680
1079,679
1078,679
1076,678
1074,678
1072,678
1070,678
1068,678
1067,678
1065,679
1063,679
1061,679
1059,680
1058,680
1056,681
1054,681
1052,682
1051,683
1049,683
1047,684
1046,685
1044,686
1042,687
1041,687
1039,688
1037,689
1036,690
1034,692
1033,693
1031,694
1029,695
1028,696
1026,697
1025,699
1023,700
1021,701
1020,702
1018,703
1017,704
1015,705
1014,707
1012,708
1011,709
1009,711
1008,713
1006,714
1005,716
1004,718
1002,720
1001,722
1000,724
998,727
997,729
996,731
994,733
993,735
992,737
991,739
989,741
988,742
987,744
985,745
984,747
982,748
981,749
980,750
978,750
977,751
975,751
974,752
972,752
970,752
969,752
967,752
966,752
964,751
963,751
961,751
959,751
958,751
956,751
955,751
953,751
952,751
950,751
949,752
947,752
946,753
944,754
943,754
942,755
940,756
939,756
937,757
936,758
935,758
933,759
932,760
930,760
929,761
928,761
926,762
925,762
923,763
922,763
921,763
919,764
918,764
916,764
915,764
914,765
912,765
911,765
909,766
908,766
907,766
905,766
904,767
903,767
901,768
900,768
899,768
897,769
896,769
895,770
894,770
893,771
891,771
890,772
889,772
888,773
887,773
886,774
884,774
883,775
882,776
881,776
880,777
879,777
878,778
877,778
876,779
875,779
874,780
874,780
873,781
872,781
871,782
870,782
869,782
868,782
867,783
866,783
866,783
865,783
864,784
863,784
862,784
861,785
861,785
860,785
859,786
858,786
857,786
857,787
856,787
855,787
854,788
853,788
852,788
851,789
851,789
850,789
849,789
848,790
847,790
846,791
846,792
845,793
844,794
844,796
843,797
843,799
842,801
842,804
842,807
842,809
842,812
841,815
841,818
841,821
841,824
840,827
840,830
840,832
839,834
839,836
838,838
837,839
836,840
835,841
834,841
833,841
832,840
831,839
829,838
827,837
826,835
824,833
822,830
820,828
818,825
816,822
814,820
812,817
811,814
809,812
807,809
805,807
803,805
802,803
800,802
798,800
797,799
795,798
794,797
793,797
792,796
790,796
789,796
788,796
787,795
786,795
784,795
783,794
782,794
781,794
780,793
778,793
777,792
776,792
775,791
773,791
772,791
771,790
770,790
769,790
768,789
767,789
765,789
764,789
763,789
762,789
761,789
760,789
759,789
758,789
757,789
756,789
755,790
754,790
753,791
752,791
751,792
750,792
749,793
748,793
747,793
746,794
745,794
745,795
744,795
743,795
742,796
741,796
740,796
739,796
738,796
737,796
736,796
735,796
733,795
732,795
731,795
730,794
729,794
728,793
727,793
726,792
725,791
724,791
723,790
722,790
721,789
720,789
719,788
718,788
717,787
716,787
715,786
714,786
714,785
713,785
712,785
712,784
711,784
711,784
710,784
710,784
709,783
709,783
709,783
709,783
708,783
708,783
708,783
708,783
708,783
708,784
708,784
708,784
708,784
708,784
708,783
708,783
708,783
708,782
707,781
707,780
707,779
707,778
706,777
706,776
705,774
705,773
705,771
704,769
704,767
703,765
702,763
702,761
701,759
701,757
700,755
700,753
699,751
699,750
698,748
698,746
698,745
697,743
697,742
696,740
696,739
696,737
695,736
695,734
695,733
694,731
694,729
693,728
693,726
692,724
692,722
691,719
690,717
690,714
689,712
688,709
687,707
686,704
686,701
685,699
684,696
683,694
683,692
682,689
681,687
680,685
680,683
679,681
679,679
678,678
678,676
677,674
677,673
676,672
676,671
675,669
675,668
674,667
674,666
673,665
673,664
673,663
672,662
672,661
671,660
671,659
670,657
670,656
669,655
669,654
668,653
668,652
667,651
667,649
666,648
666,647
665,646
665,645
664,643
664,642
663,641
663,639
662,638
662,636
661,635
661,633
660,631
659,630
659,628
658,626
657,624
657,622
656,620
655,618
655,617
654,615
653,613
653,611
652,609
651,608
651,606
650,604
649,602
649,600
648,599
648,597
647,595
646,594
646,592
645,590
645,589
644,587
644,586
644,585
643,583
643,582
642,581
642,579
642,578
641,576
641,575
640,574
640,572
640,571
639,569
639,568
638,567
638,565
638,564
637,563
637,562
637,561
637,561
636,560
636,560
636,560
636,560
636,560
636,561
636,561
636,562
636,562
636,563
636,564
636,565
637,567
637,568
637,569
637,571
638,573
638,575
639,577
639,579
639,582
640,584
640,587
641,589
641,592
642,595
642,597
643,600
643,603
643,606
644,609
644,612
644,615
645,618
645,621
645,624
645,627
646,630
646,633
646,636
646,639
646,641
646,644
645,647
645,649
645,651
645,653
644,655
644,657
643,659
643,661
642,662
641,664
641,665
640,666
639,668
638,669
638,670
637,671
636,672
635,674
634,675
634,676
633,678
632,679
632,681
631,682
630,684
630,686
629,688
629,690
628,692
628,694
627,696
627,698
626,700
626,702
625,704
625,706
625,709
624,711
624,713
623,715
623,717
622,719
622,721
621,723
621,725
620,727
620,729
619,731
619,733
618,735
618,737
617,739
617,741
617,742
616,744
616,746
615,748
615,750
615,753
614,755
614,757
614,759
613,761
613,763
613,765
612,767
612,769
612,770
611,772
611,774
610,776
610,777
610,779
609,781
609,782
608,784
608,785
608,787
607,789
607,790
606,792
606,794
606,796
605,797
605,799
605,801
604,803
604,805
603,806
603,808
603,810
602,812
602,814
601,816
601,817
601,819
600,821
600,822
599,824
598,825
598,827
597,828
596,829
596,830
595,831
594,832
593,833
592,834
591,834
590,835
589,835
588,836
587,836
586,837
585,837
584,838
583,838
582,839
581,840
580,840
579,841
579,842
578,843
577,844
576,845
576,846
575,847
574,848
574,849
573,850
573,852
572,853
572,854
571,855
571,856
570,857
570,858
569,859
569,860
568,860
568,861
567,862
567,862
567,862
566,863
566,863
566,863
565,863
565,863
565,863
565,863
565,863
565,863
565,862
565,862
565,862
565,862
565,861
566,861
566,860
566,860
567,859
567,859
568,858
568,858
569,857
570,857
571,856
571,855
572,855
573,854
574,853
574,853
575,852
576,851
577,851
578,850
579,849
580,849
581,848
582,847
583,847
584,846
585,845
586,845
587,844
588,843
589,842
590,841
591,841
592,840
593,839
594,838
595,837
596,836
597,835
598,834
599,833
600,831
601,830
602,829
603,828
604,826
605,825
606,824
607,823
608,821
609,820
610,819
610,817
611,816
612,815
613,813
614,812
615,810
616,809
617,807
618,806
619,804
620,803
620,801
621,800
622,798
623,797
624,795
624,794
625,792
626,791
627,789
627,788
628,787
629,786
630,785
630,784
631,783
632,783
633,783
634,782
634,782
635,783
636,783
637,783
638,784
639,784
640,785
640,786
641,787
642,788
643,789
643,790
644,791
645,792
645,793
646,794
647,795
647,796
648,797
648,798
648,799
649,800
649,801
650,802
650,803
651,805
652,807
653,809
654,811
655,814
657,817
658,821
660,825
662,830
664,836
667,842
669,848
672,854
675,861
678,868
681,874
683,881
686,887
688,893
691,898
693,903
695,907
696,910
697,913
698,915
699,916
699,917
699,916
698,915
698,913
696,911
695,907
693,903
691,899
689,894
686,889
684,883
681,878
678,872
675,866
672,860
668,855
665,849
663,845
660,840
657,837
654,833
652,831
650,828
647,827
645,825
643,825
642,824
640,824
638,825
637,825
635,826
634,827
633,829
631,830
630,831
629,833
628,835
627,837
626,839
625,841
624,843
623,846
622,848
621,851
621,853
620,856
619,858
619,861
618,863
617,865
616,867
615,869
614,871
613,872
612,873
611,874
610,875
609,875
607,876
606,876
604,875
603,875
601,875
600,874
598,873
597,873
595,872
593,871
592,871
590,870
589,870
587,870
586,869
584,869
583,870
582,870
580,870
579,871
578,872
577,873
576,874
574,876
573,877
572,878
570,880
569,881
567,883
565,884
563,885
561,887
559,888
557,889
554,890
551,891
549,892
546,893
542,893
539,894
535,894
531,895
527,895
523,895
519,895
514,895
510,894
505,894
500,893
495,893
490,892
484,891
479,890
473,889
468,888
462,886
456,884
450,883
444,881
438,878
432,876
425,874
419,871
413,869
407,866
401,864
394,861
388,858
382,855
376,853
370,850
365,847
359,844
353,842
348,839
343,837
338,834
333,832
328,830
323,828
319,826
314,825
310,823
306,822
303,820
299,819
296,818
292,817
289,817
286,816
283,815
281,815
278,814
275,814
273,813
271,813
268,812
266,812
264,811
262,811
259,810
257,809
255,808
252,807
250,805
247,803
244,801
241,799
238,796
234,793
231,790
227,786
223,782
219,779
215,775
211,771
207,767
203,763
199,760
195,757
191,754
188,751
185,749
182,747
179,746
177,745
175,744
173,745
172,745
171,746
171,748
170,750
170,752
171,755
171,758
172,762
173,765
175,769
176,773
178,777
179,781
181,785
183,789
185,793
187,796
189,799
190,802
192,805
194,807
195,809
196,811
198,812
199,813
200,813
201,814
202,814
203,814
203,814
204,813
205,813
206,813
207,812
208,811
209,811
210,810
211,809
212,808
213,807
213,806
214,805
215,804
216,803
217,801
218,800
219,798
219,797
220,795
221,794
222,792
224,791
225,790
226,789
228,788
230,788
232,788
234,788
237,789
239,790
242,791
245,793
249,795
252,797
256,800
260,803
265,807
269,811
273,815
278,819
283,823
287,827
292,831
296,835
301,839
305,842
309,845
313,848
317,850
320,852
323,853
326,853
329,853
331,852
333,851
335,849
336,847
337,844
338,841
339,838
340,834
341,830
342,826
342,822
343,818
344,814
345,810
346,806
347,802
348,799
349,796
351,793
352,790
354,788
356,785
358,784
361,782
363,781
366,780
368,779
371,779
374,779
377,778
380,778
383,778
386,777
389,777
391,777
394,776
397,776
400,776
403,775
405,775
408,774
411,774
414,773
417,773
419,772
422,772
425,772
428,772
431,772
434,772
437,772
440,772
443,772
446,772
449,772
452,772
455,773
458,773
461,773
464,773
467,773
470,774
473,774
476,774
479,774
481,774
484,775
487,775
490,775
493,775
496,775
499,775
502,775
504,776
507,776
510,776
513,776
515,776
518,777
521,777
524,777
526,778
529,778
532,779
535,779
537,780
540,781
542,781
545,782
548,783
550,783
553,784
555,785
557,786
560,787
562,788
565,789
567,790
569,791
571,792
574,793
576,794
578,795
581,796
583,797
585,798
587,799
590,799
592,800
594,800
596,801
598,801
600,801
602,801
604,800
606,800
608,799
610,798
611,797
613,795
615,794
617,792
618,790
620,788
621,786
623,784
624,782
626,779
627,777
629,774
630,771
632,769
633,766
634,763
636,761
637,758
639,756
640,753
642,751
643,749
645,747
647,745
648,743
650,741
652,739
654,738
655,736
657,734
659,732
660,730
662,729
664,727
666,725
667,723
669,720
671,718
672,716
674,714
676,711
677,709
679,706
681,704
682,701
684,698
686,695
688,693
689,690
691,687
693,683
694,680
696,677
698,673
699,670
701,666
703,662
704,658
706,655
708,651
709,647
711,643
713,640
715,636
716,633
718,629
720,625
722,622
724,619
726,616
728,613
730,610
732,608
734,606
736,604
739,602
741,601
743,600
746,599
748,597
751,596
753,595
756,594
758,593
760,592
763,591
765,589
767,587
769,585
771,583
773,580
775,577
777,574
778,571
780,567
781,563
783,559
784,555
785,550
787,545
788,540
789,535
790,530
791,525
792,520
793,515
794,509
795,504
796,499
797,494
799,490
800,485
801,481
803,477
804,473
806,469
807,466
809,463
811,459
812,456
814,453
816,450
818,447
820,444
822,440
823,437
825,434
827,430
829,427
831,423
833,419
835,416
837,412
840,408
842,405
844,401
846,397
848,394
851,390
853,386
855,382
858,378
860,375
862,371
865,367
867,363
870,359
872,355
875,351
878,347
880,343
883,339
886,335
888,332
891,328
894,324
897,320
899,316
902,312
905,307
908,303
911,299
914,295
917,291
920,286
923,282
927,278
930,274
933,270
936,265
939,261
943,257
946,253
949,250
952,246
956,243
959,239
963,236
966,234
969,231
973,229
976,227
980,225
983,224
986,222
990,221
993,220
996,220
1000,219
1003,219
1006,219
1009,219
1012,219
1014,219
1017,219
1020,220
1022,220
1024,221
1027,222
1029,222
1031,223
1033,224
1034,225
1036,225
1037,226
1039,227
1040,227
1041,228
1042,228
1043,229
1044,229
1045,230
1045,230
1046,231
1047,231
1047,232
1048,232
1048,232
1048,232
1049,232
1049,232
1049,232
1050,231
1050,230
1050,230
1050,229
1050,228
1050,226
1050,225
1050,224
1051,223
1051,222
1051,221
1050,219
1050,218
1050,217
1050,216
1050,216
1050,215
1050,214
1049,214
1049,213
1049,213
1049,213
1048,213
1048,213
1047,213
1047,213
1047,213
1046,214
1046,214
1045,215
1044,215
1044,216
1043,216
1042,217
1042,217
1041,218
1040,218
1040,218
1039,218
1038,218
1037,218
1036,218
1035,217
1035,217
1034,216
1033,215
1032,214
1031,214
1030,213
1029,212
1028,211
1028,210
1027,209
1026,208
1025,207
1025,206
1024,205
1023,204
1022,203
1022,203
1021,202
1020,201
1020,200
1019,200
1018,199
1018,198
1017,198
1016,197
1016,196
1015,196
1015,195
1014,194
1014,194
1013,193
1012,193
1012,193
1011,192
1011,192
1010,191
1010,191
1009,191
1009,190
1008,190
1008,190
1007,190
1007,189
1006,189
1006,189
1005,189
1005,189
1004,189
1004,189
1003,189
1003,190
1002,190
1002,190
1001,191
1001,191
1000,192
1000,193
999,193
999,194
998,195
998,196
997,197
997,198
996,199
996,200
995,202
995,203
994,204
994,206
993,207
993,209
992,211
992,212
992,214
991,216
991,219
991,221
990,223
990,225
990,227
989,229
989,232
989,234
988,236
988,238
988,241
987,243
987,245
987,247
987,249
986,252
986,254
986,256
986,258
986,260
985,262
985,264
985,266
985,268
985,270
985,272
985,273
984,275
984,277
984,278
984,280
984,281
984,283
984,284
984,285
985,286
985,287
985,288
985,289
985,290
985,291
986,292
986,293
986,294
987,295
987,296
988,297
988,298
989,299
990,300
990,301
991,302
992,303
993,305
994,306
995,308
996,309
997,311
998,313
1000,314
1001,316
1002,318
1004,319
1005,321
1006,323
1008,324
1010,326
1011,328
1013,330
1015,331
1016,333
1018,335
1020,337
1022,339
1023,341
1025,343
1027,345
1029,347
1031,349
1033,352
1035,354
1037,356
1039,358
1040,361
1042,363
1044,365
1046,367
1048,370
1050,372
1052,374
1054,377
1056,379
1058,382
1060,384
1062,386
1064,388
1066,391
1068,393
1069,395
1071,397
1073,399
1075,401
1077,403
1079,405
1081,407
1083,409
1085,411
1087,413
1089,415
1091,418
1093,420
1095,423
1097,425
1099,428
1101,430
1103,433
1105,435
1107,438
1109,441
1111,443
1113,446
1115,448
1117,450
1119,453
1121,455
1123,457
1124,459
1126,461
1128,463
1130,465
1132,467
1134,468
1135,470
1137,471
1139,473
1141,474
1142,475
1144,477
1146,478
1147,479
1149,480
1151,481
1152,482
1154,483
1155,485
1157,486
1159,487
1160,488
1162,489
1163,490
1165,491
1166,492
1168,493
1169,494
1171,495
1172,496
1174,497
1176,498
1177,498
1179,499
1180,500
1182,501
1183,502
1185,502
1186,503
1187,504
1189,505
1190,506
1192,507
1193,508
1195,509
1196,510
1198,511
1199,512
1201,513
1202,515
1204,516
1205,517
1206,518
1208,519
1209,521
1211,522
1212,523
1213,524
1215,526
1216,527
1218,528
1219,530
1220,531
1222,532
1223,534
1224,535
1226,536
1227,537
1228,539
1230,540
1231,542
1232,543
1233,544
1234,546
1236,547
1237,549
1238,550
1239,552
1240,553
1241,555
1242,557
1243,558
1244,560
1246,562
1247,563
1248,565
1249,567
1250,568
1251,570
1252,571
1252,573
1253,574
1254,576
1255,578
1256,579
1257,581
1258,582
1258,584
1259,586
1260,588
1261,589
1261,591
1262,593
1262,595
1263,597
1263,599
1264,601
1264,603
1265,605
1265,607
1266,609
1266,611
1266,613
1266,615
1267,617
1267,619
1267,620
1267,622
1267,623
1267,625
1267,626
1267,628
1267,629
1267,630
1267,632
1267,633
1267,634
1267,635
1267,636
1267,638
1267,639
1266,640
1266,641
1266,643
1266,644
1265,646
1265,647
1265,648
1264,650
1264,652
1264,653
1263,655
1263,657
1263,659
1262,660
1262,662
1262,664
1261,666
1261,667
1260,669
1260,670
1260,672
1259,674
1259,675
1258,677
1258,678
1257,680
1257,681
1257,683
1256,684
1256,686
1255,687
1255,689
1255,690
1254,692
1254,693
1253,695
1253,697
1253,698
1252,700
1252,702
1251,704
1251,705
1251,707
1250,709
1250,711
1249,713
1249,715
1248,717
1248,719
1248,721
1247,723
1247,725
1246,727
1246,729
1246,731
1245,733
1245,734
1245,736
1244,738
1244,740
1243,742
1243,743
1243,745
1242,747
1242,748
1242,750
1241,751
1241,753
1240,754
1240,756
1240,757
1239,758
1239,760
1239,761
1238,762
1238,763
1237,765
1237,766
1237,767
1236,768
1236,769
1235,771
1235,772
1235,773
1234,774
1234,776
1234,777
1233,778
1233,779
1233,780
1232,782
1232,783
1232,784
1231,785
1231,787
1231,788
1230,789
1230,790
1230,792
1229,793
1229,794
1229,795
1228,796
1228,797
1227,799
1227,800
1227,801
1226,802
1225,803
1225,804
1224,805
1224,806
1223,806
1223,807
1222,808
1221,809
1220,810
1220,811
1219,812
1218,813
1217,814
1217,815
1216,816
1215,818
1214,819
1213,820
1213,821
1212,822
1211,824
1210,825
1209,826
1208,827
1207,828
1207,828
1206,829
1205,830
1204,831
1203,831
1202,832
1201,833
1200,833
1200,834
1199,835
1198,835
1197,836
1196,836
1195,837
1194,838
1193,838
1193,839
1192,840
1191,840
1190,841
1189,842
1188,843
1188,843
1187,844
1186,845
1185,845
1184,846
1184,847
1183,848
1182,848
1181,849
1181,850
1180,850
1179,851
1178,852
1178,852
1177,852
1176,853
1175,853
1175,854
1174,854
1173,854
1173,855
1172,855
1171,856
1171,856
1170,857
1169,858
1169,859
1168,859
1167,860
1167,861
1166,862
1165,863
1165,864
1164,865
1164,865
1163,866
1162,867
1162,867
1161,868
1160,868
1160,869
1159,869
1158,870
1158,870
1157,870
1156,871
1156,871
1155,871
1154,872
1154,872
1153,873
1152,873
1152,874
1151,874
1150,875
1150,876
1149,876
1149,877
1148,878
1147,879
1147,880
1146,881
1146,882
1145,883
1145,884
1144,885
1144,886
1143,887
1143,888
1142,889
1142,890
1141,891
1140,892
1140,892
1139,893
1139,894
1138,895
1138,896
1138,897
1137,898
1137,899
1136,900
1136,902
1135,903
1135,904
1135,906
1134,907
1134,909
1133,911
1133,912
1133,914
1132,916
1132,917
1132,919
1131,920
1131,922
1131,923
1130,924
1130,925
1129,926
1129,927
1129,928
1128,929
1128,929
1127,930
1127,930
1127,930
1126,930
1126,930
1125,930
1125,930
1124,930
1124,930
1123,929
1123,929
1122,929
1122,929
1121,929
1121,929
1121,929
1120,929
1120,930
1120,930
1119,931
1119,932
1119,932
1119,933
1118,934
1118,935
1118,936
1118,937
1118,938
1118,939
1118,940
1118,941
1118,942
1118,942
1118,943
1118,944
1118,944
1118,945
1118,945
1118,946
1119,946
1119,946
1119,946
1119,946
1120,946
1120,946
1120,946
1121,947
1121,947
1122,947
1122,948
1123,948
1124,949
1124,950
1125,950
1126,951
1126,953
1127,954
1128,955
1128,956
1129,958
1130,959
1131,960
1132,962
1132,963
1133,965
1134,966
1135,968
1135,969
1136,970
1137,971
1138,972
1138,973
1139,973
1140,974
1140,974
1141,974
1141,974
1142,974
1142,974
1143,973
1143,972
1144,972
1144,971
1145,970
1145,969
1146,968
1146,967
1146,967
1147,966
1147,965
1147,965
1148,964
1148,964
1148,963
1148,963
1149,963
1149,963
1149,963
1149,963
1149,962
1149,962
1149,962
1149,962
1149,962
1149,962
1149,962
1149,961
1149,961
1148,961
1148,960
1148,959
1148,958
1147,957
1147,955
1146,953
1146,952
1145,950
1145,947
1144,945
1144,943
1143,941
1143,938
1142,936
1141,934
1141,932
1140,930
1140,928
1139,926
1139,924
1138,922
1137,920
1137,918
1136,917
1136,915
1135,914
1135,912
1134,910
1133,909
1133,907
1132,905
1131,903
1131,902
1130,900
1129,898
1129,896
1128,894
1127,892
1127,890
1126,888
1125,886
1124,884
1124,882
1123,880
1122,878
1121,875
1120,873
1120,871
1119,869
1118,867
1117,865
1116,863
1116,861
1115,859
1114,858
1113,856
1112,854
1112,852
1111,850
1110,849
1109,847
1108,845
1107,844
1106,842
1105,840
1104,838
1103,837
1102,835
1101,833
1101,831
1099,830
1098,828
1097,826
1096,825
1095,823
1094,822
1093,820
1092,819
1091,817
1090,816
1089,815
1087,814
1086,812
1085,811
1084,810
1082,809
1081,807
1080,806
1078,805
1077,804
1076,802
1074,801
1073,800
1071,798
1070,797
1068,796
1066,794
1065,793
1063,792
1061,790
1060,789
1058,788
1056,787
1054,785
1053,784
1051,783
1049,782
1047,781
1045,780
1043,779
1042,778
1040,777
1038,777
1036,776
1034,775
1032,774
1030,774
1029,773
1027,772
1025,772
1023,771
1021,771
1019,770
1017,770
1015,769
1014,769
1012,768
1010,767
1008,767
1006,766
1004,765
1002,764
999,764
997,763
995,762
993,761
991,760
989,759
986,758
984,757
982,756
979,755
977,754
974,753
972,751
969,750
967,749
964,748
962,747
959,746
957,745
954,743
952,742
949,741
947,740
944,739
941,738
939,737
936,736
933,735
931,734
928,733
925,732
923,731
920,730
917,728
915,727
912,726
909,725
907,724
904,723
901,722
899,721
896,720
894,720
891,719
889,718
887,717
885,717
882,716
880,716
878,716
876,715
875,715
873,715
871,715
870,715
868,715
867,715
866,716
865,716
864,716
863,717
862,717
861,717
860,717
860,717
859,717
858,717
857,716
857,716
856,715
855,713
854,712
853,710
852,708
851,705
850,703
848,700
847,697
845,693
843,690
842,686
840,682
837,677
835,673
833,668
830,663
828,659
825,654
822,649
819,644
816,639
813,633
809,628
806,623
802,618
799,614
795,609
791,604
787,599
784,595
780,590
776,585
772,581
768,576
763,572
759,568
755,563
751,559
746,554
742,550
737,546
733,541
728,537
724,533
719,529
715,525
710,521
705,517
701,513
696,509
691,505
686,501
681,498
677,494
672,491
667,487
662,484
657,481
652,478
647,475
642,472
638,469
633,466
628,463
623,460
618,457
613,454
608,452
603,449
598,447
594,444
589,442
584,440
580,438
575,436
571,434
567,432
562,431
558,429
554,428
550,427
546,426
542,425
539,424
535,424
532,424
528,424
525,424
522,424
519,424
516,424
514,425
511,425
509,426
507,426
505,427
503,428
502,428
500,429
499,429
498,430
497,430
497,430
497,430
496,430
