1988,559
1988,560
1988,560
1987,560
1986,561
1986,562
1985,562
1984,563
1983,564
1981,565
1980,566
1979,567
1978,568
1976,569
1975,570
1974,571
1972,572
1971,573
1970,574
1969,575
1968,576
1967,577
1966,578
1965,579
1964,580
1963,581
1963,582
1962,583
1962,584
1961,585
1961,586
1961,587
1960,588
1960,590
1960,591
1960,593
1960,594
1960,596
1960,598
1960,599
1960,601
1960,603
1960,605
1960,607
1961,609
1961,611
1961,612
1961,614
1962,616
1962,618
1963,620
1963,621
1963,623
1964,624
1965,626
1965,627
1966,628
1966,629
1967,630
1968,631
1969,632
1969,633
1970,634
1971,635
1972,636
1973,636
1974,637
1975,638
1975,639
1976,639
1977,640
1978,641
1979,642
1980,642
1981,643
1982,644
1983,645
1983,646
1984,647
1985,648
1986,649
1987,650
1987,651
1988,652
1989,653
1990,655
1990,656
1991,657
1992,659
1992,660
1993,662
1994,663
1994,665
1995,666
1996,668
1996,670
1997,671
1998,673
1998,675
1999,676
1999,678
2000,680
2001,682
2001,683
2002,685
2003,687
2003,689
2004,691
2004,693
2005,695
2006,697
2006,699
2007,700
2008,702
2008,704
2009,706
2010,707
2011,709
2012,710
2012,712
2013,713
2014,715
2015,716
2016,718
2017,719
2018,720
2019,721
2020,723
2021,724
2022,725
2024,726
2025,727
2026,728
2027,729
2028,730
2030,731
2031,732
2032,733
2033,734
2035,735
2036,736
2037,737
2039,738
2040,739
2041,740
2042,741
2044,743
2045,744
2046,745
2047,747
2049,748
2050,750
2051,751
2052,753
2053,754
2054,756
2055,757
2056,759
2058,761
2059,762
2060,764
2061,765
2062,767
2063,769
2064,770
2065,772
2066,773
2067,775
2068,776
2069,778
2070,779
2071,781
2072,782
2072,783
2073,785
2074,786
2075,787
2076,788
2077,789
2078,790
2079,791
2080,792
2081,793
2082,794
2083,795
2084,796
2085,797
2086,798
2086,799
2087,800
2088,802
2088,803
2089,804
2089,806
2090,808
2090,809
2091,811
2091,813
2091,814
2092,816
2092,818
2092,820
2092,822
2093,824
2093,826
2093,828
2093,830
2093,832
2093,834
2093,836
2093,838
2093,840
2092,842
2092,845
2092,847
2091,849
2091,852
2091,854
2090,856
2090,859
2089,861
2088,863
2088,865
2087,867
2087,870
2086,871
2086,873
2085,875
2084,877
2084,878
2083,880
2083,881
2082,883
2081,884
2081,886
2080,887
2079,888
2079,890
2078,891
2077,892
2077,893
2076,895
2075,896
2074,897
2073,898
2072,900
2071,901
2070,902
2069,903
2068,905
2067,906
2066,907
2065,909
2063,910
2062,911
2061,913
2059,914
2058,916
2056,917
2055,919
2053,920
2052,921
2050,923
2049,924
2047,925
2046,926
2044,927
2043,928
2041,929
2040,929
2038,930
2037,931
2035,931
2034,932
2032,933
2031,933
2029,934
2027,935
2026,936
2024,936
2022,937
2021,938
2019,939
2017,939
2015,940
2014,941
2012,942
2010,943
2008,944
2006,944
2004,945
2003,946
2001,947
1999,948
1997,949
1995,950
1993,951
1991,952
1989,953
1987,954
1985,955
1983,956
1981,957
1980,958
1978,959
1976,960
1974,961
1972,962
1970,963
1968,963
1966,964
1965,965
1963,966
1961,966
1959,967
1957,968
1955,968
1954,969
1952,969
1950,970
1948,970
1946,971
1945,971
1943,972
1941,973
1939,973
1937,974
1936,974
1934,975
1932,976
1930,977
1928,978
1926,979
1924,980
1922,981
1920,982
1918,983
1916,984
1914,985
1912,986
1910,988
1908,989
1906,990
1904,991
1902,993
1900,994
1898,995
1896,996
1894,997
1892,999
1890,1000
1888,1001
1886,1002
1884,1002
1882,1003
1880,1004
1879,1005
1877,1005
1875,1006
1873,1006
1872,1007
1870,1007
1868,1007
1866,1008
1865,1008
1863,1008
1861,1009
1859,1009
1858,1010
1856,1011
1854,1011
1852,1012
1850,1013
1848,1014
1847,1015
1845,1016
1843,1017
1841,1018
1839,1019
1837,1020
1835,1020
1833,1021
1832,1022
1830,1022
1828,1023
1826,1023
1825,1024
1823,1024
1821,1024
1819,1024
1818,1024
1816,1025
1815,1025
1813,1024
1811,1024
1810,1024
1808,1024
1807,1024
1805,1024
1804,1024
1802,1024
1801,1024
1799,1024
1797,1024
1796,1024
1794,1024
1792,1024
1791,1024
1789,1024
1787,1025
1786,1025
1784,1025
1782,1026
1781,1026
1779,1026
1777,1027
1775,1027
1774,1028
1772,1028
1770,1028
1769,1029
1767,1029
1765,1029
1763,1030
1762,1030
1760,1031
1758,1031
1756,1032
1755,1032
1753,1033
1751,1033
1749,1034
1748,1035
1746,1035
1744,1036
1742,1037
1740,1038
1739,1038
1737,1039
1735,1040
1733,1040
1732,1041
1730,1041
1728,1042
1727,1042
1725,1042
1723,1042
1722,1043
1720,1043
1719,1042
1717,1042
1716,1042
1714,1042
1713,1042
1711,1041
1710,1041
1709,1041
1707,1040
1706,1040
1704,1040
1703,1039
1702,1039
1700,1039
1699,1038
1697,1038
1696,1038
1695,1037
1693,1037
1692,1037
1691,1037
1689,1036
1688,1036
1687,1036
1685,1036
1684,1035
1683,1035
1682,1035
1680,1035
1679,1034
1678,1034
1677,1034
1675,1034
1674,1033
1673,1033
1672,1033
1670,1033
1669,1033
1668,1033
1667,1032
1665,1032
1664,1032
1663,1032
1662,1032
1661,1032
1659,1032
1658,1032
1657,1032
1656,1032
1655,1033
1653,1033
1652,1033
1651,1033
1650,1033
1649,1033
1648,1033
1647,1033
1646,1033
1645,1033
1643,1033
1642,1033
1641,1033
1640,1033
1639,1033
1638,1033
1637,1033
1636,1033
1635,1033
1634,1033
1633,1033
1632,1033
1631,1033
1630,1033
1629,1033
1628,1033
1627,1034
1626,1034
1625,1034
1624,1034
1622,1035
1621,1035
1620,1035
1619,1035
1618,1036
1617,1036
1616,1036
1615,1036
1614,1036
1613,1037
1612,1037
1611,1037
1610,1037
1609,1037
1608,1038
1607,1038
1606,1038
1605,1038
1604,1038
1603,1038
1602,1038
1601,1038
1600,1039
1599,1039
1598,1039
1597,1039
1596,1039
1595,1039
1594,1040
1593,1040
1592,1040
1591,1040
1590,1041
1589,1041
1588,1041
1587,1041
1586,1042
1586,1042
1585,1042
1584,1042
1583,1043
1582,1043
1581,1043
1580,1044
1579,1044
1578,1044
1578,1045
1577,1045
1576,1046
1575,1046
1574,1047
1574,1047
1573,1048
1572,1049
1572,1050
1571,1051
1570,1052
1570,1053
1569,1054
1568,1055
1568,1056
1567,1057
1567,1058
1566,1059
1566,1060
1565,1061
1565,1062
1564,1064
1564,1065
1564,1066
1563,1067
1563,1068
1563,1070
1563,1071
1562,1072
1562,1074
1562,1075
1562,1076
1562,1078
1561,1079
1561,1081
1561,1082
1561,1084
1561,1086
1560,1088
1560,1089
1560,1091
1560,1093
1559,1095
1559,1097
1559,1099
1558,1101
1558,1103
1558,1105
1557,1107
1557,1109
1557,1111
1557,1112
1556,1114
1556,1115
1556,1116
1555,1117
1555,1118
1555,1119
1554,1120
1554,1121
1553,1122
1553,1123
1553,1124
1552,1124
1552,1125
1551,1126
1551,1127
1550,1127
1550,1128
1549,1129
1549,1129
1548,1130
1547,1131
1547,1131
1546,1132
1545,1133
1544,1134
1544,1135
1543,1135
1542,1136
1541,1137
1540,1137
1539,1138
1538,1139
1537,1139
1536,1140
1535,1140
1534,1140
1533,1140
1532,1140
1532,1140
1531,1140
1530,1140
1529,1140
1528,1139
1527,1139
1526,1138
1525,1138
1524,1137
1523,1137
1523,1136
1522,1136
1521,1135
1520,1135
1519,1135
1518,1134
1518,1134
1517,1134
1516,1133
1515,1133
1515,1133
1514,1133
1513,1132
1513,1132
1512,1132
1511,1131
1511,1131
1510,1130
1509,1130
1509,1129
1508,1129
1508,1128
1507,1127
1507,1126
1506,1125
1506,1124
1505,1123
1505,1122
1505,1120
1504,1119
1504,1118
1503,1116
1503,1114
1503,1113
1502,1111
1502,1109
1502,1108
1502,1106
1501,1105
1501,1103
1501,1102
1500,1100
1500,1099
1500,1098
1499,1096
1499,1095
1499,1094
1498,1093
1498,1092
1498,1091
1497,1090
1497,1089
1497,1088
1496,1088
1496,1087
1495,1086
1495,1086
1494,1086
1494,1086
1493,1085
1493,1085
1492,1085
1491,1085
1491,1086
1490,1086
1489,1086
1488,1087
1488,1087
1487,1088
1486,1088
1485,1089
1484,1090
1483,1090
1482,1091
1481,1091
1481,1092
1480,1092
1479,1093
1478,1093
1477,1093
1476,1093
1475,1093
1474,1093
1473,1093
1472,1093
1472,1092
1471,1092
1470,1091
1469,1091
1468,1090
1467,1089
1466,1088
1466,1087
1465,1087
1464,1086
1463,1085
1462,1084
1462,1083
1461,1082
1460,1081
1459,1080
1459,1079
1458,1078
1457,1076
1457,1075
1456,1074
1455,1073
1455,1071
1454,1070
1454,1068
1453,1066
1452,1065
1452,1063
1451,1061
1451,1059
1450,1057
1450,1055
1449,1053
1449,1051
1449,1049
1448,1047
1448,1044
1447,1042
1447,1040
1446,1038
1446,1036
1446,1034
1445,1032
1445,1030
1444,1028
1444,1027
1443,1025
1443,1023
1443,1022
1442,1020
1442,1019
1441,1017
1441,1015
1441,1014
1440,1012
1440,1010
1440,1009
1439,1007
1439,1005
1439,1004
1439,1002
1438,1000
1438,998
1438,996
1438,994
1438,993
1437,991
1437,989
1437,987
1437,985
1437,983
1437,981
1437,979
1437,977
1436,975
1436,973
1436,971
1436,969
1436,967
1436,965
1436,963
1436,961
1436,959
1436,958
1436,956
1436,954
1436,953
1437,952
1437,950
1437,949
1437,948
1437,947
1437,945
1437,944
1437,943
1437,943
1438,942
1438,941
1438,940
1438,940
1438,940
1439,939
1439,939
1439,939
1440,939
1440,939
1440,939
1441,939
1441,940
1441,940
1442,940
1442,940
1443,940
1443,940
1443,940
1444,940
1444,940
1445,939
1445,939
1446,939
1446,940
1446,940
1447,940
1447,941
1448,942
1448,943
1448,944
1449,945
1449,947
1449,949
1449,951
1450,954
1450,957
1450,959
1450,963
1450,966
1450,969
1450,973
1450,977
1450,981
1450,985
1450,989
1450,994
1450,998
1450,1002
1449,1007
1449,1011
1449,1015
1449,1019
1449,1023
1448,1027
1448,1031
1448,1035
1447,1039
1447,1042
1447,1046
1446,1049
1446,1052
1446,1056
1445,1059
1445,1062
1444,1066
1444,1069
1443,1073
1443,1076
1442,1080
1442,1083
1441,1087
1440,1091
1440,1094
1439,1098
1438,1102
1437,1105
1437,1109
1436,1113
1435,1116
1434,1120
1433,1123
1432,1127
1432,1130
1431,1133
1430,1136
1429,1140
1428,1143
1427,1146
1426,1149
1425,1152
1424,1155
1423,1158
1422,1161
1421,1164
1419,1167
1418,1170
1417,1173
1416,1176
1415,1179
1414,1183
1413,1186
1412,1189
1411,1192
1409,1195
1408,1199
1407,1202
1406,1205
1405,1208
1404,1212
1403,1215
1401,1219
1400,1222
1399,1225
1398,1229
1397,1232
1396,1235
1395,1239
1394,1242
1393,1245
1392,1249
1391,1252
1390,1255
1389,1259
1388,1262
1388,1265
1387,1269
1386,1272
1385,1275
1385,1279
1384,1282
1383,1285
1383,1289
1382,1292
1382,1296
1381,1299
1381,1302
1380,1306
1380,1309
1380,1312
1379,1315
1379,1319
1379,1322
1378,1325
1378,1328
1378,1331
1377,1334
1377,1337
1377,1340
1377,1343
1377,1346
1377,1349
1376,1352
1376,1355
1376,1358
1376,1361
1376,1364
1376,1367
1376,1370
1376,1372
1375,1375
1375,1377
1375,1380
1375,1382
1375,1385
1375,1387
1375,1389
1375,1391
1375,1393
1375,1395
1375,1396
1375,1398
1375,1399
1375,1401
1375,1402
1374,1403
1374,1405
1374,1406
1374,1407
1374,1408
1374,1409
1374,1410
1374,1411
1373,1412
1373,1413
1373,1414
1373,1415
1373,1416
1372,1417
1372,1418
1372,1419
1372,1420
1372,1421
1371,1422
1371,1423
1371,1424
1370,1425
1370,1426
1370,1427
1369,1427
1369,1428
1369,1429
1368,1429
1368,1430
1367,1431
1367,1431
1366,1431
1366,1432
1365,1432
1364,1432
1364,1432
1363,1433
1362,1433
1362,1433
1361,1433
1360,1434
1359,1434
1358,1434
1357,1435
1356,1435
1356,1436
1355,1436
1354,1437
1353,1437
1352,1437
1351,1438
1350,1438
1349,1439
1348,1439
1347,1439
1346,1440
1345,1440
1344,1440
1343,1440
1342,1440
1341,1440
1341,1439
1340,1439
1339,1438
1338,1437
1338,1436
1337,1435
1337,1434
1336,1433
1336,1431
1335,1430
1335,1428
1335,1426
1334,1424
1334,1422
1334,1420
1334,1418
1334,1415
1334,1413
1334,1411
1334,1409
1334,1407
1334,1404
1334,1402
1334,1400
1334,1398
1334,1396
1334,1394
1334,1392
1334,1391
1334,1389
1335,1387
1335,1385
1335,1384
1335,1382
1335,1380
1335,1378
1335,1377
1335,1375
1335,1373
1335,1371
1334,1369
1334,1367
1334,1365
1334,1363
1334,1361
1334,1359
1334,1356
1333,1354
1333,1351
1333,1348
1333,1345
1332,1343
1332,1340
1332,1337
1331,1334
1331,1330
1331,1327
1331,1324
1330,1321
1330,1318
1330,1315
1329,1312
1329,1309
1329,1306
1329,1303
1328,1301
1328,1298
1328,1295
1328,1292
1328,1289
1327,1286
1327,1283
1327,1281
1327,1278
1327,1275
1326,1272
1326,1269
1326,1267
1326,1264
1326,1261
1326,1258
1325,1255
1325,1252
1325,1249
1325,1247
1325,1244
1324,1241
1324,1238
1324,1235
1324,1232
1323,1229
1323,1226
1323,1222
1323,1219
1322,1216
1322,1213
1321,1210
1321,1206
1321,1203
1320,1200
1320,1196
1319,1193
1319,1189
1318,1186
1318,1182
1317,1178
1317,1174
1316,1171
1315,1167
1315,1163
1314,1159
1313,1155
1313,1151
1312,1147
1311,1143
1310,1139
1309,1135
1308,1131
1307,1127
1306,1123
1305,1119
1304,1115
1303,1112
1302,1108
1301,1104
1300,1100
1299,1096
1298,1092
1297,1089
1296,1085
1294,1081
1293,1077
1292,1074
1291,1070
1289,1066
1288,1063
1287,1059
1285,1055
1284,1052
1283,1048
1281,1044
1280,1041
1279,1037
1277,1034
1276,1030
1274,1027
1273,1023
1271,1020
1270,1016
1269,1012
1267,1009
1266,1005
1264,1001
1263,997
1261,993
1260,989
1258,984
1257,979
1255,974
1253,969
1252,964
1250,959
1248,953
1247,948
1245,943
1243,937
1242,932
1240,927
1238,922
1237,917
1235,912
1234,908
1232,904
1230,900
1229,896
1227,893
1226,890
1224,887
1223,885
1221,883
1220,881
1219,879
1217,877
1216,876
1215,875
1213,874
1212,872
1211,871
1210,870
1208,869
1207,868
1206,867
1205,866
1204,865
1203,863
1201,861
1200,859
1199,857
1198,855
1197,853
1196,850
1195,848
1194,845
1193,843
1192,840
1191,838
1190,835
1189,833
1188,831
1187,828
1186,826
1185,823
1184,821
1183,819
1182,816
1182,814
1181,811
1180,809
1179,806
1179,804
1178,801
1177,798
1177,795
1176,792
1176,789
1175,786
1175,782
1174,779
1174,776
1174,772
1173,768
1173,765
1173,761
1173,757
1173,753
1173,749
1173,745
1173,741
1173,736
1173,732
1173,728
1173,724
1173,720
1173,716
1173,712
1174,708
1174,704
1174,701
1175,698
1175,695
1176,692
1176,689
1177,687
1178,684
1179,682
1180,680
1181,677
1182,675
1183,673
1185,670
1186,668
1188,665
1190,662
1192,659
1194,656
1197,652
1199,649
1202,645
1205,641
1208,637
1211,632
1214,627
1217,623
1220,618
1223,612
1226,607
1230,602
1233,597
1236,591
1239,586
1243,581
1246,575
1249,570
1252,565
1254,560
1257,555
1260,551
1262,546
1265,542
1267,538
1269,535
1271,531
1273,528
1275,526
1276,523
1278,521
1279,519
1281,517
1282,516
1283,515
1284,514
1285,513
1286,512
1287,512
1288,512
1288,513
1289,513
1289,514
1290,515
1291,517
1291,518
1291,520
1292,522
1292,524
1292,526
1293,529
1293,531
1293,534
1293,536
1293,539
1293,542
1294,545
1294,548
1294,550
1294,553
1294,556
1294,559
1294,561
1293,564
1293,566
1293,569
1293,571
1293,574
1293,576
1293,579
1293,581
1292,584
1292,586
1292,589
1292,592
1292,594
1292,597
1291,599
1291,602
1291,605
1291,607
1291,610
1290,613
1290,616
1290,619
1290,622
1290,625
1290,628
1290,631
1290,634
1290,637
1289,640
1289,644
1289,647
1289,650
1289,654
1289,657
1289,661
1289,664
1289,668
1289,672
1289,676
1289,680
1289,684
1289,688
1289,691
1288,696
1288,700
1288,704
1288,708
1287,712
1287,716
1287,720
1286,725
1286,729
1286,733
1285,738
1285,742
1284,746
1284,751
1283,755
1282,760
1282,764
1281,768
1281,773
1280,777
1279,782
1279,786
1278,790
1277,795
1277,799
1276,804
1275,808
1275,812
1274,817
1274,821
1273,826
1272,830
1272,835
1271,839
1270,844
1270,849
1269,853
1269,858
1268,863
1268,868
1267,872
1267,877
1266,882
1266,887
1265,892
1265,897
1264,902
1264,907
1264,912
1263,917
1263,922
1263,927
1262,932
1262,937
1262,942
1261,947
1261,952
1261,957
1260,962
1260,967
1260,972
1259,976
1259,981
1259,986
1258,991
1258,996
1258,1000
1257,1005
1257,1010
1256,1015
1256,1019
1255,1024
1254,1029
1254,1034
1253,1038
1252,1043
1252,1048
1251,1053
1250,1057
1249,1062
1248,1067
1247,1072
1246,1076
1244,1081
1243,1086
1242,1091
1240,1096
1239,1101
1238,1106
1236,1110
1234,1115
1233,1121
1231,1126
1229,1131
1228,1136
1226,1141
1224,1146
1222,1151
1220,1157
1218,1162
1216,1167
1214,1172
1212,1178
1209,1183
1207,1188
1205,1194
1202,1199
1200,1204
1198,1209
1195,1215
1193,1220
1190,1225
1187,1230
1185,1235
1182,1241
1179,1246
1176,1251
1174,1256
1171,1261
1168,1266
1165,1271
1162,1275
1159,1280
1156,1285
1153,1289
1150,1294
1146,1298
1143,1303
1140,1307
1136,1311
1133,1315
1130,1319
1126,1323
1123,1327
1119,1330
1116,1334
1112,1338
1109,1341
1105,1344
1102,1348
1098,1351
1095,1354
1091,1357
1087,1359
1084,1362
1080,1364
1077,1367
1073,1369
1070,1371
1066,1373
1063,1375
1059,1377
1056,1378
1053,1380
1049,1381
1046,1382
1043,1383
1039,1384
1036,1385
1033,1385
1030,1385
1027,1385
1024,1385
1020,1385
1017,1385
1015,1384
1012,1383
1009,1382
1006,1381
1004,1380
1001,1379
999,1377
996,1375
994,1374
992,1371
990,1369
988,1367
987,1365
985,1362
984,1359
983,1357
981,1354
981,1351
980,1347
979,1344
979,1341
978,1337
978,1334
978,1330
979,1327
979,1323
980,1319
980,1316
981,1312
982,1309
983,1305
985,1302
986,1298
988,1295
989,1292
991,1289
993,1286
995,1283
997,1280
999,1277
1001,1274
1003,1271
1005,1269
1008,1266
1010,1264
1012,1261
1014,1259
1017,1256
1019,1254
1021,1252
1023,1250
1026,1247
1028,1245
1030,1243
1032,1241
1035,1238
1037,1236
1039,1234
1041,1231
1043,1228
1045,1226
1047,1222
1049,1219
1051,1216
1053,1213
1054,1209
1056,1205
1058,1202
1060,1198
1062,1195
1064,1191
1066,1188
1067,1184
1070,1181
1072,1178
1074,1175
1076,1172
1079,1170
1081,1167
1084,1165
1086,1163
1089,1161
1092,1159
1095,1157
1098,1155
1102,1154
1105,1153
1109,1152
1112,1151
1116,1150
1120,1149
1123,1148
1127,1147
1131,1146
1135,1146
1138,1145
1142,1144
1146,1142
1149,1141
1153,1140
1156,1138
1160,1136
1163,1134
1166,1132
1169,1129
1172,1127
1174,1124
1177,1121
1179,1118
1182,1115
1184,1112
1186,1109
1188,1106
1190,1103
1192,1099
1195,1096
1196,1093
1198,1090
1200,1087
1202,1084
1204,1081
1206,1078
1208,1075
1210,1072
1212,1069
1214,1065
1215,1062
1217,1059
1219,1056
1221,1053
1223,1050
1225,1047
1227,1044
1229,1041
1230,1038
1232,1035
1234,1033
1236,1030
1238,1027
1240,1024
1242,1022
1244,1019
1246,1017
1249,1014
1251,1012
1253,1009
1255,1007
1257,1005
1259,1002
1261,1000
1263,998
1265,996
1267,994
1269,992
1271,990
1273,988
1275,987
1277,985
1279,983
1281,982
1283,980
1285,978
1287,977
1289,975
1291,974
1293,972
1295,970
1296,969
1298,967
1300,966
1302,964
1304,963
1305,961
1307,960
1309,958
1311,957
1313,956
1314,954
1316,953
1318,951
1320,950
1321,949
1323,947
1325,946
1327,944
1329,943
1330,942
1332,940
1334,939
1336,937
1338,936
1339,935
1341,933
1343,932
1345,931
1346,930
1348,928
1350,927
1352,926
1354,925
1355,925
1357,924
1359,923
1361,922
1362,922
1364,921
1366,921
1367,920
1369,920
1371,919
1373,919
1374,919
1376,918
1378,918
1379,918
1381,918
1383,917
1384,917
1386,917
1388,916
1390,916
1391,916
1393,915
1395,915
1396,914
1398,914
1400,913
1402,913
1403,912
1405,911
1407,911
1408,910
1410,909
1412,908
1414,907
1415,906
1417,905
1419,904
1421,903
1422,902
1424,901
1426,900
1428,899
1429,898
1431,897
1433,895
1435,894
1436,893
1438,892
1440,891
1441,890
1443,889
1445,888
1447,887
1448,886
1450,885
1452,885
1453,884
1455,883
1457,882
1458,882
1460,881
1462,881
1463,881
1465,881
1466,880
1468,880
1470,880
1471,880
1473,880
1474,880
1476,880
1477,880
1479,880
1480,879
1482,879
1483,879
1485,878
1487,878
1488,877
1490,877
1491,876
1493,875
1494,875
1496,874
1497,873
1498,872
1500,871
1501,870
1503,869
1504,868
1506,867
1507,866
1509,864
1510,863
1511,862
1513,861
1514,860
1515,858
1517,857
1518,856
1519,855
1521,854
1522,853
1523,852
1524,851
1526,850
1527,849
1528,848
1529,848
1530,847
1531,846
1533,845
1534,844
1535,844
1536,843
1537,842
1538,841
1539,841
1540,840
1541,839
1542,839
1543,838
1544,837
1545,836
1547,835
1548,835
1549,834
1550,833
1551,832
1552,831
1553,830
1554,830
1555,829
1556,828
1557,827
1558,826
1559,825
1560,824
1561,823
1562,822
1562,821
1563,820
1564,819
1565,819
1566,818
1567,818
1567,817
1568,817
1569,817
1569,816
1570,816
1570,816
1571,816
1572,816
1572,816
1573,817
1573,817
1574,817
1574,817
1575,817
1575,817
1576,817
1576,817
1577,817
1577,817
1578,817
1578,817
1579,817
1579,817
1580,816
1580,816
1581,816
1581,815
1582,815
1582,814
1583,814
1584,813
1584,813
1585,812
1585,812
1586,811
1586,811
1587,811
1587,810
1588,810
1589,809
1589,809
1590,809
1590,809
1591,808
1591,808
1592,808
1593,807
1593,807
1594,806
1595,806
1595,805
1596,804
1597,804
1598,803
1599,802
1600,801
1600,800
1601,799
1602,798
1603,797
1605,796
1606,795
1607,794
1608,792
1609,791
1611,790
1612,789
1613,788
1615,787
1616,786
1618,785
1619,785
1621,784
1622,783
1624,783
1625,782
1627,782
1628,782
1630,781
1631,781
1633,781
1634,781
1636,782
1637,782
1639,782
1640,783
1642,783
1643,784
1644,784
1646,784
1647,785
1649,785
1650,785
1651,785
1652,785
1654,785
1655,785
1656,785
1657,785
1658,784
1659,784
1660,783
1661,783
1662,782
1663,781
1663,780
1664,779
1665,778
1666,777
1666,776
1667,775
1667,774
1668,773
1668,772
1668,771
1669,769
1669,768
1669,767
1670,765
1670,764
1670,763
1670,761
1670,760
1671,758
1671,757
1671,755
1671,754
1671,752
1671,750
1671,749
1671,747
1670,746
1670,744
1670,742
1670,741
1670,739
1669,737
1669,736
1669,734
1668,733
1668,731
1667,729
1667,728
1666,726
1666,725
1665,723
1664,722
1664,720
1663,718
1663,716
1662,715
1661,713
1661,711
1660,709
1659,707
1659,705
1658,702
1657,700
1657,698
1656,695
1656,693
1655,691
1654,688
1653,686
1653,683
1652,681
1651,678
1650,676
1649,674
1648,671
1647,669
1646,667
1645,665
1644,664
1643,662
1642,660
1641,659
1639,658
1638,657
1637,656
1635,655
1634,654
1633,654
1631,653
1630,653
1628,653
1627,653
1625,653
1624,653
1623,654
1621,654
1620,654
1619,655
1617,655
1616,656
1615,656
1613,657
1612,657
1611,658
1610,658
1609,659
1607,659
1606,659
1605,660
1604,660
1603,660
1602,660
1601,661
1599,661
1598,661
1597,661
1596,660
1595,660
1594,660
1593,660
1591,659
1590,659
1589,658
1588,657
1587,656
1586,656
1585,655
1583,654
1582,653
1581,652
1580,651
1579,650
1578,648
1577,647
1576,646
1575,645
1573,643
1572,642
1571,640
1570,639
1569,637
1568,635
1567,634
1566,632
1566,630
1565,629
1564,627
1563,625
1562,623
1561,621
1560,619
1559,617
1558,615
1558,613
1557,611
1556,609
1555,607
1554,605
1554,603
1553,601
1552,599
1551,597
1550,595
1550,593
1549,591
1548,589
1547,588
1546,586
1545,585
1545,585
1544,585
1543,586
1542,587
1541,589
1539,591
1538,594
1537,597
1536,600
1535,604
1534,607
1533,611
1531,615
1530,618
1529,621
1528,624
1527,627
1526,629
1525,630
1524,631
1523,632
1523,632
1522,631
1521,630
1521,628
1520,625
1520,622
1519,619
1519,614
1519,610
1519,604
1519,599
1519,593
1519,587
1519,581
1520,575
1520,569
1521,564
1521,558
1522,553
1523,548
1523,543
1524,539
1525,535
1525,532
1526,530
1527,527
1528,525
1529,523
1529,522
1530,520
1531,519
1531,517
1532,515
1533,513
1533,511
1534,509
1535,507
1535,505
1536,502
1536,500
1536,497
1537,495
1537,492
1537,489
1537,486
1538,483
1538,480
1538,476
1538,473
1538,470
1538,466
1539,463
1539,459
1539,456
1539,452
1539,448
1540,445
1540,441
1541,438
1541,434
1542,431
1542,427
1543,424
1544,420
1545,417
1545,413
1547,410
1548,407
1549,404
1550,401
1551,398
1553,395
1554,392
1556,390
1558,387
1559,385
1561,383
1563,380
1565,378
1567,376
1569,375
1572,373
1574,371
1576,369
1579,368
1581,366
1584,365
1586,363
1589,361
1592,360
1594,358
1597,356
1600,354
1603,352
1606,350
1609,348
1612,346
1615,344
1618,341
1621,339
1625,336
1627,334
1630,331
1633,328
1636,325
1639,321
1641,318
1644,315
1646,311
1648,308
1650,304
1652,300
1654,297
1656,293
1657,289
1658,285
1659,282
1660,278
1660,274
1661,270
1661,267
1661,263
1661,260
1660,256
1660,252
1659,249
1658,246
1657,242
1656,239
1654,236
1653,233
1651,231
1649,228
1647,226
1645,224
1643,222
1641,220
1638,218
1636,217
1633,216
1631,214
1628,214
1625,213
1623,212
1620,211
1617,211
1614,211
1611,211
1608,211
1605,211
1602,211
1599,211
1596,211
1593,212
1590,212
1587,213
1584,214
1581,214
1578,215
1575,216
1572,217
1569,218
1566,219
1563,220
1560,221
1557,222
1554,223
1550,224
1547,225
1544,226
1541,228
1538,229
1535,230
1532,232
1529,233
1526,235
1523,237
1520,238
1517,240
1514,241
1511,243
1508,245
1506,246
1503,248
1500,250
1497,251
1494,253
1491,255
1489,257
1486,259
1483,261
1481,262
1478,264
1476,266
1473,268
1471,270
1468,271
1466,273
1464,275
1462,277
1460,278
1458,280
1456,281
1454,283
1453,285
1451,286
1450,288
1448,289
1447,291
1446,292
1445,294
1444,295
1443,297
1442,298
1441,300
1441,302
1440,303
1440,305
1440,307
1439,309
1439,310
1439,312
1439,314
1439,316
1440,318
1440,320
1440,322
1441,324
1441,325
1442,327
1442,329
1443,331
1444,332
1445,334
1446,336
1447,337
1448,338
1449,339
1450,340
1451,341
1453,342
1454,343
1456,343
1457,344
1459,344
1460,345
1462,345
1464,345
1466,345
1468,346
1470,345
1472,345
1474,345
1476,345
1478,344
1480,343
1482,343
1484,342
1487,341
1489,339
1491,338
1493,336
1495,334
1498,332
1500,330
1502,327
1504,325
1507,322
1509,318
1511,315
1513,312
1515,308
1518,305
1520,301
1522,297
1524,293
1526,289
1529,285
1531,282
1533,278
1535,274
1537,270
1539,266
1542,262
1544,258
1546,255
1549,251
1551,248
1553,245
1556,242
1558,239
1560,236
1563,233
1566,231
1568,228
1571,225
1573,223
1576,221
1579,218
1581,216
1584,214
1587,211
1590,209
1593,206
1596,204
1599,202
1602,200
1605,197
1608,195
1611,193
1613,191
1616,189
1619,188
1622,187
1625,186
1628,185
1631,184
1634,184
1637,184
1639,185
1642,185
1645,186
1648,188
1651,189
1653,191
1656,193
1659,195
1662,197
1665,200
1668,202
1671,205
1674,209
1678,212
1681,215
1684,218
1688,221
1692,224
1695,227
1699,230
1703,233
1708,236
1712,239
1716,241
1721,243
1726,245
1731,247
1736,248
1741,250
1746,251
1751,252
1757,252
1762,253
1768,254
1773,255
1779,256
1784,257
1790,258
1795,259
1800,260
1806,261
1811,263
1816,264
1821,265
1827,267
1832,268
1837,269
1842,269
1847,270
1853,270
1858,270
1863,269
1868,269
1874,268
1879,266
1884,265
1890,263
1895,260
1901,258
1906,255
1912,251
1917,248
1923,244
1928,240
1934,236
1939,232
1945,227
1950,222
1955,217
1960,213
1965,208
1970,203
1975,198
1979,193
1983,188
1987,184
1991,180
1995,177
1998,173
2001,170
2003,168
2005,165
2007,163
2009,161
2011,159
2012,157
2013,155
2014,153
2015,151
2015,148
2016,146
2016,143
2016,140
2016,137
2016,133
2016,130
2016,126
2015,122
2015,118
2014,114
2014,109
2013,105
2012,100
2011,96
2010,91
2008,87
2007,82
2006,77
2004,73
2003,68
2001,64
1999,60
1997,57
1995,53
1993,50
1991,47
1989,45
1986,43
1984,41
1981,40
1979,39
1976,38
1974,38
1971,37
1969,37
1967,36
1964,36
1962,36
1960,35
1958,34
1956,34
1954,33
1953,32
1951,31
1950,30
1949,28
1948,27
1947,25
1946,24
1945,22
1945,20
1945,18
1944,16
1944,14
1944,12
1944,10
1944,8
1944,6
1944,4
1945,2
1945,0
1945,-2
1946,-4
1946,-6
1947,-8
1947,-10
1947,-11
1948,-13
1948,-15
1949,-17
1949,-19
1950,-21
1950,-23
1951,-25
1951,-27
1952,-29
1953,-31
1953,-33
1954,-34
1954,-36
1954,-38
1955,-40
1955,-41
1956,-43
1956,-44
1956,-45
1956,-46
1956,-46
1956,-46
1955,-45
1955,-44
1954,-42
1954,-40
1953,-38
1952,-35
1951,-32
1950,-28
1949,-24
1947,-20
1946,-16
1944,-12
1943,-8
1941,-4
1940,0
1938,3
1937,6
1935,10
1934,12
1932,15
1931,17
1930,18
1928,19
1927,20
1926,20
1925,20
1924,19
1923,18
1922,17
1921,16
1920,15
1919,15
1918,15
1917,16
1915,18
1913,20
1911,24
1909,29
1907,35
1904,43
1901,51
1898,60
1895,70
1892,80
1889,91
1886,101
1882,111
1879,121
1876,130
1874,139
1871,146
1869,153
1867,158
1865,162
1863,164
1862,165
1861,164
1860,163
1860,159
1859,155
1859,149
1860,142
1860,134
1861,125
1861,115
1862,105
1863,94
1864,83
1865,72
1865,61
1866,50
1867,40
1867,31
1868,22
1868,14
1868,7
1867,1
1867,-3
1866,-6
1865,-9
1864,-11
1863,-12
1861,-13
1860,-13
1858,-12
1857,-11
1855,-11
1853,-10
1852,-9
1850,-8
1848,-7
1847,-6
1845,-4
1843,-3
1841,-2
1839,0
1837,1
1836,3
1834,4
1832,6
1830,8
1828,10
1826,13
1824,15
1821,17
1819,19
1817,21
1815,23
1813,25
1811,27
1809,29
1807,31
1805,33
1802,35
1800,37
1798,39
1796,40
1794,42
1792,44
1790,46
1788,47
1786,49
1784,51
1782,53
1780,55
1778,57
1776,59
1774,62
1772,64
1770,67
1768,69
1766,72
1764,74
1762,77
1760,80
1758,83
1756,86
1754,89
1752,92
1750,95
1748,98
1746,101
1744,104
1742,107
1740,110
1738,114
1736,117
1734,120
1732,124
1730,127
1729,131
1727,134
1725,138
1723,141
1722,144
1720,148
1718,151
1717,155
1715,158
1713,162
1712,166
1710,169
1709,173
1707,177
1706,180
1704,184
1703,188
1701,191
1700,195
1699,199
1697,202
1696,206
1695,210
1693,213
1692,217
1691,221
1689,224
1688,228
1687,231
1686,234
1684,238
1683,241
1682,245
1680,248
1679,252
1678,255
1676,259
1675,262
1674,265
1672,269
1671,272
1670,275
1668,278
1667,281
1665,285
1664,288
1662,291
1661,294
1659,297
1658,300
1656,303
1655,306
1653,310
1651,313
1650,316
1648,320
1646,323
1644,326
1643,330
1641,333
1639,337
1637,340
1635,344
1633,347
1631,351
1629,355
1627,359
1625,362
1623,366
1621,370
1619,373
1617,377
1614,381
1612,384
1610,388
1608,392
1605,396
1603,399
1600,403
1598,406
1596,410
1593,413
1591,417
1588,420
1586,423
1583,426
1581,429
1578,433
1576,436
1573,439
1571,442
1568,445
1566,447
1563,450
1561,453
1558,456
1556,459
1554,462
1551,464
1549,467
1547,470
1544,473
1542,475
1540,478
1538,481
1536,484
1534,486
1532,489
1530,492
1528,495
1526,498
1524,501
1522,504
1520,508
1519,511
1517,514
1515,518
1514,521
1512,524
1511,528
1509,532
1508,535
1507,539
1505,543
1504,547
1503,550
1502,554
1500,558
1499,562
1498,566
1497,570
1496,574
1495,578
1495,582
1494,586
1493,590
1492,594
1491,598
1491,603
1490,607
1489,611
1489,615
1488,619
1487,623
1487,628
1486,632
1486,636
1485,640
1485,644
1484,648
1484,652
1483,656
1483,660
1482,664
1482,668
1481,672
1481,676
1481,680
1480,684
1480,688
1480,691
1480,695
1479,698
1479,702
1479,705
1479,709
1478,712
1478,715
1478,718
1478,722
1478,725
1478,728
1478,731
1478,734
1478,737
1478,740
1478,743
1477,746
1477,749
1477,752
1477,755
1477,758
1477,761
1478,764
1478,767
1478,770
1478,774
1478,777
1478,780
1478,783
1478,786
1478,790
1478,793
1478,796
1479,799
1479,803
1479,806
1479,810
1479,813
1479,817
1480,820
1480,824
1480,828
1480,831
1480,835
1481,839
1481,843
1481,846
1482,850
1482,853
1482,857
1483,860
1483,864
1483,867
1484,870
1484,873
1485,875
1485,878
1486,881
1486,883
1487,885
1488,887
1488,889
1489,891
1490,892
1490,894
1491,896
1492,897
1493,899
1493,900
1494,902
1495,903
1496,904
1497,906
1497,907
1498,909
1499,910
1500,912
1501,913
1502,915
1502,916
1503,918
1504,920
1505,921
1506,923
1507,924
1508,926
1508,927
1509,929
1510,930
1511,931
1512,933
1513,934
1514,935
1515,937
1515,938
1516,939
1517,940
1518,942
1519,943
1520,945
1521,946
1521,948
1522,949
1523,951
1524,953
1525,954
1526,956
1527,958
1528,960
1528,962
1529,964
1530,967
1531,969
1532,971
1533,973
1534,975
1534,977
1535,979
1536,981
1537,983
1538,985
1539,986
1540,988
1541,990
1542,991
1543,993
1544,994
1545,995
1546,997
1547,998
1548,1000
1549,1001
1550,1002
1551,1004
1552,1005
1553,1006
1554,1008
1555,1009
1556,1011
1558,1012
1559,1013
1560,1015
1561,1016
1562,1018
1563,1019
1564,1021
1565,1022
1567,1023
1568,1025
1569,1026
1570,1028
1571,1029
1573,1031
1574,1032
1575,1034
1576,1036
1577,1037
1579,1039
1580,1040
1581,1042
1582,1044
1584,1045
1585,1047
1586,1048
1587,1050
1588,1052
1590,1053
1591,1055
1592,1057
1593,1059
1594,1060
1596,1062
1597,1064
1598,1066
1599,1068
1600,1070
1602,1071
1603,1073
1604,1075
1605,1077
1606,1079
1608,1081
1609,1082
1610,1084
1611,1086
1613,1088
1614,1089
1615,1091
1617,1092
1618,1094
1619,1095
1620,1097
1622,1098
1623,1099
1625,1101
1626,1102
1627,1103
1629,1104
1630,1105
1632,1107
1633,1108
1634,1109
1636,1110
1637,1111
1639,1112
1640,1114
1641,1115
1643,1116
1644,1118
1645,1119
1647,1120
1648,1122
1650,1124
1651,1125
1652,1127
1654,1128
1655,1130
1656,1132
1658,1134
1659,1135
1660,1137
1662,1139
1663,1141
1665,1142
1666,1144
1667,1146
1669,1148
1670,1149
1672,1151
1673,1152
1674,1154
1676,1155
1677,1157
1679,1158
1680,1160
1681,1161
1683,1162
1684,1164
1686,1165
1687,1166
1689,1168
1690,1169
1692,1170
1693,1171
1695,1173
1696,1174
1698,1175
1699,1176
1701,1178
1702,1179
1703,1180
1705,1181
1706,1183
1708,1184
1709,1185
1711,1186
1712,1187
1714,1188
1715,1190
1717,1191
1718,1192
1720,1193
1721,1194
1723,1195
1724,1196
1726,1197
1727,1198
1729,1199
1730,1200
1732,1201
1733,1202
1734,1204
1736,1205
1737,1206
1739,1207
1740,1209
1741,1210
1743,1212
1744,1213
1745,1215
1747,1216
1748,1218
1749,1219
1750,1221
1752,1223
1753,1224
1754,1226
1756,1227
1757,1229
1758,1230
1759,1232
1761,1233
1762,1234
1764,1235
1765,1236
1766,1237
1768,1238
1769,1239
1771,1240
1772,1241
1773,1242
1775,1242
1776,1243
1778,1244
1779,1244
1781,1245
1782,1246
1784,1246
1785,1247
1787,1248
1788,1248
1790,1249
1791,1250
1793,1250
1794,1251
1796,1252
1797,1253
1799,1253
1800,1254
1802,1254
1803,1255
1805,1256
1806,1256
1808,1257
1810,1257
1811,1258
1813,1258
1814,1259
1816,1259
1818,1260
1819,1260
1821,1261
1823,1262
1824,1262
1826,1263
1827,1264
1829,1265
1830,1266
1832,1267
1834,1268
1835,1269
1837,1270
1838,1271
1840,1273
1842,1274
1843,1276
1845,1277
1847,1279
1848,1280
1850,1282
1852,1283
1854,1285
1856,1286
1858,1288
1860,1289
1862,1291
1864,1292
1866,1293
1868,1295
1871,1296
1873,1298
1875,1299
1878,1301
1880,1302
1883,1304
1885,1305
1888,1307
1890,1308
1893,1310
1896,1312
1898,1314
1901,1316
1904,1318
1906,1320
1909,1323
1912,1325
1914,1327
1917,1330
1920,1333
1923,1335
1925,1338
1928,1341
1931,1344
1934,1346
1937,1349
1940,1352
1943,1355
1946,1358
1949,1360
1952,1363
1955,1366
1958,1369
1961,1372
1965,1374
1968,1377
1971,1380
1975,1382
1978,1385
1982,1388
1985,1391
1989,1393
1992,1396
1996,1399
1999,1401
2003,1404
2007,1407
2010,1410
2014,1412
2017,1415
2021,1418
2024,1422
2028,1425
2031,1428
2034,1431
2038,1435
2041,1438
2044,1442
2047,1446
2049,1450
2052,1453
2055,1457
2057,1461
2059,1465
2062,1469
2064,1473
2065,1477
2067,1481
2069,1485
2070,1490
2071,1494
2073,1498
2074,1502
2074,1505
2075,1509
2076,1513
2076,1517
2076,1521
2076,1524
2076,1528
2076,1532
2076,1535
2076,1539
2076,1542
2076,1545
2075,1548
2075,1552
2074,1555
2074,1558
2074,1561
2073,1564
2073,1568
2073,1571
2072,1574
2072,1577
2072,1580
2071,1583
2071,1587
2071,1590
2071,1593
2071,1596
2071,1599
2072,1602
2072,1606
2072,1609
2073,1612
2073,1615
2074,1619
2074,1622
2075,1625
2076,1628
2077,1632
2077,1635
2078,1638
2079,1642
2080,1645
2081,1649
2082,1652
2083,1655
2084,1659
2084,1662
2085,1666
2086,1669
2087,1672
2088,1675
2089,1678
2090,1682
2090,1685
2091,1687
2092,1690
2093,1693
2094,1695
2095,1698
2096,1700
2096,1702
2097,1703
2098,1705
2099,1706
2100,1707
2101,1708
2102,1709
2103,1710
2104,1710
2105,1710
2106,1710
2107,1709
2108,1709
2108,1708
2109,1707
2110,1706
2111,1705
2111,1704
2112,1703
2113,1701
2113,1700
2114,1698
2114,1697
2115,1695
2115,1694
2116,1692
2116,1690
2117,1689
2117,1687
2118,1686
2118,1684
2119,1682
2119,1681
2120,1679
2121,1678
2121,1677
2122,1676
2122,1675
2123,1674
2124,1673
2125,1672
2125,1672
2126,1672
2127,1671
2127,1671
2128,1672
2129,1672
2129,1672
2130,1673
2131,1674
2131,1675
2132,1676
2132,1678
2132,1679
2133,1681
2133,1683
2133,1685
2133,1687
2133,1690
2133,1692
2133,1695
2133,1697
2133,1700
2133,1703
2133,1705
2133,1708
2133,1711
2132,1713
2132,1716
2132,1719
2132,1721
2132,1724
2132,1727
2132,1729
2132,1732
2132,1734
2132,1736
2132,1739
2132,1741
2132,1743
2132,1745
2132,1748
2132,1750
2132,1752
2132,1754
2132,1756
2132,1757
2132,1759
2132,1761
2132,1763
2132,1764
2131,1766
2131,1768
2131,1769
2130,1771
2130,1772
2129,1774
2129,1775
2128,1777
2127,1778
2127,1780
2126,1781
2125,1782
2124,1784
2123,1785
2123,1787
2122,1788
2121,1789
2120,1791
2119,1792
2119,1793
2118,1795
2117,1796
2116,1797
2116,1798
2115,1799
2115,1800
2114,1801
2114,1802
2114,1803
2113,1804
2113,1805
2113,1805
2112,1806
2112,1806
2112,1806
2112,1806
2112,1806
2111,1806
2111,1806
2111,1806
2110,1805
2110,1805
2110,1804
2109,1803
2109,1803
2108,1802
2107,1801
2107,1799
2106,1798
2105,1797
2105,1795
2104,1794
2104,1792
2103,1790
2103,1789
2102,1787
2102,1784
2102,1782
2101,1780
2101,1777
2101,1775
2102,1772
2102,1770
2102,1767
2103,1764
2103,1761
2104,1757
2105,1754
2106,1751
2108,1747
2109,1743
2111,1740
2112,1736
2114,1732
2116,1728
2118,1724
2120,1720
2123,1717
2125,1713
2127,1709
2130,1705
2132,1701
2135,1697
2137,1693
2140,1689
2143,1686
2145,1682
2148,1678
2150,1675
2153,1671
2156,1668
2158,1665
2161,1661
2163,1658
2166,1655
2168,1652
2171,1649
2173,1645
2176,1642
2178,1639
2181,1636
2183,1633
2186,1630
2188,1627
2190,1623
2193,1620
2195,1617
2197,1614
2199,1610
2201,1607
2203,1604
2205,1600
2207,1597
2209,1594
2210,1591
2212,1588
2213,1585
2214,1582
2215,1580
2215,1577
2216,1575
2216,1573
2216,1571
2216,1569
2215,1568
2215,1566
2214,1565
2213,1564
2212,1564
2211,1563
2210,1563
2208,1563
2206,1563
2205,1563
2203,1564
2201,1564
2199,1565
2197,1566
2195,1567
2193,1568
2191,1569
2189,1570
2187,1571
2185,1572
2183,1573
2181,1574
2179,1575
2177,1577
2175,1578
2173,1579
2171,1580
2169,1581
2167,1582
2165,1584
2163,1585
2161,1586
2159,1587
2157,1588
2155,1590
2152,1591
2150,1592
2148,1593
2146,1594
2143,1596
2141,1597
2138,1598
2136,1599
2133,1600
2131,1601
2128,1602
2125,1604
2123,1605
2120,1606
2117,1607
2114,1608
2111,1609
2109,1610
2106,1611
2103,1612
2100,1612
2097,1613
2094,1614
2091,1615
2088,1616
2085,1617
2082,1618
2079,1618
2076,1619
2073,1620
2070,1621
2067,1621
2064,1622
2061,1623
2058,1623
2055,1624
2052,1624
2049,1624
2046,1625
2043,1625
2040,1626
2037,1626
2034,1626
2031,1626
2028,1627
2025,1627
2022,1627
2019,1627
2016,1627
2013,1627
2010,1627
2007,1627
2005,1627
2002,1627
1999,1626
1996,1626
1993,1626
1990,1626
1987,1626
1984,1626
1981,1626
1978,1626
1975,1626
1972,1625
1969,1625
1966,1625
1962,1625
1959,1625
1956,1625
1953,1625
1950,1625
1947,1624
1944,1624
1941,1624
1938,1624
1935,1624
1932,1624
1929,1624
1926,1624
1923,1624
1919,1624
1916,1624
1913,1624
1910,1624
1907,1624
1903,1624
1900,1625
1897,1625
1893,1625
1890,1625
1886,1626
1883,1626
1879,1626
1876,1627
1872,1627
1869,1627
1865,1628
1861,1628
1857,1629
1854,1629
1850,1629
1846,1630
1842,1630
1838,1630
1834,1630
1830,1631
1826,1631
1822,1631
1818,1631
1814,1631
1810,1630
1806,1630
1801,1630
1797,1630
1793,1629
1789,1629
1784,1628
1780,1628
1776,1627
1771,1627
1767,1626
1762,1625
1758,1625
1753,1624
1749,1623
1744,1622
1740,1621
1735,1620
1731,1619
1726,1618
1722,1617
1717,1616
1713,1615
1708,1614
1704,1613
1699,1612
1695,1611
1690,1609
1686,1608
1681,1607
1677,1606
1672,1604
1668,1603
1663,1601
1659,1600
1654,1598
1650,1597
1645,1595
1641,1594
1637,1592
1632,1591
1628,1589
1623,1587
1619,1586
1614,1584
1610,1582
1605,1581
1600,1579
1596,1578
1591,1576
1586,1575
1582,1573
1577,1572
1572,1570
1568,1569
1563,1568
1558,1567
1553,1566
1548,1565
1543,1564
1538,1563
1534,1562
1529,1561
1524,1560
1519,1559
1514,1558
1509,1557
1504,1556
1499,1555
1494,1554
1489,1553
1485,1552
1480,1551
1475,1550
1470,1549
1465,1548
1460,1547
1456,1546
1451,1545
1446,1544
1441,1543
1437,1541
1432,1540
1427,1539
1423,1538
1418,1537
1413,1535
1409,1534
1404,1533
1400,1532
1395,1531
1391,1529
1386,1528
1382,1527
1378,1526
1373,1525
1369,1524
1365,1523
1360,1522
1356,1521
1352,1520
1348,1519
1343,1519
1339,1518
1335,1517
1331,1517
1327,1516
1323,1515
1319,1515
1316,1515
1312,1515
1308,1514
1304,1514
1301,1515
1297,1515
1294,1516
1290,1516
1287,1517
1284,1518
1281,1519
1278,1521
1275,1522
1272,1524
1269,1525
1266,1527
1263,1529
1261,1531
1258,1534
1256,1536
1254,1539
1252,1542
1250,1544
1248,1547
1246,1551
1244,1554
1243,1557
1241,1560
1240,1564
1239,1567
1238,1571
1237,1574
1236,1577
1235,1581
1235,1584
1234,1587
1234,1591
1234,1594
1234,1597
1234,1599
1234,1602
1234,1605
1235,1607
1235,1610
1236,1612
1237,1614
1238,1616
1239,1617
1240,1619
1241,1620
1242,1622
1243,1623
1245,1624
1246,1625
1248,1625
1250,1626
1251,1627
1253,1627
1255,1627
1256,1628
1258,1628
1260,1628
1262,1628
1264,1628
1266,1628
1268,1628
1270,1628
1272,1627
1273,1627
1275,1627
1277,1627
1279,1627
1281,1626
1282,1626
1284,1625
1285,1625
1286,1625
1288,1624
1289,1624
1290,1624
1291,1624
1291,1624
1292,1624
1293,1624
1293,1624
1293,1624
1293,1625
1293,1625
1293,1626
1293,1626
1293,1627
1292,1628
1292,1629
1291,1630
1290,1632
1289,1633
1288,1634
1287,1635
1286,1637
1285,1638
1283,1640
1282,1641
1281,1642
1279,1644
1278,1645
1276,1647
1275,1648
1273,1649
1272,1650
1270,1651
1269,1652
1267,1653
1266,1654
1264,1654
1262,1655
1261,1655
1259,1656
1258,1656
1256,1656
1255,1656
1253,1656
1252,1656
1251,1655
1249,1655
1248,1654
1247,1654
1245,1653
1244,1652
1243,1651
1242,1650
1241,1649
1240,1647
1239,1646
1238,1644
1237,1643
1236,1641
1235,1639
1234,1637
1233,1636
1232,1633
1232,1631
1231,1629
1230,1627
1229,1624
1229,1622
1228,1619
1227,1617
1227,1614
1226,1612
1225,1609
1224,1606
1223,1603
1223,1600
1222,1598
1221,1595
1220,1592
1219,1589
1218,1585
1217,1582
1216,1579
1215,1576
1214,1572
1212,1569
1211,1566
1210,1562
1209,1559
1207,1556
1206,1552
1205,1549
1203,1545
1202,1542
1200,1539
1199,1536
1197,1532
1196,1529
1194,1526
1193,1523
1191,1520
1189,1517
1188,1514
1186,1512
1184,1509
1182,1506
1180,1503
1178,1500
1176,1497
1174,1494
1172,1491
1170,1489
1167,1486
1165,1482
1163,1479
1161,1476
1158,1473
1156,1469
1154,1466
1151,1462
1149,1458
1146,1454
1144,1449
1141,1445
1139,1440
1136,1436
1134,1431
1131,1426
1129,1421
1126,1416
1124,1410
1122,1405
1119,1399
1117,1394
1114,1388
1112,1383
1109,1377
1107,1371
1104,1365
1102,1359
1100,1353
1097,1348
1095,1342
1092,1336
1090,1330
1088,1324
1085,1318
1083,1312
1081,1306
1079,1300
1076,1294
1074,1288
1072,1282
1070,1276
1068,1270
1066,1264
1064,1258
1062,1252
1060,1247
1058,1241
1056,1235
1054,1229
1052,1224
1050,1218
1048,1212
1047,1207
1045,1201
1043,1196
1041,1190
1039,1185
1038,1179
1036,1173
1034,1168
1032,1162
1030,1156
1028,1151
1026,1145
1025,1140
1023,1134
1021,1129
1019,1124
1017,1119
1016,1114
1014,1109
1012,1105
1011,1100
1009,1096
1007,1093
1006,1089
1005,1086
1003,1083
1002,1081
1001,1079
1000,1077
999,1075
998,1074
997,1073
997,1073
996,1072
995,1072
995,1072
994,1073
994,1074
993,1075
993,1076
993,1077
992,1079
992,1080
992,1082
992,1084
991,1086
991,1088
991,1090
991,1092
991,1095
991,1097
990,1099
990,1101
990,1103
990,1106
990,1108
990,1110
990,1113
990,1115
990,1117
990,1119
990,1121
990,1123
989,1125
989,1127
989,1128
989,1130
989,1131
989,1132
989,1134
989,1135
989,1136
989,1137
989,1138
989,1139
988,1140
988,1141
988,1142
988,1143
988,1144
988,1146
988,1147
988,1148
988,1150
988,1151
988,1153
988,1155
988,1157
989,1159
989,1162
989,1164
989,1167
989,1169
989,1172
990,1175
990,1178
990,1181
990,1184
990,1187
990,1190
990,1194
990,1197
990,1201
991,1204
991,1208
991,1212
990,1215
990,1219
990,1223
990,1227
990,1231
990,1235
989,1240
989,1244
989,1248
988,1252
988,1257
987,1261
987,1265
986,1270
985,1274
985,1278
984,1283
983,1287
982,1292
981,1296
980,1300
979,1305
978,1309
977,1313
976,1318
974,1322
973,1326
972,1331
971,1335
969,1339
968,1343
966,1347
965,1352
964,1356
962,1360
961,1364
959,1368
957,1372
956,1376
954,1380
953,1383
951,1387
949,1391
948,1394
946,1398
944,1401
942,1405
941,1408
939,1411
937,1414
935,1416
933,1419
931,1421
928,1424
926,1426
924,1428
922,1430
920,1432
917,1433
915,1435
913,1436
910,1438
908,1439
906,1440
903,1441
901,1442
899,1443
896,1443
894,1444
891,1445
889,1445
887,1446
884,1446
882,1446
880,1447
877,1447
875,1447
873,1447
871,1448
868,1448
866,1448
864,1448
862,1448
860,1448
858,1448
855,1448
853,1448
851,1448
849,1449
847,1449
845,1449
843,1449
841,1450
840,1450
838,1451
836,1451
834,1452
833,1453
831,1453
830,1454
828,1455
827,1456
825,1457
824,1458
823,1459
821,1460
820,1461
819,1462
818,1463
817,1464
816,1465
815,1466
814,1467
813,1469
813,1470
812,1471
811,1471
811,1472
810,1473
810,1474
809,1474
809,1475
809,1475
809,1476
808,1476
808,1476
808,1477
808,1477
808,1477
809,1477
809,1477
809,1477
810,1477
811,1477
811,1477
812,1477
813,1477
814,1476
815,1476
816,1476
818,1476
819,1476
821,1476
822,1476
824,1476
826,1476
828,1475
830,1475
832,1476
834,1476
837,1476
839,1476
842,1476
844,1476
847,1476
850,1476
853,1477
856,1477
859,1477
862,1477
865,1477
868,1477
871,1477
874,1477
877,1477
880,1477
883,1476
886,1476
889,1476
892,1475
896,1475
899,1474
902,1474
905,1473
908,1472
911,1471
915,1471
918,1470
921,1469
924,1468
928,1468
931,1467
934,1466
938,1465
941,1465
945,1464
948,1463
952,1463
955,1462
959,1462
962,1461
966,1461
969,1460
973,1460
977,1459
980,1459
984,1458
987,1458
991,1458
994,1457
998,1457
1001,1456
1005,1456
1008,1455
1012,1455
1015,1454
1018,1453
1021,1452
1025,1452
1028,1451
1031,1450
1034,1449
1037,1448
1040,1446
1042,1445
1045,1444
1048,1443
1051,1441
1053,1440
1056,1438
1058,1436
1061,1435
1063,1433
1066,1431
1068,1429
1070,1427
1073,1425
1075,1422
1077,1420
1079,1418
1082,1415
1084,1413
1086,1410
1088,1407
1090,1404
1093,1402
1095,1399
1097,1396
1099,1393
1102,1390
1104,1386
1106,1383
1109,1380
1111,1376
1114,1373
1116,1370
1118,1366
1121,1362
1123,1359
1126,1355
1128,1351
1131,1347
1133,1344
1135,1340
1138,1336
1140,1331
1142,1327
1145,1323
1147,1319
1149,1314
1151,1310
1153,1306
1155,1301
1157,1297
1159,1292
1161,1288
1163,1284
1165,1279
1166,1275
1168,1271
1169,1267
1171,1263
1172,1259
1173,1255
1174,1251
1175,1247
1176,1243
1177,1240
1178,1236
1179,1233
1180,1229
1180,1226
1181,1223
1181,1220
1182,1217
1182,1214
1183,1212
1183,1209
1183,1206
1184,1204
1184,1201
1184,1199
1184,1197
1184,1195
1184,1192
1184,1190
1184,1188
1184,1186
1184,1184
1184,1182
1184,1181
1184,1179
1184,1177
1184,1176
1184,1174
1184,1173
1184,1171
1184,1170
1184,1169
1184,1167
1184,1166
1184,1165
1184,1163
1184,1162
1183,1160
1183,1159
1183,1157
1183,1156
1183,1154
1182,1152
1182,1151
1182,1150
1181,1148
1181,1147
1181,1145
1180,1144
1180,1143
1180,1142
1179,1141
1179,1140
1179,1139
1178,1138
1178,1137
1178,1137
1177,1136
1177,1136
1177,1136
1177,1136
1177,1136
1176,1136
1176,1137
1176,1137
1176,1138
1176,1138
1176,1139
1176,1140
1176,1141
1176,1141
1177,1142
1177,1143
1177,1144
1177,1144
1177,1145
1177,1145
1177,1146
1177,1146
1177,1146
1177,1146
1177,1146
1177,1146
1177,1146
1177,1146
1177,1146
1177,1145
1177,1145
1177,1144
1177,1144
1177,1143
1177,1142
1177,1142
1177,1141
1177,1140
1177,1139
1177,1139
1177,1138
1177,1137
1177,1137
1177,1136
1177,1136
1177,1135
1177,1135
1177,1134
1177,1134
1177,1134
1177,1133
1177,1133
1177,1133
1177,1133
1177,1132
1177,1132
1177,1132
1177,1132
1177,1132
1177,1131
1177,1131
1177,1131
1177,1131
1176,1131
1176,1130
1176,1130
1176,1130
1176,1130
1175,1130
1175,1130
1175,1130
1175,1131
1175,1131
1174,1131
1174,1131
1174,1131
1174,1132
1174,1132
1173,1132
1173,1133
1173,1133
1172,1134
1172,1134
1172,1134
1171,1135
1171,1135
1171,1135
1170,1135
1170,1136
1169,1136
1169,1136
1168,1135
1168,1135
1167,1135
1166,1134
1166,1134
1165,1134
1164,1133
1164,1133
1163,1132
1162,1131
1161,1131
1161,1130
1160,1130
1159,1129
1158,1129
1157,1129
1156,1128
1156,1128
1155,1128
1154,1128
1153,1127
1152,1127
1151,1128
1150,1128
1149,1128
1148,1128
1148,1128
1147,1129
1146,1129
1145,1130
1144,1130
1143,1130
1142,1131
1141,1131
1140,1132
1139,1132
1139,1132
1138,1133
1137,1133
1136,1133
1135,1133
1134,1133
1133,1133
1132,1133
1131,1132
1130,1132
1129,1132
1128,1131
1127,1131
1126,1130
1125,1130
1124,1129
1123,1129
1122,1128
1121,1128
1120,1127
1119,1127
1118,1126
1118,1126
1117,1125
1116,1125
1115,1124
1114,1124
1113,1124
1112,1123
1111,1123
1110,1123
1109,1122
1108,1122
1107,1122
1106,1121
1105,1121
1104,1120
1103,1120
1102,1119
1101,1119
1100,1118
1099,1118
1098,1118
1098,1117
1097,1117
1096,1116
1095,1116
1094,1115
1093,1115
1092,1114
1091,1113
1090,1113
1089,1112
1088,1112
1087,1111
1086,1111
1085,1110
1084,1110
1083,1109
1082,1109
1082,1109
1081,1108
1080,1108
1079,1107
1078,1107
1077,1106
1076,1105
1075,1105
1075,1104
1074,1103
1073,1103
1072,1102
1071,1101
1070,1100
1070,1100
1069,1099
1068,1099
1067,1099
1067,1099
1066,1100
1066,1100
1066,1101
1066,1103
1065,1105
1065,1107
1065,1109
1065,1111
1066,1114
1066,1117
1066,1121
1067,1124
1067,1128
1067,1131
1068,1135
1068,1139
1069,1143
1069,1147
1070,1152
1070,1156
1071,1160
1071,1163
1071,1167
1071,1171
1072,1174
1072,1177
1072,1179
1071,1181
1071,1183
1071,1184
1070,1185
1070,1185
1069,1184
1068,1183
1067,1181
1066,1179
1065,1176
1064,1173
1063,1170
1062,1166
1061,1161
1059,1157
1058,1152
1057,1147
1056,1141
1055,1136
1053,1130
1052,1124
1051,1118
1050,1112
1049,1106
1048,1100
1047,1095
1046,1089
1045,1084
1044,1079
1043,1074
1042,1069
1041,1065
1041,1061
1040,1057
1039,1054
1039,1051
1038,1049
1038,1046
1037,1044
1037,1042
1036,1041
1036,1039
1035,1038
1035,1037
1035,1036
1034,1035
1034,1034
1034,1033
1033,1032
1033,1031
1032,1030
1032,1029
1032,1028
1031,1028
1031,1027
1030,1026
1030,1025
1030,1024
1029,1023
1029,1022
1028,1021
1028,1020
1027,1019
1027,1019
1027,1018
1026,1017
1026,1016
1025,1015
1025,1015
1025,1014
1024,1014
1024,1013
1024,1013
1024,1012
1023,1011
1023,1011
1023,1010
1022,1010
1022,1009
1022,1008
1022,1007
1022,1007
1021,1006
1021,1005
1021,1004
1021,1003
1021,1002
1021,1001
1020,1000
1020,999
1020,997
1020,996
1020,995
1020,994
1020,993
1020,992
1020,991
1020,989
1020,988
1020,987
1020,986
1020,985
1020,983
1020,982
1020,981
1020,980
1020,979
1020,977
1020,976
1020,975
1020,973
1020,972
1020,971
1020,969
1020,968
1020,966
1020,964
1020,963
1020,961
1020,959
1019,957
1019,955
1019,953
1019,951
1019,949
1019,947
1019,945
1018,942
1018,940
1018,938
1018,936
1018,934
1018,932
1018,930
1017,928
1017,926
1017,924
1017,922
1017,921
1017,919
1017,917
1017,915
1016,914
1016,912
1016,910
1016,909
1016,907
1015,906
1015,904
1015,903
1015,902
1015,900
1014,899
1014,897
1013,896
1013,894
1013,893
1012,891
1012,890
1011,888
1011,886
1010,884
1009,882
1008,880
1008,878
1007,876
1006,874
1005,872
1004,869
1004,867
1003,865
1002,862
1001,860
1000,857
999,855
998,853
997,850
996,848
995,845
994,843
993,841
992,838
991,836
990,834
989,831
988,829
987,827
986,825
984,823
983,820
982,818
981,816
980,814
979,812
978,810
977,809
976,807
975,805
973,803
972,802
971,800
970,798
969,797
968,795
967,794
966,792
965,791
964,790
962,788
961,787
960,786
959,784
958,783
957,781
955,780
954,778
953,777
952,775
951,774
949,772
948,770
947,769
946,767
944,765
943,763
942,761
941,760
939,758
938,756
937,754
935,753
934,751
933,749
932,748
931,746
929,745
928,743
927,742
926,741
925,740
924,739
922,738
921,736
920,736
919,735
918,734
917,733
916,732
915,731
914,730
913,730
912,729
911,728
910,727
909,727
909,726
908,725
907,725
906,724
905,723
905,723
904,722
903,721
902,721
901,720
901,719
900,718
899,717
899,716
898,714
897,713
896,712
896,710
895,709
894,707
894,706
893,704
892,702
892,700
891,698
890,696
890,695
889,693
889,691
888,689
887,687
887,685
886,683
886,682
885,680
885,679
884,677
884,676
883,675
883,674
882,673
882,672
881,671
881,670
880,670
880,670
879,669
879,669
878,669
878,669
877,669
877,670
876,670
876,670
875,671
875,672
875,672
874,673
874,674
873,676
873,677
873,678
872,680
872,682
872,683
872,685
871,687
871,689
871,691
871,693
871,695
870,697
870,699
870,702
870,704
870,706
869,708
869,710
869,712
869,715
868,717
868,719
867,721
867,723
867,725
866,727
866,729
865,731
865,733
864,735
864,737
863,739
863,741
862,743
862,745
861,747
861,750
860,752
860,754
859,756
859,758
858,761
858,763
857,765
856,767
856,769
855,772
855,774
854,776
853,778
853,781
852,783
851,785
851,787
850,789
849,791
848,794
848,796
847,798
846,800
845,801
845,803
844,805
843,807
842,809
841,811
840,813
840,815
839,817
838,819
837,821
836,823
835,825
835,827
834,829
833,831
832,833
831,835
831,837
830,839
829,841
828,843
827,844
827,846
826,848
825,850
824,852
823,853
823,855
822,857
821,859
820,860
820,862
819,864
818,865
817,867
817,868
816,870
815,872
814,873
814,875
813,876
812,877
812,879
811,880
810,882
810,883
809,885
808,887
808,888
807,890
807,891
806,893
805,894
805,896
804,897
804,899
803,900
802,902
802,903
801,904
800,906
800,907
799,908
799,909
798,911
797,912
797,913
796,914
795,915
795,917
794,918
794,919
793,920
793,921
792,923
792,924
791,925
791,926
790,927
790,928
789,930
789,931
789,932
788,933
788,935
788,936
788,937
787,939
787,940
787,942
787,943
787,944
787,946
787,947
787,948
787,949
787,950
787,951
787,951
787,952
787,952
787,953
787,953
787,953
787,953
787,953
787,953
787,952
787,952
787,951
787,950
788,949
788,948
788,947
788,946
789,945
789,944
789,943
790,942
790,941
791,940
792,938
792,937
793,936
794,936
795,935
796,934
797,933
798,933
799,932
800,932
801,932
802,932
804,931
805,931
806,931
807,931
808,931
810,931
811,931
812,931
813,931
815,931
816,932
817,932
819,934
820,935
822,937
824,938
826,940
827,943
829,945
831,947
833,949
834,951
836,952
838,954
839,955
841,956
842,957
844,957
845,957
847,956
848,955
849,954
850,952
851,950
852,948
853,945
853,941
854,938
855,934
855,930
856,926
856,921
857,917
857,913
858,908
858,904
859,900
859,897
860,893
861,890
861,887
862,885
863,883
864,882
865,881
866,880
868,880
869,880
870,880
871,881
873,882
874,882
875,883
876,884
877,884
878,885
879,886
880,886
880,887
881,888
881,888
882,889
882,890
883,890
883,891
883,891
883,892
883,892
883,893
883,893
882,894
882,895
882,895
881,896
881,897
880,897
880,898
879,899
878,900
878,902
877,903
876,904
875,905
874,906
874,908
873,909
872,910
871,911
870,913
869,914
868,916
867,917
866,918
865,920
864,921
863,923
862,924
861,926
860,928
859,929
858,931
857,933
856,934
855,936
854,938
854,939
853,941
852,943
851,944
850,946
849,948
848,949
847,951
846,952
845,953
844,955
843,956
842,958
841,959
840,960
839,962
838,963
837,965
836,966
835,968
834,969
833,971
832,972
831,974
830,975
830,977
829,978
828,980
827,982
826,983
826,985
825,987
824,988
823,990
823,992
822,993
821,995
821,997
820,999
820,1001
819,1002
819,1004
818,1006
818,1008
817,1010
817,1012
816,1014
816,1015
815,1017
815,1019
815,1021
814,1023
814,1025
814,1026
813,1028
813,1030
813,1032
813,1034
813,1037
813,1039
813,1041
813,1044
813,1046
813,1049
812,1051
812,1054
812,1056
812,1059
812,1061
812,1064
812,1066
812,1069
812,1071
812,1073
812,1076
812,1078
811,1080
811,1082
810,1083
810,1085
809,1086
809,1087
808,1088
807,1089
806,1090
805,1090
804,1091
803,1091
802,1091
801,1090
800,1090
798,1089
797,1089
795,1088
794,1087
792,1086
791,1085
789,1084
787,1083
786,1082
784,1081
782,1080
781,1080
779,1079
778,1079
776,1078
774,1078
773,1078
771,1078
770,1078
768,1078
767,1078
765,1079
764,1079
763,1080
761,1080
760,1081
758,1081
757,1081
755,1082
754,1082
752,1083
751,1083
749,1083
747,1083
746,1083
744,1083
742,1083
740,1082
738,1082
736,1081
734,1080
732,1078
730,1077
727,1075
725,1074
722,1072
720,1070
717,1067
714,1065
711,1063
709,1060
706,1058
703,1055
700,1052
697,1049
694,1047
691,1044
688,1041
685,1038
682,1035
679,1033
676,1030
672,1027
669,1024
666,1022
663,1019
660,1016
657,1014
654,1011
651,1008
648,1006
645,1003
642,1001
639,998
636,996
633,994
631,991
628,989
625,986
623,984
620,981
617,979
615,976
613,973
610,971
608,968
606,965
604,963
602,960
601,957
599,955
597,952
596,949
595,946
594,943
593,940
592,937
591,934
590,931
590,928
589,925
589,921
589,918
589,915
589,911
590,908
590,905
590,901
591,898
592,894
593,891
594,887
595,884
596,880
597,876
599,873
601,869
602,866
604,863
606,859
608,856
610,853
612,850
615,846
617,843
619,840
622,838
625,835
627,832
630,830
633,827
636,825
639,823
642,821
645,819
648,817
651,816
654,814
657,813
660,811
663,810
666,809
669,808
673,807
676,807
679,806
682,806
685,806
688,806
691,806
695,806
698,807
701,807
704,808
707,809
710,810
713,812
716,814
719,815
722,817
724,820
727,822
730,824
733,827
735,830
738,833
740,836
743,839
745,842
747,845
749,849
751,852
753,856
755,860
757,863
759,867
761,871
762,875
764,879
765,883
767,887
768,891
769,895
770,899
772,903
773,908
774,912
775,917
776,922
777,927
779,933
780,938
781,944
782,951
784,957
785,964
787,971
788,978
790,985
791,993
793,1000
794,1007
796,1014
797,1021
798,1028
799,1035
800,1041
801,1047
801,1053
802,1058
802,1064
802,1068
802,1073
802,1077
801,1080
800,1084
800,1087
799,1089
798,1092
796,1094
795,1095
793,1097
792,1099
790,1100
788,1102
787,1103
785,1105
783,1106
781,1108
780,1110
778,1112
776,1115
775,1117
773,1120
772,1123
770,1127
769,1130
768,1134
766,1138
765,1141
764,1145
763,1149
762,1153
760,1157
759,1161
758,1165
757,1169
756,1173
755,1177
754,1180
753,1184
752,1188
750,1192
749,1195
748,1199
747,1203
746,1206
745,1210
743,1213
742,1217
741,1220
740,1224
739,1227
737,1230
736,1233
735,1236
734,1239
732,1241
731,1244
730,1246
728,1249
727,1251
726,1253
724,1254
723,1256
721,1257
720,1258
719,1259
717,1260
716,1261
715,1261
713,1261
712,1262
711,1262
710,1262
709,1262
708,1261
708,1261
707,1261
707,1261
707,1260
707,1260
707,1260
707,1259
707,1259
708,1259
709,1258
710,1258
711,1257
712,1257
713,1256
715,1256
717,1255
719,1255
721,1254
723,1253
726,1252
728,1251
731,1249
734,1248
737,1246
740,1245
743,1243
746,1241
749,1238
753,1236
756,1233
759,1231
763,1228
766,1225
770,1223
773,1220
777,1217
780,1214
784,1211
788,1208
791,1205
795,1202
799,1199
803,1196
807,1193
811,1189
815,1186
819,1182
823,1178
828,1175
832,1171
836,1167
841,1163
846,1158
850,1154
855,1150
860,1145
865,1141
870,1136
876,1131
881,1127
886,1122
891,1117
897,1113
902,1108
908,1104
913,1099
918,1095
924,1090
929,1086
934,1081
939,1077
944,1073
949,1069
954,1065
959,1061
964,1057
969,1053
973,1049
978,1046
982,1042
986,1038
991,1034
995,1031
999,1026
1003,1022
1008,1018
1012,1014
1016,1009
1020,1005
1024,1000
1028,996
1032,991
1036,986
1040,982
1044,977
1048,972
1053,968
1057,963
1061,958
1065,953
1069,949
1073,944
1077,939
1081,935
1085,930
1090,926
1094,921
1098,917
1102,913
1106,908
1110,904
1114,900
1118,896
1122,892
1126,887
1130,883
1134,879
1138,875
1142,871
1146,867
1150,863
1154,859
1158,855
1161,851
1165,847
1169,842
1172,838
1176,834
1179,829
1183,825
1186,820
1189,815
1193,811
1196,806
1199,801
1202,797
1205,792
1208,787
1211,782
1214,778
1217,773
1220,768
1223,763
1226,759
1229,754
1231,749
1234,744
1237,740
1240,735
1243,730
1245,726
1248,721
1251,716
1253,712
1256,707
1259,703
1261,698
1264,694
1267,690
1269,685
1272,681
1274,676
1277,672
1279,667
1282,663
1284,659
1286,654
1289,650
1291,645
1293,641
1296,636
1298,632
1300,627
1303,623
1305,619
1307,614
1309,610
1311,606
1313,601
1315,597
1317,593
1319,588
1321,584
1323,580
1325,576
1327,571
1329,567
1330,562
1332,558
1334,554
1335,549
1337,545
1338,540
1340,536
1341,532
1342,527
1344,523
1345,519
1346,515
1347,511
1347,506
1348,502
1349,499
1349,495
1350,491
1350,487
1350,483
1350,480
1350,476
1350,473
1350,470
1350,466
1350,463
1349,460
1348,457
1348,454
1347,452
1346,449
1345,446
1344,444
1343,441
1342,439
1341,437
1340,435
1339,433
1338,431
1337,429
1336,427
1335,425
1334,424
1333,422
1332,421
1331,419
1330,418
1329,417
1328,416
1327,416
1326,415
1326,415
1325,414
1325,414
1324,414
1324,414
1323,413
1323,413
1323,413
1323,413
1323,413
1323,413
1323,413
1323,413
1323,413
1323,413
1323,413
1324,413
1324,414
1324,414
1325,414
1325,414
1326,414
1326,414
1327,414
1327,414
1328,415
1329,415
1329,415
1330,416
1331,416
1332,417
1332,417
1333,418
1334,419
1335,420
1336,420
1337,421
1338,422
1339,423
1340,424
1341,425
1342,427
1343,428
1344,429
1345,431
1347,432
1348,433
1349,435
1350,436
1351,437
1352,439
1354,440
1355,442
1356,444
1357,445
1358,447
1360,449
1361,451
1362,453
1363,455
1364,458
1365,460
1366,463
1367,465
1368,468
1368,471
1369,473
1370,476
1371,479
1371,482
1372,485
1373,488
1373,491
1374,494
1374,497
1375,500
1375,503
1376,506
1376,509
1376,512
1377,515
1377,518
1377,521
1378,524
1378,527
1378,530
1378,534
1379,537
1379,540
1379,543
1379,546
1379,549
1380,552
1380,555
1380,559
1380,562
1380,565
1381,568
1381,572
1381,575
1381,579
1381,582
1381,586
1382,590
1382,593
1382,597
1382,601
1382,605
1382,609
1383,614
1383,618
1383,622
1383,626
1383,631
1383,635
1384,639
1384,644
1384,648
1384,652
1384,657
1384,661
1385,666
1385,670
1385,674
1385,678
1385,683
1385,687
1385,691
1386,695
1386,699
1386,703
1386,707
1386,711
1386,714
1387,718
1387,722
1387,726
1387,730
1388,733
1388,737
1388,741
1388,745
1389,748
1389,752
1389,756
1390,760
1390,763
1390,767
1391,771
1391,775
1392,779
1392,782
1393,786
1393,790
1394,794
1394,798
1395,801
1395,805
1396,809
1396,812
1397,816
1398,820
1398,823
1399,827
1399,830
1400,834
1401,838
1402,841
1402,845
1403,849
1404,852
1405,856
1405,860
1406,863
1407,867
1408,871
1409,874
1410,878
1410,882
1411,885
1412,889
1413,893
1414,896
1415,899
1416,903
1417,906
1418,909
1419,912
1420,915
1421,918
1422,921
1423,923
1424,926
1425,929
1426,931
1428,933
1429,936
1430,938
1431,940
1432,942
1433,944
1434,947
1435,949
1436,950
1438,952
1439,954
1440,956
1441,958
1442,960
1443,961
1444,963
1445,965
1446,966
1448,968
1449,969
1450,971
1451,972
1452,974
1453,975
1454,977
1455,978
1456,980
1458,981
1459,983
1460,984
1461,985
1462,987
1463,988
1464,989
1465,991
1467,992
1468,993
1469,994
1470,996
1471,997
1472,998
1474,1000
1475,1001
1476,1002
1477,1003
1478,1004
1480,1005
1481,1006
1482,1007
1483,1007
1485,1008
1486,1009
1487,1009
1488,1010
1490,1010
1491,1011
1492,1011
1493,1011
1495,1012
1496,1012
1497,1013
1498,1013
1500,1013
1501,1014
1502,1014
1503,1015
1504,1015
1506,1015
1507,1016
1508,1016
1509,1017
1510,1017
1511,1018
1512,1018
1513,1019
1514,1020
1515,1020
1516,1021
1517,1021
1518,1022
1519,1023
1520,1023
1520,1024
1521,1025
1522,1025
1523,1026
1524,1027
1524,1027
1525,1028
1526,1029
1527,1029
1527,1030
1528,1030
1529,1031
1529,1032
1530,1032
1531,1033
1531,1033
1532,1033
1532,1034
1533,1034
1533,1035
1534,1035
1534,1035
1535,1036
1535,1036
1536,1037
1536,1037
1537,1038
1537,1038
1537,1039
1538,1040
1538,1040
1538,1041
1539,1042
1539,1042
1539,1043
1540,1044
1540,1045
1540,1046
1540,1047
1541,1048
1541,1050
1541,1051
1541,1052
1541,1053
1541,1055
1542,1056
1542,1057
1542,1058
1542,1059
1542,1061
1542,1062
1542,1063
1542,1064
1542,1065
1542,1066
1542,1067
1542,1068
1542,1069
1542,1070
1542,1071
1542,1072
1542,1073
1542,1074
1542,1075
1542,1076
1542,1078
1542,1079
1542,1080
1542,1081
1542,1082
1542,1084
1541,1085
1541,1086
1541,1087
1541,1088
1541,1089
1541,1090
1541,1091
1541,1092
1541,1093
1540,1094
1540,1095
1540,1095
1540,1096
1540,1096
1540,1097
1540,1097
1540,1097
1540,1097
1540,1097
1540,1097
1540,1097
1540,1097
1540,1097
1540,1097
1540,1097
1540,1097
1540,1097
1540,1097
1540,1097
1540,1097
1540,1097
1540,1097
1540,1097
1540,1097
1540,1097
1539,1097
1539,1097
1539,1097
1539,1097
1539,1097
1539,1096
1539,1096
1539,1096
1539,1096
1539,1096
1539,1095
1539,1095
1539,1095
1539,1094
1539,1094
1539,1093
1540,1093
1540,1092
1540,1092
1540,1091
1540,1091
1540,1090
1540,1090
1540,1089
1540,1089
1540,1088
1540,1088
1540,1088
1540,1087
1540,1087
1540,1087
1541,1087
1541,1087
1541,1087
1541,1087
1541,1087
1541,1087
1541,1087
1541,1088
1541,1088
1541,1088
1541,1089
1541,1089
1541,1089
1541,1090
1541,1090
1541,1091
1541,1091
1541,1091
1540,1091
1540,1092
1540,1092
1540,1092
1540,1092
1540,1093
1540,1093
1540,1093
1540,1093
1540,1093
1540,1094
1540,1094
1540,1094
1540,1094
1540,1094
1540,1095
1540,1095
1540,1095
1540,1095
1540,1096
1540,1096
1540,1096
1540,1096
1540,1096
1540,1097
1540,1097
1541,1097
1541,1097
1541,1097
1541,1097
1541,1097
1541,1097
1541,1097
1541,1097
1541,1097
1541,1097
1541,1097
1541,1097
1541,1096
1541,1096
1541,1096
1541,1095
1541,1095
1541,1094
1541,1094
1541,1093
1541,1093
1541,1092
1541,1091
1541,1091
1541,1090
1541,1090
1541,1090
1541,1090
1541,1091
1541,1092
1541,1093
1541,1095
1540,1097
1540,1100
1540,1103
1539,1107
1539,1111
1538,1116
1538,1121
1537,1126
1536,1132
1536,1138
1535,1145
1534,1151
1533,1158
1532,1165
1531,1172
1530,1179
1529,1186
1528,1192
1527,1199
1526,1205
1524,1210
1523,1216
1522,1221
1521,1225
1520,1229
1519,1232
1519,1234
1518,1236
1517,1237
1516,1237
1516,1236
1515,1235
1515,1233
1515,1230
1514,1227
1514,1223
1514,1219
1514,1214
1514,1209
1514,1204
1514,1198
1514,1192
1514,1187
1514,1181
1514,1175
1514,1169
1514,1163
1514,1157
1514,1152
1514,1146
1514,1141
1514,1136
1514,1131
1514,1127
1514,1123
1514,1120
1513,1116
1513,1113
1513,1111
1512,1109
1512,1107
1511,1105
1510,1104
1510,1103
1509,1102
1508,1102
1508,1102
1507,1102
1506,1102
1505,1102
1505,1102
1504,1102
1503,1102
1502,1102
1502,1102
1501,1102
1500,1102
1499,1102
1498,1103
1497,1103
1497,1103
1496,1104
1495,1104
1494,1105
1493,1105
1492,1106
1491,1108
1490,1109
1489,1111
1488,1113
1487,1115
1486,1118
1485,1121
1484,1125
1483,1129
1481,1132
1480,1136
1479,1140
1478,1144
1477,1148
1476,1152
1475,1155
1474,1158
1473,1161
1472,1163
1471,1165
1470,1167
1469,1167
1469,1168
1468,1167
1467,1166
1467,1165
1466,1163
1466,1160
1465,1157
1465,1154
1465,1150
1464,1146
1464,1141
1464,1137
1463,1132
1463,1127
1463,1122
1463,1118
1462,1113
1462,1109
1462,1104
1461,1101
1461,1097
1460,1094
1460,1092
1460,1090
1459,1088
1459,1086
1458,1086
1457,1085
1457,1084
1456,1084
1456,1084
1455,1084
1455,1084
1454,1084
1454,1083
1453,1083
1453,1083
1453,1082
1452,1082
1452,1081
1451,1080
1451,1080
1451,1079
1450,1078
1450,1077
1449,1076
1449,1076
1449,1075
1448,1074
1448,1074
1448,1073
1447,1072
1447,1072
1447,1072
1446,1071
1446,1071
1446,1071
1445,1071
1445,1072
1445,1072
1444,1073
1444,1073
1444,1074
1444,1074
1443,1075
1443,1076
1443,1077
1442,1078
1442,1079
1442,1080
1441,1080
1441,1081
1441,1082
1441,1083
1440,1083
1440,1084
1439,1084
1439,1084
1439,1084
1438,1084
1438,1084
1438,1084
1437,1084
1437,1083
1436,1083
1436,1082
1435,1081
1435,1081
1435,1080
1434,1079
1433,1079
1433,1078
1432,1077
1432,1077
1431,1076
1430,1076
1429,1075
1429,1075
1428,1075
1427,1074
1426,1074
1425,1074
1424,1074
1423,1074
1422,1074
1420,1074
1419,1075
1418,1075
1417,1075
1415,1075
1414,1075
1413,1076
1411,1076
1410,1076
1409,1076
1407,1076
1406,1075
1405,1075
1403,1075
1402,1074
1401,1074
1399,1073
1398,1072
1397,1071
1395,1070
1394,1070
1393,1069
1392,1068
1390,1067
1389,1066
1388,1064
1386,1063
1385,1062
1384,1061
1383,1060
1381,1059
1380,1058
1379,1057
1377,1056
1376,1055
1375,1054
1374,1053
1372,1052
1371,1051
1370,1050
1369,1049
1367,1048
1366,1046
1365,1045
1364,1044
1363,1042
1362,1041
1361,1039
1360,1038
1359,1036
1358,1034
1357,1032
1356,1031
1355,1028
1354,1026
1353,1024
1353,1022
1352,1019
1351,1017
1351,1014
1350,1012
1350,1009
1349,1006
1349,1003
1348,1001
1348,998
1347,995
1347,992
1347,990
1346,987
1346,984
1345,982
1345,979
1344,977
1344,974
1343,972
1343,969
1342,967
1342,965
1341,962
1341,960
1340,958
1339,956
1339,954
1338,951
1337,949
1336,947
1335,946
1335,944
1334,942
1333,940
1332,939
1331,937
1330,936
1329,935
1328,933
1327,932
1326,930
1325,929
1324,928
1323,926
1322,925
1321,923
1320,922
1319,920
1318,918
1317,917
1315,915
1314,913
1313,911
1311,909
1310,907
1308,905
1307,902
1305,900
1304,897
1302,895
1300,892
1299,889
1297,887
1295,884
1293,881
1292,878
1290,875
1288,872
1286,869
1284,866
1282,863
1280,860
1278,858
1276,855
1274,852
1272,849
1270,846
1268,843
1266,841
1264,838
1262,835
1260,833
1257,830
1255,827
1253,825
1251,822
1249,819
1247,817
1245,815
1243,812
1241,810
1239,807
1236,805
1234,802
1232,800
1230,798
1228,795
1226,793
1224,790
1222,788
1219,785
1217,783
1215,780
1213,777
1211,775
1209,772
1207,769
1204,767
1202,764
1200,761
1198,758
1196,755
1194,752
1191,749
1189,745
1187,742
1185,739
1183,736
1180,732
1178,729
1176,725
1174,722
1171,719
1169,715
1167,712
1165,709
1163,706
1160,703
1158,699
1156,696
1154,693
1152,690
1149,688
1147,685
1145,682
1143,679
1140,676
1138,674
1136,671
1134,668
1132,666
1129,663
1127,661
1125,658
1123,656
1120,654
1118,651
1116,649
1113,646
1111,644
1109,642
1106,639
1104,637
1102,634
1099,632
1097,630
1095,627
1092,625
1090,623
1088,621
1085,619
1083,617
1081,615
1078,613
1076,611
1074,609
1071,607
1069,606
1067,604
1064,603
1062,601
1059,600
1057,599
1055,597
1052,596
1050,595
1047,594
1045,594
1042,593
1039,592
1037,591
1034,590
1031,590
1029,589
1026,588
1023,588
1020,587
1017,587
1014,586
1011,586
1008,586
1005,585
1002,585
998,585
995,585
992,585
989,585
985,585
982,585
978,585
975,585
972,585
968,586
964,586
961,586
957,587
954,587
950,587
946,588
943,588
939,588
935,589
932,589
928,590
924,590
920,591
917,592
913,592
909,593
906,594
902,595
898,596
895,597
891,598
887,599
884,600
880,601
877,603
873,605
870,606
867,608
863,610
860,612
857,613
853,615
850,617
847,619
844,621
841,623
838,625
836,626
833,628
831,630
828,631
826,632
825,634
823,635
821,636
820,637
819,637
818,638
817,638
817,638
817,639
