1972,888
1972,889
1972,890
1972,891
1971,893
1971,895
1971,897
1970,900
1970,902
1970,905
1969,909
1969,912
1969,915
1968,918
1968,922
1968,925
1968,928
1968,931
1969,934
1969,937
1969,939
1970,941
1971,943
1972,945
1973,947
1974,948
1975,950
1976,951
1977,952
1978,954
1980,955
1981,956
1982,957
1984,958
1985,959
1987,960
1988,961
1990,963
1991,964
1992,965
1994,966
1995,968
1997,969
1998,970
2000,972
2001,973
2003,974
2004,976
2006,977
2007,978
2009,979
2011,980
2013,981
2014,982
2016,983
2018,984
2020,985
2022,986
2024,987
2026,987
2028,988
2031,989
2033,989
2035,990
2038,991
2040,991
2043,992
2045,992
2048,993
2050,994
2053,995
2056,996
2058,996
2061,997
2064,998
2067,999
2070,1000
2073,1001
2076,1002
2079,1004
2082,1005
2085,1006
2088,1007
2091,1008
2094,1010
2098,1011
2101,1012
2104,1014
2108,1015
2111,1017
2114,1018
2118,1020
2121,1022
2124,1024
2127,1026
2131,1028
2134,1031
2137,1033
2140,1036
2144,1038
2147,1041
2150,1044
2153,1048
2156,1051
2159,1055
2162,1058
2165,1062
2168,1066
2171,1070
2173,1074
2176,1078
2179,1082
2182,1086
2185,1091
2188,1095
2191,1099
2193,1104
2196,1108
2199,1112
2202,1117
2205,1121
2208,1126
2211,1130
2214,1134
2217,1139
2220,1143
2223,1148
2226,1152
2229,1157
2231,1161
2234,1166
2237,1171
2240,1175
2242,1180
2245,1185
2248,1190
2250,1195
2253,1201
2255,1206
2258,1211
2260,1216
2262,1221
2265,1227
2267,1232
2269,1237
2271,1242
2274,1248
2276,1253
2278,1258
2281,1263
2283,1268
2285,1273
2288,1278
2290,1283
2293,1287
2296,1292
2298,1296
2301,1300
2304,1304
2308,1308
2311,1311
2315,1315
2318,1318
2322,1321
2326,1323
2331,1325
2335,1327
2340,1329
2344,1331
2349,1332
2354,1333
2359,1334
2364,1334
2369,1334
2375,1334
2380,1334
2385,1334
2390,1333
2395,1333
2400,1332
2405,1331
2410,1330
2414,1329
2419,1328
2423,1328
2426,1327
2430,1326
2433,1326
2436,1326
2438,1325
2441,1325
2443,1325
2445,1325
2446,1326
2447,1326
2448,1327
2449,1327
2450,1328
2450,1329
2450,1330
2450,1331
2450,1332
2449,1333
2449,1334
2448,1336
2447,1337
2447,1338
2446,1339
2445,1340
2443,1341
2442,1341
2441,1342
2440,1342
2439,1343
2437,1343
2436,1343
2435,1343
2433,1343
2432,1343
2430,1343
2429,1343
2427,1343
2425,1342
2424,1342
2422,1341
2420,1341
2418,1340
2417,1339
2415,1338
2413,1337
2412,1336
2410,1335
2409,1333
2407,1332
2406,1330
2405,1328
2403,1326
2402,1324
2401,1322
2399,1320
2398,1318
2397,1316
2396,1314
2394,1312
2393,1311
2392,1309
2390,1307
2389,1305
2387,1303
2386,1301
2384,1299
2383,1297
2381,1295
2380,1294
2378,1292
2377,1291
2375,1289
2373,1287
2371,1286
2370,1285
2368,1283
2366,1282
2364,1280
2362,1279
2360,1278
2358,1277
2356,1276
2354,1275
2352,1274
2349,1273
2347,1271
2345,1270
2343,1269
2341,1268
2339,1267
2336,1266
2334,1266
2332,1265
2330,1264
2327,1263
2325,1262
2323,1262
2320,1261
2318,1260
2315,1260
2313,1259
2311,1258
2308,1257
2306,1257
2304,1256
2302,1255
2300,1254
2297,1252
2296,1251
2294,1250
2292,1248
2290,1247
2288,1245
2286,1244
2285,1242
2283,1241
2281,1239
2279,1237
2278,1236
2276,1234
2274,1232
2272,1231
2271,1230
2269,1229
2267,1227
2265,1226
2262,1226
2260,1225
2258,1224
2256,1223
2253,1223
2251,1223
2249,1222
2246,1222
2243,1222
2241,1222
2238,1222
2236,1221
2233,1221
2230,1221
2228,1221
2225,1221
2223,1220
2221,1220
2218,1219
2216,1219
2213,1218
2211,1218
2209,1217
2207,1216
2205,1215
2203,1214
2201,1213
2199,1211
2197,1210
2195,1209
2193,1208
2191,1206
2189,1205
2187,1204
2185,1203
2183,1202
2181,1201
2179,1200
2177,1199
2175,1198
2172,1197
2170,1196
2168,1195
2166,1195
2164,1194
2162,1193
2160,1192
2158,1191
2156,1190
2154,1188
2152,1187
2150,1186
2148,1185
2147,1184
2145,1183
2143,1182
2141,1181
2139,1180
2137,1179
2135,1178
2133,1177
2131,1176
2129,1175
2127,1175
2125,1174
2123,1173
2121,1173
2119,1172
2117,1171
2115,1171
2113,1170
2111,1169
2109,1169
2106,1168
2104,1168
2102,1167
2100,1166
2098,1166
2096,1165
2094,1164
2092,1163
2090,1162
2088,1161
2086,1160
2084,1159
2082,1158
2080,1157
2078,1156
2076,1155
2074,1153
2072,1152
2071,1151
2069,1150
2067,1149
2065,1148
2063,1147
2061,1146
2059,1145
2057,1144
2054,1144
2052,1143
2050,1143
2048,1142
2046,1142
2043,1141
2041,1141
2039,1141
2037,1140
2034,1140
2032,1140
2030,1139
2028,1139
2026,1138
2023,1138
2021,1137
2019,1137
2017,1136
2015,1135
2013,1134
2011,1133
2009,1132
2007,1131
2005,1130
2003,1129
2002,1128
2000,1127
1998,1125
1996,1124
1994,1123
1993,1122
1991,1120
1989,1119
1987,1118
1986,1116
1984,1115
1982,1113
1981,1112
1979,1111
1977,1109
1975,1108
1974,1107
1972,1105
1970,1104
1969,1103
1967,1102
1965,1100
1964,1099
1962,1097
1960,1096
1959,1095
1957,1093
1955,1092
1954,1090
1952,1089
1951,1087
1949,1086
1948,1084
1946,1082
1945,1080
1943,1079
1942,1077
1940,1075
1939,1073
1937,1071
1936,1069
1934,1068
1933,1066
1931,1064
1930,1063
1928,1061
1927,1060
1925,1058
1923,1057
1922,1056
1920,1055
1918,1054
1916,1053
1915,1053
1913,1052
1911,1052
1909,1052
1907,1052
1905,1052
1903,1052
1900,1052
1898,1052
1896,1053
1894,1053
1892,1053
1890,1053
1888,1053
1885,1054
1883,1054
1881,1054
1879,1054
1877,1054
1875,1054
1873,1054
1871,1054
1869,1053
1867,1053
1865,1052
1863,1052
1862,1051
1860,1051
1858,1050
1856,1049
1855,1048
1853,1048
1851,1047
1849,1046
1848,1045
1846,1044
1845,1042
1843,1041
1842,1040
1840,1039
1839,1037
1837,1036
1836,1034
1834,1033
1833,1031
1831,1030
1830,1028
1829,1027
1827,1025
1826,1023
1825,1022
1823,1020
1822,1018
1820,1017
1819,1015
1818,1014
1816,1012
1815,1011
1814,1009
1812,1008
1811,1007
1809,1005
1808,1004
1806,1003
1805,1002
1803,1001
1802,1000
1800,999
1799,998
1797,996
1796,995
1794,994
1793,992
1792,991
1790,989
1789,988
1788,986
1786,984
1785,982
1784,980
1783,978
1782,976
1781,973
1779,971
1778,969
1777,967
1776,966
1775,964
1774,962
1773,960
1772,959
1771,958
1770,956
1769,955
1768,954
1767,953
1766,952
1765,952
1764,951
1764,951
1763,950
1762,950
1762,949
1761,949
1760,949
1760,949
1759,950
1759,950
1758,950
1758,951
1758,952
1757,952
1757,953
1757,954
1757,955
1757,956
1756,957
1756,958
1756,959
1756,960
1756,961
1756,963
1756,964
1756,966
1756,967
1756,969
1756,970
1756,972
1756,974
1756,976
1755,978
1755,980
1755,982
1755,984
1755,986
1755,988
1755,990
1755,993
1754,995
1754,998
1754,1000
1754,1003
1753,1006
1753,1009
1753,1012
1752,1015
1752,1018
1751,1021
1751,1024
1750,1028
1750,1031
1749,1035
1749,1038
1748,1042
1747,1046
1747,1049
1746,1053
1746,1056
1745,1060
1744,1063
1744,1066
1743,1069
1743,1072
1742,1074
1742,1077
1742,1079
1742,1081
1741,1083
1741,1085
1741,1087
1741,1089
1741,1090
1740,1092
1740,1094
1740,1096
1740,1097
1740,1099
1740,1101
1740,1103
1740,1104
1740,1106
1739,1108
1739,1111
1739,1113
1739,1115
1738,1118
1738,1120
1738,1123
1737,1126
1737,1129
1737,1132
1736,1135
1736,1139
1735,1142
1734,1146
1734,1149
1733,1153
1733,1156
1732,1160
1731,1164
1731,1167
1730,1170
1730,1173
1729,1176
1729,1179
1728,1182
1728,1185
1727,1187
1727,1189
1727,1192
1726,1194
1726,1196
1726,1198
1725,1200
1725,1201
1725,1203
1725,1205
1724,1207
1724,1209
1724,1210
1723,1212
1723,1214
1723,1215
1722,1217
1722,1219
1722,1221
1722,1223
1721,1224
1721,1226
1721,1228
1721,1230
1720,1232
1720,1234
1720,1236
1720,1238
1720,1239
1720,1241
1720,1243
1720,1245
1720,1247
1720,1248
1720,1250
1721,1251
1721,1253
1722,1254
1722,1255
1723,1256
1724,1257
1725,1258
1725,1259
1726,1259
1727,1260
1729,1260
1730,1260
1731,1260
1732,1260
1733,1260
1735,1259
1736,1259
1737,1258
1738,1257
1740,1256
1741,1255
1742,1254
1744,1252
1745,1251
1746,1249
1747,1247
1748,1244
1749,1242
1751,1240
1752,1237
1753,1234
1754,1231
1754,1228
1755,1225
1756,1222
1757,1218
1758,1215
1758,1211
1759,1208
1759,1205
1760,1201
1760,1198
1760,1194
1761,1191
1761,1187
1761,1183
1761,1180
1761,1176
1762,1172
1762,1169
1762,1165
1762,1161
1762,1157
1761,1153
1761,1149
1761,1145
1761,1141
1761,1137
1760,1133
1760,1130
1759,1126
1759,1122
1758,1118
1758,1114
1757,1110
1756,1107
1755,1103
1755,1099
1754,1096
1753,1092
1752,1089
1751,1085
1749,1082
1748,1079
1747,1075
1746,1072
1744,1069
1743,1066
1741,1064
1740,1061
1738,1058
1737,1055
1735,1052
1734,1050
1732,1047
1730,1044
1728,1041
1727,1038
1725,1035
1723,1032
1721,1029
1719,1027
1718,1024
1716,1021
1714,1017
1712,1014
1710,1011
1708,1008
1706,1005
1704,1002
1703,999
1701,996
1699,993
1697,990
1695,987
1694,984
1692,981
1690,977
1688,974
1687,971
1685,968
1684,965
1682,962
1680,958
1679,955
1677,952
1676,949
1675,946
1673,943
1672,940
1671,936
1670,933
1668,930
1667,926
1666,923
1665,919
1665,915
1664,912
1663,908
1662,904
1662,900
1661,896
1660,892
1660,888
1659,884
1659,880
1658,876
1657,872
1657,868
1656,864
1656,861
1655,857
1654,853
1654,850
1653,846
1652,843
1651,840
1650,837
1649,834
1648,832
1647,829
1646,827
1644,825
1643,823
1641,821
1640,820
1638,819
1637,818
1635,817
1633,816
1631,815
1629,815
1627,814
1625,814
1623,814
1621,814
1619,814
1617,814
1615,814
1613,814
1611,815
1609,815
1606,816
1604,816
1602,817
1600,818
1598,818
1595,819
1593,820
1591,821
1589,823
1586,824
1584,825
1582,827
1580,828
1578,830
1576,831
1573,833
1571,834
1569,836
1567,838
1565,840
1563,841
1561,843
1559,845
1557,847
1555,849
1553,851
1551,853
1550,855
1548,858
1546,860
1544,862
1542,864
1540,867
1538,869
1537,871
1535,873
1533,876
1531,878
1529,880
1528,882
1526,884
1524,885
1522,887
1520,889
1518,891
1517,892
1515,894
1513,896
1511,897
1509,899
1507,901
1505,902
1503,904
1501,905
1499,907
1497,908
1495,910
1493,911
1491,913
1489,914
1487,915
1485,917
1483,918
1481,919
1479,920
1477,921
1475,922
1473,923
1470,924
1468,925
1466,926
1464,926
1462,927
1460,927
1457,928
1455,928
1453,929
1451,929
1449,929
1446,930
1444,930
1442,930
1440,930
1438,930
1435,930
1433,931
1431,931
1429,932
1427,932
1424,933
1422,934
1420,935
1418,936
1416,937
1414,938
1411,939
1409,941
1407,942
1405,944
1403,945
1401,947
1399,948
1397,950
1395,952
1392,953
1390,955
1388,957
1386,958
1384,960
1382,961
1380,963
1378,965
1376,966
1375,968
1373,969
1371,971
1369,972
1367,974
1365,976
1363,977
1361,979
1360,980
1358,982
1356,983
1354,985
1352,986
1351,987
1349,989
1347,990
1345,991
1344,992
1342,994
1340,995
1339,996
1337,997
1336,998
1334,999
1332,1000
1331,1002
1329,1003
1328,1004
1326,1005
1325,1006
1323,1008
1322,1009
1320,1010
1319,1011
1318,1012
1316,1013
1315,1015
1313,1016
1312,1017
1311,1018
1310,1019
1308,1019
1307,1020
1306,1021
1305,1022
1304,1023
1302,1024
1301,1025
1300,1026
1299,1027
1298,1028
1297,1029
1296,1030
1295,1032
1294,1033
1294,1035
1293,1036
1292,1037
1291,1039
1291,1041
1290,1042
1290,1044
1289,1046
1289,1048
1289,1050
1288,1052
1288,1054
1288,1056
1288,1058
1288,1060
1288,1062
1289,1064
1289,1065
1289,1067
1290,1068
1290,1070
1291,1071
1291,1072
1292,1073
1293,1074
1294,1074
1295,1075
1296,1075
1297,1076
1298,1076
1299,1076
1301,1076
1302,1077
1304,1077
1305,1077
1307,1077
1309,1077
1311,1077
1313,1077
1315,1077
1318,1077
1320,1077
1323,1076
1325,1076
1328,1075
1331,1074
1334,1074
1337,1073
1340,1072
1344,1071
1347,1069
1350,1068
1354,1066
1357,1065
1361,1063
1365,1061
1368,1059
1372,1056
1376,1053
1379,1050
1383,1047
1387,1044
1390,1041
1394,1037
1398,1033
1401,1029
1405,1025
1408,1021
1412,1017
1415,1013
1419,1009
1422,1005
1426,1001
1429,997
1433,992
1436,988
1440,984
1443,980
1447,976
1450,973
1454,969
1457,965
1461,962
1465,959
1468,955
1472,952
1476,950
1479,947
1483,944
1487,942
1490,940
1494,938
1498,936
1501,934
1505,933
1508,931
1512,930
1515,929
1519,928
1522,927
1525,926
1529,926
1532,925
1535,925
1538,924
1540,924
1543,924
1545,924
1548,924
1550,924
1552,923
1554,923
1556,923
1557,923
1559,923
1560,922
1561,922
1562,921
1563,920
1564,920
1565,919
1565,918
1565,917
1565,915
1565,914
1565,913
1565,911
1565,909
1564,908
1563,906
1563,904
1562,902
1561,901
1560,899
1558,897
1557,895
1556,893
1554,891
1553,889
1551,887
1549,885
1547,883
1546,881
1543,879
1541,877
1539,875
1537,873
1535,872
1532,870
1530,868
1527,866
1525,864
1522,862
1519,861
1517,859
1514,857
1511,855
1508,852
1506,850
1503,848
1500,845
1497,843
1494,840
1491,838
1488,835
1485,832
1482,830
1479,827
1476,824
1473,820
1470,817
1467,814
1464,811
1461,807
1458,804
1455,800
1452,797
1449,794
1446,790
1443,787
1440,783
1437,780
1434,777
1431,773
1428,770
1425,767
1422,764
1418,760
1415,757
1412,754
1409,751
1406,748
1402,746
1399,743
1396,740
1393,737
1389,734
1386,731
1383,728
1379,725
1376,722
1372,719
1369,716
1366,712
1362,709
1359,706
1355,702
1352,698
1349,695
1345,691
1342,687
1339,683
1335,679
1332,675
1329,671
1325,667
1322,663
1319,659
1315,655
1312,651
1309,647
1306,643
1302,639
1299,635
1296,631
1293,627
1290,623
1286,619
1283,616
1280,612
1277,608
1274,605
1270,601
1267,597
1264,594
1261,590
1257,587
1254,583
1251,580
1247,576
1244,573
1241,570
1237,567
1234,564
1231,562
1227,559
1224,558
1221,556
1218,555
1214,555
1211,555
1208,555
1205,556
1203,558
1200,560
1197,563
1195,565
1192,568
1190,571
1187,574
1185,577
1183,579
1181,581
1179,583
1177,584
1175,585
1173,586
1171,585
1169,584
1167,583
1165,581
1163,578
1161,574
1160,570
1158,564
1156,559
1154,552
1153,545
1151,538
1149,530
1147,521
1146,513
1144,504
1143,495
1141,486
1139,477
1138,469
1137,460
1135,452
1134,445
1133,438
1132,432
1131,426
1130,420
1129,416
1128,411
1127,408
1127,404
1126,401
1125,399
1125,397
1124,395
1124,393
1123,391
1123,390
1122,389
1122,388
1121,388
1121,387
1121,387
1120,386
1120,386
1119,386
1119,386
1119,386
1118,386
1118,386
1117,386
1116,385
1116,385
1115,385
1115,384
1114,383
1113,382
1112,382
1111,381
1111,380
1110,379
1109,378
1108,377
1107,377
1106,376
1105,375
1104,375
1103,375
1102,374
1101,374
1100,374
1100,375
1099,375
1098,375
1097,376
1097,376
1096,377
1096,377
1095,378
1095,379
1094,380
1094,381
1094,382
1093,383
1093,384
1093,386
1093,387
1093,389
1093,391
1093,393
1093,395
1094,397
1094,399
1094,401
1094,403
1095,406
1095,408
1095,410
1095,412
1096,415
1096,417
1096,419
1097,422
1097,424
1097,426
1098,428
1098,430
1098,432
1098,434
1099,435
1099,437
1099,438
1099,440
1099,441
1099,443
1100,444
1100,445
1100,447
1100,448
1100,450
1100,452
1100,453
1100,455
1100,457
1100,459
1100,461
1101,463
1101,466
1101,468
1101,470
1101,472
1101,474
1101,477
1101,479
1101,481
1101,483
1101,484
1101,486
1101,488
1101,490
1100,492
1100,493
1100,495
1100,497
1100,498
1100,500
1100,502
1100,504
1100,506
1099,507
1099,509
1099,511
1099,513
1099,515
1099,517
1099,519
1098,522
1098,524
1098,526
1098,529
1098,532
1098,534
1098,537
1097,540
1097,543
1097,545
1097,548
1097,550
1096,553
1096,555
1096,558
1095,560
1095,562
1095,564
1094,566
1094,568
1093,570
1093,572
1092,573
1092,575
1092,577
1091,579
1091,580
1090,582
1090,584
1089,586
1089,588
1088,590
1088,592
1087,594
1087,596
1086,598
1086,601
1085,603
1085,605
1085,607
1084,610
1084,612
1083,614
1083,617
1083,619
1082,622
1082,624
1081,627
1081,630
1080,632
1080,635
1080,638
1079,640
1079,643
1078,645
1078,648
1077,650
1077,653
1076,655
1076,658
1075,660
1075,663
1074,665
1074,668
1073,670
1072,673
1072,675
1071,677
1071,680
1070,682
1069,684
1069,686
1068,689
1067,691
1066,693
1066,695
1065,697
1064,699
1064,701
1063,703
1062,705
1061,707
1060,709
1060,711
1059,713
1058,715
1057,717
1057,719
1056,721
1055,723
1054,725
1053,727
1053,730
1052,732
1051,735
1050,738
1049,740
1049,743
1048,746
1047,749
1046,752
1045,755
1044,758
1044,761
1043,764
1042,767
1041,770
1040,772
1039,775
1038,778
1037,780
1036,782
1035,785
1034,787
1033,789
1032,792
1031,794
1030,796
1028,798
1027,800
1026,802
1025,804
1024,806
1023,807
1022,809
1022,811
1021,812
1020,814
1019,815
1018,817
1018,819
1017,820
1016,822
1016,823
1015,825
1015,826
1015,828
1014,829
1014,831
1014,832
1014,834
1014,835
1014,836
1014,838
1014,839
1014,840
1014,841
1015,842
1015,843
1016,844
1016,845
1017,846
1018,846
1019,847
1020,848
1021,849
1022,849
1024,850
1025,851
1027,851
1029,852
1031,853
1033,853
1035,854
1037,854
1040,855
1042,855
1045,855
1048,856
1051,856
1054,856
1058,856
1061,856
1065,856
1068,857
1072,857
1076,857
1080,857
1085,857
1089,857
1093,856
1098,856
1102,856
1107,856
1112,855
1116,855
1121,855
1126,854
1131,854
1136,854
1141,853
1147,853
1152,853
1157,853
1162,853
1168,852
1173,853
1178,853
1184,853
1189,853
1194,854
1200,854
1205,855
1210,856
1215,858
1221,859
1226,861
1231,863
1236,866
1241,868
1245,871
1250,874
1255,877
1259,880
1264,883
1268,886
1272,890
1276,893
1279,896
1283,899
1286,902
1290,905
1293,907
1295,910
1298,912
1301,913
1303,915
1305,916
1307,918
1309,918
1310,919
1312,919
1313,919
1315,919
1316,919
1317,918
1318,917
1319,916
1319,915
1320,914
1321,912
1321,911
1322,909
1323,907
1323,906
1324,904
1324,902
1325,901
1325,899
1326,897
1326,896
1327,894
1327,892
1328,891
1329,889
1329,887
1330,885
1330,883
1331,881
1331,878
1332,876
1332,874
1333,872
1333,869
1334,867
1334,864
1335,862
1336,859
1336,857
1337,854
1337,852
1338,849
1339,847
1339,845
1340,843
1341,841
1341,839
1342,838
1343,836
1344,835
1345,834
1346,833
1347,832
1348,831
1349,831
1350,831
1351,831
1352,830
1354,830
1355,831
1356,831
1358,831
1359,831
1361,831
1362,832
1364,832
1365,832
1367,832
1369,833
1370,833
1372,833
1374,833
1375,832
1377,832
1379,832
1381,832
1383,831
1385,831
1386,830
1388,829
1390,829
1392,828
1394,827
1396,827
1398,826
1400,825
1402,825
1403,824
1405,823
1407,823
1409,822
1411,822
1413,822
1415,821
1417,821
1419,821
1421,821
1423,821
1425,821
1427,821
1429,821
1431,821
1433,821
1435,821
1437,821
1439,821
1441,821
1443,821
1445,821
1447,821
1449,822
1451,822
1453,822
1455,822
1457,822
1459,822
1461,823
1463,823
1465,823
1467,823
1469,823
1471,823
1473,823
1475,823
1477,822
1479,822
1481,822
1483,822
1485,822
1487,821
1489,821
1490,821
1492,820
1494,820
1496,819
1498,818
1500,817
1502,817
1504,816
1506,815
1508,814
1510,813
1512,811
1513,810
1515,809
1518,807
1520,806
1522,805
1524,803
1526,802
1528,801
1530,799
1532,798
1534,797
1537,795
1539,794
1541,793
1543,791
1546,790
1548,789
1550,788
1552,787
1555,786
1557,785
1559,784
1562,784
1564,783
1566,782
1568,782
1571,781
1573,780
1575,780
1577,780
1580,779
1582,779
1584,779
1586,778
1589,778
1591,778
1593,778
1595,778
1597,778
1599,779
1601,779
1603,779
1605,780
1608,780
1610,781
1612,781
1614,782
1616,783
1618,783
1620,784
1622,785
1624,785
1626,786
1627,787
1629,788
1631,789
1633,790
1635,791
1637,792
1639,793
1641,794
1642,795
1644,797
1646,798
1647,800
1649,802
1651,804
1652,806
1654,809
1655,811
1657,813
1658,816
1660,818
1661,820
1663,823
1664,825
1666,827
1668,828
1669,830
1671,832
1673,833
1674,834
1676,836
1678,837
1680,837
1682,838
1684,839
1686,839
1687,839
1689,840
1691,840
1693,840
1695,840
1697,839
1699,839
1701,839
1704,839
1706,838
1708,838
1710,838
1712,837
1714,837
1716,837
1718,837
1720,837
1722,836
1724,836
1726,837
1728,837
1730,837
1732,837
1734,837
1736,837
1738,837
1740,837
1742,836
1744,836
1746,836
1748,836
1750,836
1752,836
1754,837
1756,837
1758,837
1760,838
1761,838
1763,839
1765,840
1767,840
1769,841
1771,842
1772,843
1774,843
1776,844
1778,845
1780,846
1781,846
1783,847
1785,848
1787,848
1789,849
1790,849
1792,850
1794,851
1796,851
1798,852
1799,853
1801,854
1803,854
1805,855
1806,856
1808,857
1810,858
1811,859
1813,861
1815,862
1816,863
1818,864
1819,866
1821,867
1822,869
1824,870
1825,872
1827,874
1828,875
1830,877
1831,879
1833,880
1834,882
1836,884
1837,886
1839,887
1840,889
1842,890
1843,892
1845,893
1847,895
1848,896
1850,898
1851,899
1853,901
1854,902
1856,904
1857,906
1858,907
1860,909
1861,911
1863,912
1864,914
1866,915
1867,917
1869,918
1870,919
1872,920
1874,921
1875,922
1877,923
1879,923
1881,924
1882,924
1884,925
1886,925
1888,925
1890,925
1892,925
1894,925
1896,925
1898,925
1900,925
1902,924
1904,924
1906,924
1908,924
1911,923
1913,923
1915,923
1917,923
1919,923
1921,923
1923,923
1925,923
1927,924
1929,924
1930,925
1932,926
1934,927
1935,928
1937,930
1938,931
1940,932
1942,934
1943,935
1945,936
1946,938
1948,939
1949,940
1951,941
1952,943
1954,944
1955,945
1957,946
1958,947
1960,948
1961,948
1963,949
1965,949
1966,950
1968,950
1970,950
1972,950
1974,949
1975,949
1977,949
1979,948
1981,947
1983,946
1985,946
1988,945
1990,944
1992,943
1994,942
1996,941
1998,941
2000,940
2002,939
2004,939
2006,939
2007,938
2009,938
2011,938
2013,938
2015,938
2016,938
2018,938
2020,938
2021,938
2023,938
2025,938
2026,938
2028,939
2029,939
2031,939
2033,939
2034,939
2036,939
2037,939
2039,938
2041,938
2043,937
2045,936
2046,935
2048,934
2050,933
2052,931
2054,930
2056,929
2058,927
2060,926
2062,924
2064,923
2066,922
2068,921
2070,920
2071,919
2073,918
2075,917
2076,917
2078,916
2080,915
2081,915
2083,914
2084,914
2086,913
2087,913
2089,913
2090,912
2091,912
2093,911
2094,911
2095,910
2096,909
2098,909
2099,908
2100,906
2101,905
2103,904
2104,902
2105,900
2106,898
2107,896
2109,894
2110,892
2111,890
2112,887
2113,885
2114,882
2115,880
2115,878
2116,876
2116,873
2117,871
2117,870
2117,868
2118,866
2118,864
2118,863
2118,862
2117,860
2117,859
2117,858
2116,857
2116,856
2115,856
2115,855
2114,855
2114,854
2113,854
2112,854
2111,854
2111,854
2110,854
2109,854
2108,854
2107,855
2106,855
2105,856
2104,857
2102,859
2101,860
2100,862
2098,864
2097,866
2095,869
2093,872
2091,875
2090,878
2088,881
2086,885
2084,889
2081,893
2079,896
2077,900
2075,905
2073,909
2071,913
2069,916
2067,920
2065,924
2063,928
2061,931
2059,934
2057,937
2055,940
2054,942
2052,945
2051,946
2049,948
2048,950
2047,951
2046,952
2045,953
2044,953
2043,954
2042,954
2041,954
2040,954
2039,954
2038,955
2037,955
2036,955
2035,956
2033,956
2032,957
2031,958
2029,958
2028,959
2027,960
2025,961
2024,962
2023,963
2021,964
2020,965
2019,966
2017,968
2016,969
2015,970
2013,972
2012,973
2011,974
2010,975
2009,977
2008,978
2007,979
2006,980
2005,981
2004,982
2003,983
2003,984
2002,984
2002,985
2002,985
2001,986
2001,986
2001,987
2001,987
2001,987
2001,987
2001,987
2001,987
2001,987
2002,987
2002,987
2002,988
2003,988
2003,988
2004,988
2004,988
2005,988
2005,988
2006,988
2007,988
2007,987
2008,987
2009,987
2009,987
2010,987
2011,987
2012,986
2013,986
2014,985
2015,985
2016,984
2017,984
2018,983
2019,982
2020,982
2021,981
2022,980
2023,979
2025,978
2026,977
2027,976
2028,975
2029,974
2031,973
2032,972
2033,971
2034,970
2036,969
2037,968
2038,966
2040,965
2041,963
2042,962
2044,960
2045,958
2047,957
2048,955
2050,953
2052,950
2053,948
2055,946
2056,944
2057,942
2059,940
2060,937
2061,936
2062,934
2063,932
2064,931
2065,929
2066,928
2066,927
2066,926
2066,926
2066,926
2066,926
2066,926
2065,926
2064,927
2063,928
2062,930
2060,931
2059,933
2057,935
2055,937
2053,939
2051,941
2049,943
2046,945
2044,947
2041,950
2038,952
2036,954
2033,956
2030,959
2027,961
2024,963
2021,965
2018,967
2014,970
2011,972
2008,974
2004,976
2001,978
1998,980
1994,982
1990,984
1987,986
1983,988
1980,989
1976,991
1972,993
1969,994
1965,996
1962,997
1958,998
1955,999
1951,1000
1948,1001
1944,1001
1941,1002
1937,1003
1934,1003
1930,1004
1927,1004
1923,1005
1920,1005
1916,1005
1913,1006
1909,1006
1906,1007
1903,1007
1899,1008
1896,1008
1892,1009
1889,1010
1885,1011
1882,1012
1879,1013
1875,1014
1872,1015
1868,1016
1865,1017
1861,1019
1858,1020
1855,1021
1851,1022
1848,1023
1845,1024
1841,1025
1838,1026
1835,1026
1832,1027
1829,1028
1826,1029
1822,1029
1819,1030
1816,1030
1813,1031
1810,1031
1807,1032
1804,1032
1802,1032
1799,1033
1796,1033
1793,1033
1790,1034
1787,1034
1784,1034
1781,1034
1779,1035
1776,1035
1773,1035
1771,1035
1768,1035
1766,1036
1763,1036
1761,1036
1759,1036
1756,1037
1754,1037
1752,1038
1750,1038
1748,1039
1746,1039
1744,1040
1742,1041
1740,1041
1738,1042
1737,1043
1735,1044
1733,1045
1732,1047
1731,1048
1729,1049
1728,1050
1727,1051
1726,1053
1725,1054
1724,1055
1723,1056
1722,1057
1722,1058
1721,1059
1721,1060
1720,1061
1720,1062
1719,1063
1719,1064
1719,1065
1718,1066
1718,1067
1718,1068
1718,1069
1718,1071
1717,1072
1717,1073
1717,1074
1717,1075
1717,1076
1717,1077
1717,1078
1717,1079
1717,1080
1717,1081
1717,1082
1717,1083
1717,1084
1718,1084
1718,1085
1718,1086
1719,1086
1719,1087
1719,1087
1720,1088
1720,1088
1721,1089
1721,1089
1722,1090
1722,1091
1723,1091
1723,1092
1724,1093
1724,1094
1725,1095
1726,1096
1726,1097
1727,1098
1728,1099
1728,1100
1729,1101
1730,1102
1730,1103
1731,1104
1732,1105
1732,1106
1733,1107
1734,1108
1735,1109
1735,1110
1736,1111
1737,1112
1738,1113
1738,1114
1739,1115
1740,1116
1741,1117
1742,1118
1742,1119
1743,1120
1744,1122
1745,1123
1745,1124
1746,1126
1747,1127
1747,1129
1748,1131
1749,1132
1750,1134
1750,1135
1751,1137
1752,1138
1753,1139
1754,1140
1754,1142
1755,1142
1756,1143
1757,1144
1758,1144
1760,1144
1761,1145
1762,1145
1763,1145
1764,1144
1766,1144
1767,1144
1769,1143
1770,1143
1771,1143
1773,1142
1774,1141
1776,1141
1778,1140
1779,1140
1781,1139
1782,1139
1784,1138
1786,1138
1787,1137
1789,1137
1791,1136
1792,1136
1794,1136
1796,1136
1797,1136
1799,1136
1801,1135
1802,1135
1804,1135
1806,1135
1807,1135
1809,1135
1811,1135
1812,1135
1814,1135
1816,1135
1818,1135
1819,1135
1821,1135
1823,1135
1825,1135
1826,1135
1828,1135
1829,1135
1831,1135
1832,1135
1834,1135
1835,1135
1837,1136
1838,1136
1839,1137
1840,1137
1841,1138
1842,1139
1843,1139
1844,1140
1845,1141
1846,1142
1846,1143
1847,1144
1848,1146
1848,1147
1849,1148
1849,1149
1850,1150
1850,1151
1850,1152
1851,1153
1851,1154
1851,1155
1851,1156
1852,1157
1852,1157
1852,1158
1852,1159
1852,1159
1851,1159
1851,1160
1851,1160
1851,1160
1850,1161
1850,1161
1849,1161
1849,1161
1848,1161
1847,1161
1846,1162
1845,1162
1844,1162
1843,1162
1842,1162
1841,1162
1839,1162
1838,1162
1836,1161
1835,1161
1833,1161
1831,1160
1830,1160
1828,1160
1826,1159
1824,1159
1822,1158
1820,1157
1818,1156
1816,1155
1814,1154
1812,1153
1810,1152
1808,1150
1806,1149
1803,1147
1801,1146
1799,1144
1797,1142
1794,1140
1792,1138
1790,1136
1788,1134
1786,1131
1783,1129
1781,1126
1779,1123
1777,1121
1775,1118
1772,1114
1770,1111
1768,1108
1766,1104
1764,1101
1761,1097
1759,1093
1757,1089
1755,1085
1753,1081
1751,1076
1748,1071
1746,1067
1744,1062
1742,1057
1740,1052
1738,1047
1735,1041
1733,1036
1731,1031
1729,1026
1726,1021
1724,1015
1722,1010
1720,1005
1718,1000
1715,994
1713,989
1711,984
1709,979
1707,974
1704,969
1702,964
1700,959
1698,954
1696,949
1694,944
1692,939
1689,934
1687,929
1685,925
1683,920
1681,915
1679,910
1677,905
1676,901
1674,896
1672,891
1670,886
1668,881
1667,876
1665,871
1664,866
1662,861
1661,856
1659,850
1658,845
1657,840
1656,835
1655,830
1654,825
1653,820
1651,815
1650,810
1649,805
1648,800
1647,796
1646,791
1645,786
1644,782
1643,777
1642,773
1640,768
1639,764
1637,760
1636,756
1634,752
1632,748
1630,744
1628,740
1626,736
1624,732
1622,729
1619,726
1616,722
1614,719
1611,716
1608,713
1605,711
1602,708
1599,706
1595,703
1592,701
1589,699
1585,697
1582,696
1578,694
1575,693
1571,692
1568,691
1564,690
1561,689
1557,689
1553,688
1550,688
1546,688
1543,688
1539,689
1536,689
1533,689
1529,690
1526,690
1523,690
1520,691
1516,691
1513,691
1510,692
1507,692
1505,692
1502,692
1499,692
1496,692
1494,692
1491,692
1489,692
1486,693
1484,693
1482,693
1480,694
1478,694
1475,695
1473,695
1472,696
1470,697
1468,698
1466,700
1464,701
1463,703
1461,704
1459,706
1458,708
1456,710
1455,713
1454,715
1452,718
1451,720
1449,723
1448,726
1447,729
1446,732
1445,735
1443,738
1442,741
1441,744
1440,748
1439,751
1438,754
1437,757
1435,761
1434,764
1433,767
1432,770
1431,774
1430,777
1429,781
1428,784
1427,787
1426,791
1424,795
1423,798
1422,802
1421,806
1420,809
1418,813
1417,817
1416,820
1415,824
1413,828
1412,832
1411,836
1409,840
1408,843
1407,847
1405,851
1404,855
1402,859
1401,863
1400,866
1398,870
1397,874
1395,878
1394,881
1392,885
1391,889
1390,893
1388,896
1387,900
1385,904
1384,908
1383,912
1381,916
1380,920
1379,924
1377,928
1376,932
1375,937
1374,941
1372,946
1371,950
1370,955
1369,959
1368,964
1367,969
1366,973
1365,978
1364,983
1363,988
1362,993
1361,998
1360,1003
1359,1009
1359,1014
1358,1019
1358,1024
1357,1030
1356,1035
1356,1040
1356,1046
1355,1051
1355,1056
1355,1062
1355,1067
1354,1072
1354,1077
1354,1082
1354,1087
1354,1092
1354,1097
1355,1102
1355,1107
1355,1112
1355,1117
1355,1121
1356,1126
1356,1131
1356,1136
1357,1140
1357,1145
1358,1150
1358,1154
1359,1159
1359,1164
1359,1169
1360,1174
1360,1178
1361,1183
1361,1188
1361,1193
1362,1198
1362,1204
1362,1209
1362,1214
1362,1219
1362,1225
1363,1230
1363,1235
1362,1241
1362,1246
1362,1252
1362,1257
1362,1263
1361,1268
1361,1274
1360,1280
1360,1285
1359,1291
1358,1296
1357,1301
1357,1307
1356,1312
1355,1317
1354,1322
1353,1327
1352,1332
1350,1337
1349,1342
1348,1347
1347,1352
1346,1356
1344,1361
1343,1366
1342,1370
1341,1375
1340,1379
1339,1384
1338,1388
1337,1392
1336,1396
1336,1401
1335,1405
1335,1409
1335,1413
1335,1417
1335,1421
1336,1425
1336,1429
1337,1433
1338,1437
1340,1441
1341,1444
1343,1448
1344,1452
1346,1455
1349,1458
1351,1462
1354,1465
1356,1468
1359,1470
1362,1473
1366,1475
1369,1477
1372,1479
1376,1480
1380,1482
1384,1483
1387,1484
1391,1485
1395,1486
1399,1486
1403,1487
1407,1487
1412,1488
1416,1488
1420,1488
1424,1488
1428,1488
1432,1488
1436,1488
1441,1488
1445,1488
1449,1488
1453,1488
1457,1488
1461,1488
1465,1488
1469,1488
1473,1489
1476,1489
1480,1489
1484,1490
1488,1491
1491,1491
1495,1492
1498,1493
1502,1494
1505,1495
1508,1496
1511,1497
1515,1499
1518,1500
1521,1502
1524,1503
1526,1505
1529,1507
1532,1509
1534,1511
1537,1513
1539,1515
1542,1518
1544,1520
1546,1522
1548,1525
1550,1528
1552,1530
1554,1533
1555,1536
1557,1538
1558,1541
1560,1544
1561,1547
1563,1550
1564,1552
1565,1555
1566,1558
1567,1561
1568,1563
1569,1566
1570,1568
1571,1570
1572,1573
1573,1575
1574,1577
1574,1579
1575,1580
1576,1582
1577,1584
1578,1585
1579,1586
1580,1587
1580,1588
1581,1589
1582,1590
1583,1590
1584,1591
1585,1591
1587,1591
1588,1592
1589,1592
1590,1592
1592,1591
1593,1591
1594,1591
1596,1591
1597,1590
1599,1590
1601,1589
1602,1589
1604,1588
1606,1587
1607,1587
1609,1586
1611,1585
1613,1584
1614,1584
1616,1583
1618,1582
1620,1581
1622,1580
1624,1579
1625,1578
1627,1577
1629,1576
1631,1575
1633,1574
1635,1573
1637,1572
1639,1571
1641,1570
1643,1569
1645,1568
1647,1567
1649,1566
1652,1565
1654,1564
1656,1563
1658,1563
1661,1562
1663,1561
1666,1561
1668,1561
1671,1560
1673,1560
1676,1560
1679,1560
1681,1560
1684,1561
1687,1561
1690,1561
1693,1562
1696,1563
1699,1563
1702,1564
1705,1565
1708,1566
1711,1567
1714,1568
1717,1569
1720,1571
1724,1572
1727,1573
1730,1575
1733,1576
1736,1577
1740,1579
1743,1580
1746,1582
1749,1583
1752,1585
1755,1586
1759,1588
1762,1589
1765,1591
1768,1592
1771,1594
1774,1595
1777,1596
1780,1598
1782,1599
1785,1600
1788,1601
1791,1603
1794,1604
1796,1605
1799,1606
1802,1606
1805,1607
1807,1608
1810,1608
1813,1609
1815,1609
1818,1610
1821,1610
1823,1610
1826,1611
1828,1611
1831,1611
1833,1611
1836,1611
1838,1611
1841,1611
1843,1611
1846,1611
1848,1610
1851,1610
1853,1610
1855,1610
1858,1610
1860,1610
1862,1610
1864,1610
1867,1610
1869,1609
1871,1609
1873,1609
1875,1609
1877,1609
1879,1609
1882,1609
1884,1609
1886,1609
1888,1609
1890,1609
1892,1609
1894,1609
1897,1609
1899,1608
1901,1608
1903,1608
1905,1608
1907,1608
1910,1607
1912,1607
1914,1607
1916,1606
1918,1606
1920,1606
1923,1605
1925,1605
1927,1605
1929,1604
1931,1604
1933,1603
1936,1603
1938,1602
1940,1602
1942,1602
1944,1601
1946,1601
1949,1600
1951,1600
1953,1599
1955,1599
1957,1598
1959,1598
1962,1597
1964,1597
1966,1596
1968,1596
1970,1595
1973,1595
1975,1594
1977,1593
1979,1593
1982,1592
1984,1592
1986,1591
1989,1590
1991,1590
1994,1589
1996,1589
1999,1588
2002,1588
2004,1587
2007,1587
2010,1586
2013,1586
2016,1585
2019,1585
2022,1585
2025,1585
2028,1584
2032,1584
2035,1584
2038,1584
2042,1585
2046,1585
2049,1585
2053,1585
2057,1586
2061,1586
2065,1587
2069,1588
2073,1589
2077,1590
2081,1591
2085,1592
2090,1593
2094,1594
2098,1595
2103,1597
2107,1599
2112,1600
2116,1602
2121,1604
2126,1606
2130,1608
2135,1611
2139,1613
2144,1616
2148,1619
2153,1622
2157,1625
2162,1629
2166,1632
2171,1636
2175,1640
2179,1644
2184,1648
2188,1652
2192,1656
2196,1661
2200,1665
2205,1670
2209,1674
2213,1679
2217,1683
2221,1688
2225,1692
2229,1697
2233,1701
2237,1706
2242,1710
2246,1714
2250,1718
2254,1722
2258,1726
2263,1730
2267,1734
2271,1737
2276,1740
2280,1743
2284,1746
2289,1749
2293,1752
2297,1754
2301,1757
2306,1759
2310,1761
2314,1763
2318,1765
2322,1767
2326,1768
2330,1770
2334,1771
2337,1772
2341,1773
2345,1774
2348,1775
2352,1776
2355,1776
2358,1777
2362,1777
2365,1777
2368,1777
2370,1777
2373,1777
2376,1777
2378,1777
2381,1777
2383,1776
2386,1776
2388,1775
2390,1774
2392,1774
2394,1773
2396,1772
2398,1771
2400,1769
2401,1768
2403,1766
2405,1765
2407,1763
2408,1761
2410,1759
2412,1758
2413,1755
2415,1753
2416,1751
2418,1749
2419,1747
2420,1745
2421,1742
2422,1740
2423,1738
2424,1736
2425,1734
2426,1732
2426,1730
2427,1728
2427,1726
2427,1724
2427,1722
2427,1721
2427,1719
2427,1717
2427,1716
2426,1714
2426,1713
2425,1711
2425,1710
2425,1708
2424,1707
2424,1705
2423,1703
2423,1702
2423,1700
2423,1698
2422,1696
2422,1694
2422,1692
2423,1690
2423,1688
2423,1686
2423,1683
2424,1681
2424,1679
2425,1676
2425,1674
2426,1671
2426,1669
2427,1666
2427,1664
2428,1662
2429,1659
2429,1657
2430,1655
2430,1652
2431,1650
2431,1648
2432,1646
2432,1644
2433,1642
2433,1640
2434,1637
2434,1635
2435,1633
2435,1631
2436,1629
2436,1627
2437,1625
2437,1623
2438,1622
2438,1620
2438,1618
2438,1616
2439,1614
2439,1613
2438,1611
2438,1610
2438,1609
2437,1607
2437,1606
2436,1604
2436,1603
2435,1602
2434,1600
2434,1599
2433,1597
2433,1596
2432,1594
2431,1592
2431,1590
2430,1588
2430,1586
2429,1583
2429,1581
2429,1578
2428,1576
2428,1573
2427,1570
2427,1567
2426,1564
2426,1561
2425,1559
2424,1556
2423,1553
2423,1550
2422,1547
2421,1543
2420,1540
2419,1537
2418,1534
2417,1531
2416,1527
2415,1524
2414,1520
2414,1517
2413,1513
2412,1509
2411,1506
2411,1502
2410,1498
2410,1494
2409,1491
2409,1487
2408,1483
2408,1479
2408,1476
2407,1472
2407,1469
2406,1465
2406,1462
2405,1460
2404,1457
2404,1455
2403,1453
2401,1451
2400,1450
2398,1449
2397,1449
2395,1449
2393,1449
2390,1450
2388,1451
2386,1452
2383,1453
2380,1455
2378,1457
2375,1459
2372,1461
2370,1464
2367,1466
2365,1468
2363,1471
2360,1473
2358,1476
2356,1478
2354,1480
2352,1482
2351,1484
2349,1487
2347,1489
2346,1491
2344,1493
2343,1495
2341,1497
2340,1499
2338,1501
2337,1503
2335,1505
2333,1507
2332,1510
2330,1512
2328,1514
2326,1517
2325,1519
2323,1522
2321,1525
2319,1528
2317,1531
2315,1534
2313,1537
2311,1540
2308,1544
2306,1548
2304,1551
2302,1555
2299,1559
2297,1564
2295,1568
2292,1573
2290,1577
2288,1582
2286,1586
2283,1591
2281,1596
2279,1601
2277,1606
2275,1611
2273,1615
2272,1620
2270,1625
2268,1630
2267,1634
2265,1639
2264,1643
2263,1648
2261,1652
2260,1656
2259,1660
2258,1664
2257,1668
2256,1672
2255,1675
2254,1678
2253,1682
2252,1685
2251,1687
2250,1690
2249,1693
2248,1695
2246,1697
2245,1699
2244,1701
2243,1703
2242,1704
2240,1706
2239,1708
2237,1709
2235,1711
2233,1712
2231,1714
2228,1715
2226,1716
2224,1717
2222,1718
2219,1719
2217,1719
2214,1720
2212,1720
2210,1720
2208,1720
2206,1719
2204,1718
2202,1717
2200,1716
2198,1715
2196,1713
2194,1711
2193,1709
2191,1707
2190,1704
2188,1701
2187,1699
2185,1696
2184,1693
2182,1690
2181,1686
2179,1683
2178,1680
2176,1677
2175,1673
2173,1670
2171,1667
2169,1664
2167,1661
2165,1658
2163,1655
2161,1652
2158,1650
2156,1647
2153,1645
2150,1643
2147,1641
2145,1638
2142,1636
2139,1634
2136,1632
2133,1630
2130,1628
2127,1626
2124,1624
2121,1621
2118,1619
2115,1617
2112,1615
2109,1613
2106,1610
2103,1608
2101,1606
2098,1603
2095,1601
2092,1598
2090,1596
2087,1593
2085,1591
2083,1588
2080,1585
2078,1583
2076,1580
2074,1577
2071,1574
2069,1572
2068,1569
2066,1566
2064,1564
2062,1561
2060,1558
2059,1556
2057,1553
2056,1551
2054,1549
2053,1546
2052,1544
2051,1542
2050,1539
2049,1537
2048,1535
2047,1533
2046,1531
2046,1529
2045,1527
2045,1525
2044,1523
2044,1521
2043,1519
2043,1517
2043,1515
2043,1512
2043,1510
2043,1508
2043,1506
2043,1504
2043,1502
2043,1499
2043,1497
2043,1495
2043,1493
2043,1490
2043,1488
2043,1486
2043,1484
2043,1482
2043,1480
2043,1477
2043,1475
2043,1473
2043,1471
2043,1469
2042,1467
2042,1465
2042,1463
2042,1461
2042,1459
2041,1457
2041,1455
2041,1454
2040,1452
2040,1450
2040,1448
2039,1447
2039,1445
2039,1443
2038,1442
2038,1440
2038,1438
2037,1437
2037,1435
2036,1434
2036,1433
2035,1431
2035,1430
2034,1429
2034,1428
2033,1427
2032,1426
2031,1426
2030,1425
2030,1425
2029,1425
2028,1425
2027,1424
2026,1424
2025,1424
2024,1424
2023,1424
2022,1424
2020,1424
2019,1424
2018,1425
2017,1425
2016,1425
2015,1425
2014,1426
2012,1426
2011,1427
2010,1427
2008,1428
2007,1429
2005,1429
2004,1430
2002,1431
2000,1432
1999,1433
1997,1434
1995,1435
1993,1436
1991,1437
1990,1438
1988,1439
1986,1440
1984,1441
1982,1442
1980,1443
1978,1443
1976,1444
1974,1445
1972,1446
1970,1447
1968,1447
1966,1448
1964,1448
1962,1449
1960,1449
1958,1449
1956,1449
1955,1449
1953,1449
1951,1449
1949,1449
1948,1449
1946,1449
1944,1449
1942,1449
1941,1448
1939,1448
1937,1448
1935,1448
1934,1448
1932,1448
1930,1447
1929,1447
1927,1447
1925,1447
1924,1446
1922,1446
1920,1445
1919,1445
1917,1444
1915,1444
1914,1443
1912,1442
1911,1442
1909,1441
1908,1440
1907,1439
1905,1438
1904,1436
1903,1435
1901,1434
1900,1433
1899,1432
1897,1430
1896,1429
1895,1428
1894,1427
1892,1425
1891,1424
1890,1423
1888,1422
1887,1421
1886,1420
1885,1419
1883,1418
1882,1417
1881,1416
1879,1415
1878,1414
1877,1413
1876,1412
1874,1411
1873,1410
1872,1408
1871,1407
1870,1406
1869,1405
1868,1404
1866,1403
1865,1402
1864,1400
1863,1399
1862,1398
1861,1397
1860,1395
1859,1394
1858,1393
1857,1391
1856,1390
1855,1389
1855,1387
1854,1386
1853,1385
1852,1383
1851,1382
1850,1381
1849,1379
1848,1378
1847,1377
1846,1376
1845,1375
1844,1374
1843,1373
1842,1372
1841,1371
1839,1370
1838,1369
1837,1368
1836,1367
1835,1366
1834,1365
1833,1364
1832,1363
1830,1362
1829,1361
1828,1360
1827,1359
1826,1358
1825,1357
1823,1356
1822,1355
1821,1355
1820,1354
1819,1353
1817,1352
1816,1352
1815,1351
1814,1350
1812,1350
1811,1349
1810,1348
1809,1348
1807,1347
1806,1347
1805,1346
1804,1345
1803,1344
1802,1343
1801,1343
1800,1342
1798,1341
1797,1339
1796,1338
1795,1337
1794,1336
1793,1335
1792,1334
1791,1332
1791,1331
1790,1330
1789,1329
1788,1328
1787,1326
1786,1325
1785,1324
1783,1323
1782,1322
1781,1321
1780,1320
1779,1320
1778,1319
1777,1318
1776,1317
1775,1316
1774,1316
1772,1315
1771,1314
1770,1314
1769,1313
1768,1313
1767,1312
1766,1311
1765,1311
1764,1310
1762,1309
1761,1309
1760,1308
1759,1307
1758,1306
1757,1305
1756,1305
1755,1304
1754,1303
1753,1302
1752,1301
1751,1301
1750,1300
1749,1299
1748,1298
1747,1297
1746,1296
1745,1294
1745,1293
1744,1292
1743,1290
1742,1289
1741,1288
1740,1286
1740,1285
1739,1283
1738,1282
1737,1280
1736,1279
1736,1278
1735,1277
1734,1276
1733,1275
1732,1275
1731,1274
1730,1274
1729,1274
1729,1274
1728,1273
1727,1273
1726,1273
1725,1273
1724,1273
1723,1273
1723,1273
1722,1273
1721,1273
1721,1273
1720,1273
1719,1272
1719,1272
1718,1271
1718,1271
1718,1270
1718,1270
1717,1269
1717,1268
1717,1267
1717,1266
1717,1266
1717,1265
1717,1264
1717,1263
1717,1263
1717,1262
1717,1262
1717,1262
1717,1261
1717,1261
1718,1261
1718,1261
1718,1262
1718,1262
1718,1262
1718,1263
1718,1263
1718,1264
1718,1264
1718,1264
1718,1265
1719,1265
1719,1265
1719,1265
1719,1265
1720,1265
1720,1265
1721,1265
1721,1264
1722,1264
1722,1263
1723,1263
1724,1262
1724,1262
1725,1261
1725,1261
1726,1261
1727,1261
1727,1261
1728,1261
1729,1261
1729,1262
1730,1262
1730,1263
1731,1264
1731,1265
1732,1266
1732,1268
1733,1269
1733,1271
1734,1272
1734,1274
1735,1276
1735,1278
1736,1280
1736,1282
1737,1284
1737,1286
1738,1289
1738,1291
1739,1293
1740,1295
1740,1297
1741,1299
1742,1301
1743,1303
1743,1304
1744,1306
1745,1308
1746,1310
1747,1311
1748,1313
1749,1314
1750,1315
1751,1317
1752,1318
1753,1319
1754,1320
1755,1321
1756,1322
1757,1323
1758,1324
1759,1324
1760,1325
1761,1325
1762,1325
1764,1325
1765,1325
1766,1325
1767,1324
1768,1324
1769,1323
1770,1323
1771,1322
1771,1322
1772,1322
1773,1321
1773,1321
1774,1321
1774,1321
1774,1321
1774,1321
1774,1322
1774,1322
1774,1323
1773,1324
1773,1325
1772,1326
1771,1328
1770,1329
1769,1330
1768,1332
1767,1333
1766,1335
1764,1336
1763,1338
1762,1339
1760,1340
1759,1341
1757,1342
1756,1343
1754,1344
1753,1344
1752,1345
1750,1345
1749,1345
1747,1345
1746,1344
1744,1344
1743,1344
1742,1343
1740,1342
1739,1342
1738,1341
1736,1340
1735,1339
1734,1338
1732,1338
1731,1337
1730,1336
1729,1335
1727,1334
1726,1334
1725,1333
1724,1332
1723,1332
1722,1331
1720,1330
1719,1330
1718,1329
1717,1329
1716,1328
1715,1328
1714,1327
1713,1327
1712,1326
1711,1326
1709,1326
1708,1325
1707,1325
1706,1325
1704,1325
1703,1324
1702,1324
1700,1324
1699,1323
1697,1323
1696,1322
1694,1322
1692,1321
1691,1320
1689,1319
1687,1318
1685,1317
1683,1316
1681,1315
1679,1313
1677,1312
1675,1310
1673,1308
1670,1307
1668,1305
1666,1302
1664,1300
1661,1298
1659,1295
1657,1293
1654,1290
1652,1287
1650,1284
1647,1281
1645,1277
1643,1274
1640,1271
1638,1267
1636,1264
1634,1260
1631,1256
1629,1252
1627,1249
1624,1245
1622,1241
1620,1237
1618,1233
1615,1229
1613,1225
1611,1221
1609,1217
1606,1213
1604,1210
1602,1206
1600,1202
1597,1198
1595,1194
1593,1191
1590,1187
1588,1183
1586,1180
1584,1176
1581,1172
1579,1168
1577,1165
1575,1161
1573,1157
1570,1153
1568,1149
1566,1145
1564,1141
1562,1137
1559,1133
1557,1129
1555,1125
1553,1121
1551,1116
1549,1112
1547,1108
1545,1103
1543,1099
1541,1094
1539,1090
1537,1086
1535,1081
1532,1077
1530,1073
1528,1069
1526,1065
1524,1061
1522,1057
1520,1053
1518,1049
1516,1046
1513,1042
1511,1039
1509,1035
1507,1032
1505,1029
1502,1026
1500,1023
1498,1020
1496,1017
1493,1014
1491,1011
1489,1008
1487,1005
1484,1002
1482,998
1480,995
1478,992
1475,989
1473,986
1471,983
1469,980
1466,977
1464,974
1462,970
1459,967
1457,964
1454,961
1452,958
1450,955
1447,952
1445,949
1442,946
1440,943
1437,940
1435,938
1432,935
1430,932
1427,929
1424,927
1422,924
1419,922
1416,919
1413,917
1410,914
1408,912
1405,910
1402,907
1399,905
1396,903
1393,901
1390,899
1387,897
1384,895
1381,893
1378,892
1375,890
1371,888
1368,887
1365,885
1362,884
1359,883
1356,882
1353,881
1350,880
1346,879
1343,879
1340,879
1337,879
1334,879
1331,879
1328,879
1325,880
1322,881
1319,882
1316,883
1313,884
1311,885
1308,887
1305,888
1302,890
1299,892
1297,894
1294,896
1291,898
1288,900
1286,902
1283,905
1280,907
1278,909
1275,912
1272,914
1270,916
1267,918
1265,920
1262,923
1259,925
1257,927
1254,928
1252,930
1249,932
1246,934
1244,935
1241,937
1239,938
1236,940
1233,941
1231,943
1228,944
1226,946
1223,947
1221,948
1218,950
1215,951
1213,953
1210,954
1208,956
1205,957
1203,959
1200,960
1198,962
1195,963
1193,965
1190,967
1188,968
1185,970
1183,972
1180,974
1178,976
1176,978
1173,980
1171,982
1168,984
1166,986
1163,988
1161,990
1158,991
1156,993
1154,995
1151,997
1149,998
1146,999
1143,1001
1141,1002
1138,1003
1136,1004
1133,1005
1131,1006
1128,1007
1125,1007
1123,1008
1120,1009
1117,1009
1115,1010
1112,1010
1110,1011
1107,1011
1104,1012
1102,1012
1099,1013
1097,1013
1094,1013
1091,1014
1089,1014
1086,1015
1084,1015
1082,1016
1079,1017
1077,1017
1075,1018
1073,1019
1070,1020
1068,1021
1066,1022
1064,1023
1063,1025
1061,1026
1059,1028
1057,1029
1056,1031
1054,1032
1053,1034
1051,1035
1050,1037
1048,1039
1047,1041
1046,1042
1045,1044
1044,1046
1043,1048
1042,1050
1041,1052
1040,1054
1040,1056
1039,1058
1038,1060
1038,1062
1037,1064
1037,1066
1036,1068
1036,1070
1036,1071
1036,1073
1035,1074
1035,1076
1035,1077
1035,1079
1035,1080
1036,1081
1036,1083
1036,1084
1036,1086
1037,1087
1037,1089
1038,1090
1039,1092
1039,1094
1040,1095
1041,1097
1042,1098
1043,1099
1044,1101
1045,1102
1046,1103
1047,1104
1048,1105
1049,1106
1050,1107
1051,1108
1053,1109
1054,1110
1055,1111
1057,1112
1058,1113
1059,1114
1061,1115
1062,1116
1064,1116
1065,1117
1067,1118
1068,1119
1070,1120
1072,1121
1073,1122
1075,1123
1077,1124
1078,1125
1080,1127
1082,1128
1084,1129
1086,1130
1088,1131
1090,1133
1092,1134
1094,1136
1096,1137
1098,1138
1101,1140
1103,1141
1105,1142
1108,1144
1111,1145
1113,1146
1116,1148
1119,1149
1122,1151
1125,1153
1128,1154
1131,1156
1135,1158
1138,1160
1142,1162
1145,1164
1149,1167
1153,1170
1157,1172
1161,1175
1165,1179
1169,1182
1174,1185
1178,1189
1182,1193
1187,1197
1191,1201
1196,1205
1201,1209
1205,1213
1210,1218
1215,1222
1219,1227
1224,1232
1229,1237
1233,1242
1238,1247
1243,1252
1248,1257
1252,1262
1257,1268
1262,1273
1266,1279
1271,1284
1276,1289
1280,1295
1284,1300
1289,1305
1293,1311
1297,1316
1302,1321
1306,1325
1310,1330
1314,1334
1318,1339
1322,1343
1326,1346
1329,1350
1333,1353
1336,1356
1340,1358
1343,1360
1346,1362
1349,1364
1352,1365
1354,1366
1357,1366
1359,1366
1362,1366
1364,1365
1365,1364
1367,1363
1368,1361
1370,1359
1371,1356
1371,1354
1372,1351
1373,1348
1373,1345
1373,1341
1373,1337
1372,1333
1372,1329
1371,1325
1370,1321
1369,1316
1368,1311
1366,1307
1365,1302
1363,1297
1362,1291
1360,1286
1358,1281
1356,1275
1355,1270
1353,1264
1351,1259
1350,1253
1348,1247
1346,1242
1345,1236
1344,1230
1343,1224
1341,1218
1341,1213
1340,1207
1339,1201
1339,1195
1339,1189
1339,1184
1339,1178
1339,1172
1339,1167
1340,1162
1341,1156
1342,1151
1343,1146
1344,1141
1345,1137
1347,1132
1348,1128
1350,1124
1351,1120
1353,1116
1355,1113
1357,1109
1359,1106
1361,1103
1362,1100
1364,1098
1366,1095
1368,1093
1369,1090
1371,1088
1372,1086
1374,1084
1375,1083
1376,1081
1377,1080
1378,1079
1378,1078
1379,1078
1379,1077
1380,1077
1380,1077
1380,1077
1380,1078
1379,1078
1379,1079
1379,1080
1378,1081
1378,1082
1377,1084
1376,1085
1375,1087
1375,1089
1374,1091
1373,1093
1372,1096
1371,1099
1370,1101
1369,1104
1368,1108
1367,1111
1366,1114
1365,1118
1364,1122
1363,1126
1363,1130
1362,1135
1361,1139
1360,1144
1359,1148
1358,1153
1358,1158
1357,1163
1356,1168
1355,1173
1355,1178
1354,1184
1353,1189
1352,1194
1352,1200
1351,1205
1351,1210
1350,1215
1350,1219
1349,1224
1349,1228
1348,1232
1348,1235
1348,1239
1348,1242
1347,1245
1347,1248
1347,1250
1347,1253
1347,1255
1347,1257
1347,1258
1347,1260
1347,1261
1347,1262
1348,1264
1348,1264
1348,1265
1348,1266
1348,1267
1348,1267
1348,1268
1349,1268
1349,1269
1349,1269
1349,1270
1349,1270
1349,1270
1349,1271
1349,1271
1349,1272
1348,1273
1348,1274
1348,1275
1348,1276
1347,1277
1347,1278
1346,1279
1346,1281
1345,1282
1344,1284
1344,1286
1343,1288
1342,1290
1341,1292
1340,1294
1339,1296
1338,1299
1337,1301
1336,1304
1334,1306
1333,1308
1332,1311
1330,1313
1329,1315
1327,1317
1326,1318
1324,1320
1323,1321
1321,1322
1319,1323
1317,1324
1316,1325
1314,1325
1312,1325
1310,1326
1308,1326
1306,1326
1304,1326
1302,1325
1300,1325
1298,1325
1296,1325
1294,1324
1292,1324
1290,1324
1288,1323
1286,1323
1284,1323
1282,1322
1279,1322
1277,1322
1275,1322
1273,1321
1271,1321
1269,1321
1267,1321
1265,1321
1263,1320
1261,1320
1259,1320
1257,1320
1255,1320
1253,1319
1251,1319
1249,1319
1247,1318
1245,1318
1243,1318
1241,1317
1239,1317
1237,1316
1235,1315
1233,1315
1231,1314
1229,1314
1227,1313
1225,1312
1223,1311
1221,1311
1219,1310
1217,1309
1215,1308
1213,1307
1211,1306
1209,1305
1207,1304
1205,1303
1203,1302
1201,1301
1199,1300
1197,1298
1195,1297
1193,1295
1191,1294
1189,1292
1187,1291
1186,1289
1184,1287
1182,1285
1180,1284
1178,1282
1176,1280
1174,1278
1172,1277
1170,1275
1169,1273
1167,1271
1165,1269
1163,1267
1161,1265
1160,1264
1158,1262
1156,1260
1154,1259
1153,1257
1151,1256
1150,1254
1148,1253
1146,1252
1145,1251
1143,1250
1142,1249
1140,1248
1139,1247
1137,1246
1136,1245
1135,1245
1133,1244
1132,1243
1131,1243
1129,1242
1128,1241
1127,1240
1125,1240
1124,1239
1123,1238
1121,1237
1120,1237
1119,1236
1117,1235
1116,1234
1115,1233
1113,1233
1112,1232
1110,1231
1109,1229
1107,1228
1106,1227
1104,1225
1102,1223
1101,1222
1099,1220
1097,1218
1096,1217
1094,1215
1092,1213
1091,1212
1089,1210
1088,1209
1086,1207
1084,1206
1083,1204
1081,1203
1080,1201
1079,1199
1077,1198
1076,1196
1074,1195
1073,1194
1071,1192
1070,1191
1069,1190
1067,1188
1066,1187
1065,1186
1063,1185
1062,1184
1060,1183
1059,1182
1058,1181
1056,1180
1055,1179
1053,1178
1051,1177
1050,1176
1048,1175
1047,1174
1045,1173
1043,1171
1041,1170
1040,1169
1038,1168
1036,1167
1035,1166
1033,1165
1031,1164
1030,1163
1028,1163
1027,1162
1025,1162
1024,1161
1022,1161
1021,1161
1020,1161
1018,1160
1017,1160
1016,1160
1014,1160
1013,1161
1012,1161
1010,1161
1009,1161
1008,1161
1007,1162
1006,1162
1004,1162
1003,1162
1002,1163
1001,1163
999,1163
998,1163
997,1163
995,1163
994,1163
993,1162
991,1162
990,1162
988,1161
987,1161
986,1161
984,1160
983,1160
981,1160
980,1159
979,1159
977,1159
976,1158
975,1158
973,1158
972,1158
971,1158
970,1159
969,1159
967,1159
966,1160
965,1160
964,1160
963,1161
962,1161
961,1162
960,1162
959,1162
958,1163
957,1163
956,1163
956,1163
955,1163
954,1163
953,1163
952,1163
952,1162
951,1162
950,1161
950,1160
949,1159
948,1158
948,1157
947,1156
947,1154
946,1153
946,1152
945,1150
945,1148
945,1147
944,1145
944,1143
944,1141
944,1140
944,1138
944,1136
944,1134
944,1132
944,1130
943,1128
943,1126
943,1124
943,1122
944,1120
944,1118
944,1116
944,1114
944,1111
944,1109
944,1107
944,1105
944,1103
944,1101
944,1098
944,1096
944,1094
944,1092
944,1090
944,1088
944,1085
944,1083
944,1081
944,1078
944,1076
944,1074
944,1071
944,1069
944,1067
944,1065
944,1062
944,1060
944,1058
944,1056
944,1054
944,1052
944,1050
944,1048
944,1046
944,1044
944,1042
944,1041
944,1039
943,1037
943,1036
943,1034
943,1033
943,1031
942,1030
942,1029
942,1028
942,1027
941,1026
941,1025
941,1023
940,1022
940,1021
939,1020
939,1019
938,1018
937,1016
937,1015
936,1013
935,1012
934,1010
933,1008
932,1006
931,1004
929,1002
928,1000
927,998
925,996
924,994
922,992
920,990
919,988
917,986
915,984
913,982
912,980
910,978
908,977
906,975
904,974
902,973
900,972
898,971
896,970
894,969
892,969
890,968
887,968
885,967
883,967
881,967
879,967
877,967
875,967
873,967
871,967
869,967
867,968
865,968
862,967
860,967
858,967
856,967
854,966
851,966
849,965
847,964
845,963
842,963
840,962
838,961
836,960
834,959
832,958
830,958
828,957
826,956
825,956
823,955
821,955
820,955
819,955
817,955
816,955
815,955
814,955
813,956
813,956
812,956
811,957
810,957
810,957
809,958
808,958
808,958
807,958
807,959
806,959
806,958
805,958
804,958
803,957
803,956
802,955
801,954
800,953
799,951
798,949
797,948
796,946
795,944
794,942
793,940
792,938
791,935
790,933
789,931
788,929
787,927
786,924
785,922
784,920
783,918
783,916
782,914
782,912
781,911
781,909
780,908
780,906
780,905
780,904
780,903
780,902
780,902
781,902
781,902
782,902
782,902
783,903
784,904
785,905
786,906
787,907
788,909
789,910
790,912
791,913
792,915
793,916
794,918
795,919
796,921
797,923
799,925
800,926
801,928
802,930
803,932
804,934
805,936
806,938
808,940
809,942
810,944
811,947
812,949
813,951
815,954
816,957
817,959
818,962
820,965
821,968
823,971
824,975
825,978
827,982
828,986
830,990
831,994
833,998
834,1002
836,1006
837,1010
838,1014
840,1018
841,1022
842,1026
843,1030
844,1033
845,1037
846,1041
847,1045
848,1048
849,1052
849,1056
850,1060
851,1063
851,1067
852,1071
852,1075
852,1079
853,1083
853,1087
853,1091
853,1095
854,1099
854,1104
854,1108
854,1112
853,1117
853,1121
853,1126
853,1131
853,1136
853,1141
852,1146
852,1151
852,1156
852,1162
851,1167
851,1173
850,1178
850,1184
849,1189
849,1195
848,1200
847,1206
847,1211
846,1217
845,1222
844,1228
843,1233
843,1238
842,1243
840,1248
839,1252
838,1256
837,1261
836,1265
834,1268
833,1272
831,1275
830,1278
828,1281
827,1284
825,1286
823,1288
822,1290
820,1292
818,1294
817,1295
815,1296
814,1298
812,1298
810,1299
809,1300
807,1300
805,1300
804,1301
802,1301
801,1300
799,1300
798,1300
796,1299
795,1299
793,1298
792,1297
791,1296
789,1295
788,1294
787,1293
786,1291
785,1290
784,1288
783,1287
783,1285
782,1283
782,1280
781,1278
781,1276
781,1273
781,1271
782,1268
782,1266
783,1263
784,1261
785,1258
786,1256
788,1254
789,1251
791,1249
793,1247
795,1244
797,1242
800,1240
802,1238
805,1236
808,1234
811,1232
814,1230
817,1229
820,1227
823,1225
826,1224
829,1222
832,1220
836,1219
839,1217
842,1216
846,1214
849,1213
852,1211
855,1209
859,1208
862,1206
865,1204
868,1202
871,1200
874,1199
877,1197
880,1195
882,1193
885,1190
888,1188
890,1186
893,1184
895,1182
898,1180
900,1178
902,1176
905,1174
907,1173
909,1171
911,1169
913,1167
915,1166
916,1164
918,1162
919,1161
921,1159
922,1158
923,1156
925,1154
926,1153
926,1151
927,1149
928,1147
928,1145
929,1143
929,1141
929,1139
929,1137
929,1135
929,1132
928,1130
928,1127
927,1125
926,1122
925,1120
924,1117
922,1114
921,1112
919,1109
918,1106
916,1103
914,1101
912,1098
910,1095
908,1092
906,1090
903,1087
901,1085
898,1082
895,1079
892,1077
889,1074
886,1072
883,1069
880,1067
876,1064
873,1062
869,1059
866,1057
862,1054
858,1051
855,1049
851,1046
847,1043
843,1040
840,1037
836,1034
832,1031
828,1028
825,1025
821,1022
818,1018
814,1015
811,1012
808,1009
805,1006
802,1003
799,1000
797,997
794,995
792,992
789,990
787,987
785,985
784,983
782,981
780,980
779,979
777,978
776,977
775,976
774,976
773,977
773,977
772,978
772,979
771,980
771,981
771,983
771,985
771,987
771,989
771,991
771,993
772,995
772,997
773,1000
773,1002
774,1005
775,1007
776,1009
777,1012
778,1014
779,1017
780,1019
782,1022
783,1024
784,1027
786,1029
787,1032
789,1035
791,1037
792,1040
794,1043
796,1046
798,1049
800,1052
802,1055
804,1058
806,1061
808,1065
811,1068
813,1072
815,1076
818,1080
820,1084
822,1088
824,1092
827,1096
829,1101
831,1105
833,1109
835,1113
837,1117
839,1122
841,1126
842,1130
844,1134
845,1138
847,1143
848,1147
850,1151
851,1155
852,1159
853,1163
854,1167
855,1171
856,1175
857,1179
857,1183
858,1187
859,1191
859,1195
860,1199
860,1202
861,1206
861,1210
861,1214
861,1217
862,1221
862,1224
862,1228
862,1232
862,1235
863,1239
863,1242
863,1246
863,1250
863,1253
863,1257
863,1260
863,1264
863,1267
863,1271
863,1274
863,1278
863,1281
862,1285
862,1288
862,1292
862,1295
861,1299
861,1302
860,1305
860,1309
859,1312
858,1314
857,1317
856,1320
855,1322
854,1324
852,1326
851,1328
849,1330
848,1332
846,1333
844,1335
843,1336
841,1337
839,1338
837,1339
835,1340
833,1341
831,1342
829,1343
827,1343
826,1344
824,1344
822,1344
820,1345
818,1345
816,1344
814,1344
812,1344
810,1343
808,1343
806,1342
805,1341
803,1340
801,1340
799,1339
798,1338
796,1337
795,1336
793,1335
792,1334
791,1333
790,1331
788,1330
787,1329
786,1328
785,1327
784,1326
783,1324
782,1323
781,1323
781,1322
780,1321
779,1320
779,1319
778,1318
777,1317
776,1316
776,1315
775,1313
774,1312
773,1310
772,1308
771,1307
769,1305
768,1302
766,1300
765,1297
763,1294
761,1291
759,1289
757,1285
755,1282
753,1279
751,1276
749,1273
747,1270
745,1267
743,1264
741,1262
738,1259
736,1256
734,1253
732,1250
730,1248
728,1245
726,1243
724,1240
722,1238
720,1236
718,1234
716,1231
715,1229
713,1228
711,1226
710,1224
708,1222
707,1220
706,1218
704,1217
703,1215
702,1213
700,1211
699,1210
698,1208
697,1206
696,1205
695,1203
694,1202
693,1200
693,1198
692,1196
691,1195
690,1193
689,1190
688,1188
687,1186
686,1184
685,1181
684,1179
683,1176
682,1173
681,1170
679,1168
678,1165
677,1162
676,1159
675,1156
674,1153
673,1151
672,1148
672,1146
671,1143
670,1141
670,1139
670,1137
669,1135
669,1133
669,1132
669,1130
669,1129
670,1128
670,1126
671,1125
671,1124
672,1123
672,1122
673,1121
674,1120
675,1119
676,1118
677,1117
678,1116
678,1114
679,1113
680,1111
681,1110
682,1108
683,1106
683,1104
684,1102
685,1100
686,1098
687,1096
688,1094
689,1091
690,1089
691,1087
692,1085
693,1083
694,1082
695,1080
696,1078
697,1076
699,1075
700,1073
701,1072
703,1070
704,1069
706,1067
707,1066
709,1065
710,1064
712,1063
714,1062
715,1062
717,1061
719,1061
721,1060
723,1060
725,1060
727,1060
729,1060
731,1060
733,1060
735,1060
737,1060
739,1061
740,1061
742,1061
744,1061
746,1061
748,1062
750,1062
752,1062
754,1062
756,1063
758,1063
760,1063
761,1063
763,1063
765,1064
767,1064
768,1064
770,1064
772,1065
773,1065
775,1065
777,1065
778,1066
780,1066
782,1067
783,1068
785,1068
787,1069
789,1070
790,1072
792,1073
794,1075
795,1076
797,1078
799,1080
800,1082
802,1084
804,1086
805,1088
806,1090
808,1093
809,1095
811,1097
812,1100
814,1102
815,1105
817,1108
818,1111
820,1113
821,1116
823,1119
825,1122
826,1125
828,1128
830,1131
832,1134
834,1137
836,1139
838,1142
840,1145
843,1148
845,1150
847,1153
850,1156
853,1158
855,1161
858,1163
861,1166
864,1168
867,1171
870,1173
873,1176
877,1178
880,1181
883,1183
887,1186
890,1188
893,1190
897,1192
900,1194
903,1196
907,1198
910,1199
914,1201
917,1202
920,1203
924,1204
927,1205
931,1206
934,1207
938,1207
941,1207
944,1207
948,1207
951,1207
954,1206
958,1205
961,1204
964,1203
967,1201
970,1200
974,1198
977,1196
980,1194
983,1192
986,1190
989,1188
992,1186
995,1184
999,1182
1002,1180
1005,1178
1008,1176
1011,1175
1014,1173
1017,1171
1021,1170
1024,1169
1027,1168
1030,1167
1033,1166
1036,1165
1040,1165
1043,1165
1046,1165
1049,1165
1052,1165
1055,1166
1058,1167
1061,1168
1064,1170
1067,1172
1070,1174
1073,1176
1076,1178
1079,1181
1082,1184
1084,1187
1087,1190
1089,1194
1092,1197
1094,1201
1096,1205
1099,1209
1101,1213
1103,1218
1104,1223
1106,1227
1108,1232
1110,1237
1111,1242
1112,1248
1114,1253
1115,1258
1116,1264
1117,1269
1118,1275
1119,1280
1120,1286
1121,1291
1122,1297
1123,1302
1124,1308
1124,1313
1125,1318
1126,1324
1126,1329
1127,1334
1128,1339
1129,1344
1129,1349
1130,1354
1131,1359
1132,1363
1133,1368
1134,1373
1135,1377
1136,1381
1138,1385
1139,1389
1140,1393
1142,1397
1143,1400
1145,1403
1146,1407
1148,1410
1150,1412
1152,1415
1154,1417
1156,1420
1158,1422
1161,1424
1163,1425
1165,1427
1168,1428
1171,1430
1173,1431
1176,1432
1179,1433
1182,1433
1185,1434
1188,1434
1191,1435
1194,1435
1197,1435
1200,1435
1204,1435
1207,1435
1211,1435
1214,1435
1218,1435
1221,1435
1225,1435
1228,1435
1232,1435
1236,1435
1239,1434
1243,1434
1247,1434
1251,1433
1255,1433
1258,1432
1262,1432
1266,1431
1270,1431
1274,1430
1278,1429
1282,1428
1286,1427
1290,1427
1294,1426
1298,1425
1302,1423
1306,1422
1310,1421
1314,1420
1318,1419
1323,1418
1327,1416
1331,1415
1335,1414
1339,1413
1343,1411
1348,1410
1352,1409
1356,1408
1360,1406
1365,1405
1369,1404
1373,1403
1378,1401
1382,1400
1386,1399
1391,1397
1395,1396
1399,1394
1403,1393
1408,1392
1412,1390
1416,1389
1421,1387
1425,1386
1429,1384
1434,1382
1438,1381
1442,1379
1447,1377
1451,1376
1455,1374
1459,1372
1464,1370
1468,1368
1472,1367
1476,1365
1480,1363
1485,1361
1489,1359
1493,1357
1497,1355
1501,1353
1505,1351
1509,1348
1513,1346
1517,1344
1521,1342
1525,1340
1529,1337
1533,1335
1537,1333
1540,1330
1544,1328
1548,1325
1551,1323
1555,1320
1558,1318
1562,1315
1565,1312
1568,1310
1571,1307
1575,1304
1578,1301
1581,1299
1583,1296
1586,1293
1589,1290
1592,1287
1594,1284
1597,1280
1599,1277
1601,1274
1603,1271
1605,1268
1607,1264
1609,1261
1611,1258
1613,1254
1614,1251
1616,1247
1617,1244
1619,1240
1620,1237
1621,1233
1622,1230
1623,1226
1624,1222
1625,1219
1625,1215
1626,1211
1626,1207
1627,1203
1627,1200
1627,1196
1627,1192
1627,1188
1627,1184
1627,1179
1627,1175
1626,1171
1626,1166
1625,1162
1624,1157
1624,1153
1623,1148
1622,1143
1621,1138
1620,1133
1619,1128
1618,1123
1616,1118
1615,1113
1613,1108
1612,1103
1610,1098
1608,1093
1606,1088
1604,1083
1602,1078
1600,1074
1598,1069
1596,1064
1593,1059
1591,1054
1588,1050
1585,1045
1583,1041
1580,1036
1577,1032
1574,1027
1571,1023
1568,1019
1565,1014
1562,1010
1559,1006
1555,1002
1552,998
1549,993
1546,989
1542,985
1539,981
1536,977
1532,973
1529,969
1525,964
1522,960
1519,956
1515,952
1512,948
1508,944
1505,940
1501,936
1498,932
1494,928
1490,924
1487,920
1483,916
1479,913
1475,909
1472,905
1468,902
1464,899
1460,895
1456,892
1452,889
1447,886
1443,883
1439,881
1435,878
1430,876
1426,874
1422,872
1417,870
1413,868
1408,867
1404,866
1399,865
1395,865
1391,864
1386,864
1382,865
1378,865
1373,866
1369,867
1365,868
1361,870
1357,872
1353,874
1349,876
1345,878
1341,881
1337,883
1334,886
1330,889
1326,891
1323,894
1320,897
1316,900
1313,903
1310,906
1307,909
1304,912
1301,915
1298,918
1296,920
1294,923
1291,926
1289,928
1287,930
1286,932
1284,934
1283,936
1282,938
1281,940
1280,942
1280,944
1280,945
1280,947
1280,948
1280,950
1281,952
1282,953
1283,955
1284,956
1286,957
1288,959
1290,960
1292,962
1294,963
1296,965
1299,966
1302,968
1304,969
1307,971
1310,972
1313,974
1317,975
1320,977
1323,978
1327,980
1330,981
1334,983
1337,984
1341,986
1344,988
1348,990
1352,992
1355,993
1359,995
1363,997
1367,1000
1370,1002
1374,1004
1378,1006
1381,1008
1385,1010
1389,1013
1393,1015
1396,1018
1400,1020
1403,1023
1407,1026
1411,1028
1414,1031
1418,1034
1421,1037
1425,1040
1428,1043
1432,1046
1435,1049
1439,1052
1442,1055
1445,1058
1449,1061
1452,1065
1455,1068
1459,1071
1462,1075
1465,1078
1468,1082
1471,1086
1475,1090
1478,1093
1481,1097
1484,1101
1487,1105
1490,1109
1493,1113
1496,1116
1499,1120
1502,1124
1505,1128
1508,1131
1512,1135
1515,1138
1518,1142
1521,1145
1524,1148
1527,1151
1530,1154
1533,1157
1536,1159
1540,1162
1543,1165
1546,1167
1549,1170
1552,1172
1556,1174
1559,1177
1562,1179
1565,1181
1569,1184
1572,1186
1575,1189
1578,1191
1582,1194
1585,1197
1588,1200
1591,1203
1594,1206
1598,1209
1601,1212
1604,1215
1607,1219
1610,1222
1613,1225
1617,1228
1620,1232
1623,1235
1626,1238
1629,1241
1632,1245
1636,1248
1639,1251
1642,1254
1645,1257
1648,1260
1651,1263
1654,1266
1657,1269
1661,1272
1664,1275
1667,1278
1670,1281
1673,1284
1676,1287
1679,1290
1682,1293
1685,1296
1688,1299
1690,1302
1693,1305
1696,1308
1699,1311
1702,1314
1704,1318
1707,1321
1710,1324
1713,1327
1715,1330
1718,1333
1720,1336
1723,1339
1726,1341
1728,1344
1731,1347
1733,1349
1736,1352
1739,1354
1741,1356
1744,1358
1746,1360
1748,1362
1751,1364
1753,1366
1756,1368
1758,1369
1760,1371
1763,1372
1765,1373
1767,1374
1769,1376
1771,1377
1773,1377
1775,1378
1777,1379
1779,1379
1781,1380
1783,1380
1785,1381
1786,1381
1788,1381
1789,1381
1791,1381
1792,1380
1794,1380
1795,1380
1796,1379
1797,1378
1799,1378
1800,1377
1801,1376
1802,1375
1803,1374
1804,1373
1804,1371
1805,1370
1806,1369
1807,1367
1807,1366
1808,1364
1809,1363
1809,1361
1810,1360
1810,1358
1811,1356
1811,1355
1811,1353
1812,1351
1812,1350
1812,1348
1812,1346
1812,1345
1812,1343
1812,1342
1812,1340
1811,1338
1811,1337
1811,1335
1810,1334
1810,1332
1809,1330
1809,1329
1808,1327
1808,1326
1807,1324
1806,1323
1805,1321
1804,1319
1804,1318
1803,1317
1802,1315
1801,1314
1800,1312
1799,1311
1798,1309
1797,1308
1796,1307
1794,1305
1793,1304
1792,1302
1791,1301
1790,1300
1789,1298
1787,1297
1786,1296
1785,1295
1784,1293
1782,1292
1781,1291
1780,1290
1778,1289
1777,1288
1776,1286
1774,1285
1773,1284
1772,1283
1770,1282
1769,1281
1767,1280
1766,1279
1765,1278
1763,1277
1762,1276
1760,1274
1759,1273
1758,1272
1756,1271
1755,1270
1753,1268
1752,1267
1751,1266
1749,1265
1748,1264
1746,1262
1745,1261
1743,1260
1742,1259
1741,1257
1739,1256
1738,1255
1736,1254
1735,1252
1733,1251
1732,1250
1730,1249
1729,1248
1727,1247
1726,1246
1724,1245
1723,1244
1721,1244
1719,1243
1718,1243
1716,1242
1714,1242
1713,1241
1711,1241
1709,1241
1707,1240
1706,1240
1704,1240
1702,1240
1700,1240
1699,1240
1697,1239
1695,1239
1693,1239
1692,1239
1690,1239
1688,1239
1686,1238
1685,1238
1683,1238
1681,1238
1680,1237
1678,1237
1676,1237
1674,1236
1673,1236
1671,1236
1669,1235
1668,1235
1666,1235
1664,1235
1662,1234
1661,1234
1659,1234
1657,1234
1655,1233
1654,1233
1652,1233
1650,1233
1648,1233
1647,1233
1645,1234
1643,1234
1641,1234
1640,1234
1638,1234
1636,1235
1634,1235
1633,1235
1631,1236
1629,1236
1627,1237
1625,1237
1624,1237
1622,1238
1620,1238
1619,1239
1617,1239
1615,1239
1613,1240
1612,1240
1610,1240
1608,1241
1607,1241
1605,1241
1603,1241
1602,1242
1600,1242
1598,1242
1597,1242
1595,1243
1594,1243
1592,1243
1590,1244
1589,1244
1587,1244
1586,1245
1584,1245
1583,1245
1582,1246
1580,1246
1579,1246
1577,1247
1576,1247
1575,1247
1573,1247
1572,1248
1571,1248
1569,1248
1568,1248
1567,1248
1566,1249
1564,1249
1563,1249
1562,1249
1560,1249
1559,1249
1558,1250
1557,1250
1555,1250
1554,1250
1553,1251
1552,1251
1550,1251
1549,1252
1548,1252
1546,1253
1545,1253
1544,1254
1543,1254
1541,1255
1540,1255
1539,1256
1538,1256
1536,1257
1535,1257
1534,1258
1533,1258
1532,1259
1531,1259
1530,1259
1529,1259
1527,1259
1526,1259
1525,1259
1525,1259
1524,1259
1523,1259
1522,1259
1521,1258
1520,1258
1519,1258
1518,1257
1517,1257
1517,1257
1516,1256
1515,1256
1514,1256
1513,1255
1512,1255
1512,1254
1511,1254
1510,1253
1509,1253
1508,1252
1507,1252
1506,1252
1505,1251
1504,1251
1502,1250
1501,1250
1500,1250
1499,1249
1498,1249
1496,1249
1495,1249
1494,1248
1493,1248
1491,1248
1490,1248
1489,1248
1487,1248
1486,1248
1485,1248
1483,1248
1482,1247
1481,1247
1479,1247
1478,1247
1477,1247
1476,1248
1474,1248
1473,1248
1472,1248
1471,1248
1470,1248
1469,1248
1467,1248
1466,1248
1465,1249
1464,1249
1463,1249
1462,1249
1461,1249
1460,1250
1459,1250
1458,1250
1457,1250
1456,1251
1456,1251
1455,1252
1454,1252
1453,1253
1453,1254
1452,1254
1452,1255
1451,1255
1451,1256
1451,1257
1450,1257
1450,1258
1450,1259
1450,1259
1450,1260
1450,1261
1451,1261
1451,1262
1451,1263
1452,1264
1453,1264
1453,1265
1454,1266
1455,1266
1456,1267
1457,1268
1458,1269
1460,1269
1461,1270
1463,1271
1464,1271
1466,1272
1468,1273
1470,1274
1472,1275
1474,1276
1476,1277
1478,1278
1481,1279
1483,1280
1486,1281
1489,1282
1491,1284
1494,1285
1497,1287
1500,1288
1503,1290
1506,1292
1508,1294
1511,1296
1515,1298
1518,1300
1521,1302
1524,1304
1527,1306
1530,1308
1533,1310
1536,1312
1539,1314
1542,1316
1545,1319
1549,1321
1552,1323
1555,1324
1558,1326
1561,1328
1564,1330
1568,1331
1571,1333
1574,1334
1577,1335
1580,1337
1584,1338
1587,1339
1590,1341
1593,1342
1596,1343
1599,1344
1602,1345
1605,1346
1608,1347
1610,1348
1613,1349
1616,1350
1618,1351
1621,1352
1623,1352
1626,1353
1628,1353
1630,1353
1633,1353
1635,1353
1637,1353
1639,1353
1641,1352
1643,1352
1645,1351
1646,1350
1648,1348
1650,1347
1652,1345
1654,1343
1655,1342
1657,1339
1659,1337
1660,1335
1662,1332
1663,1330
1665,1327
1667,1324
1668,1322
1669,1319
1671,1316
1672,1314
1673,1311
1675,1309
1676,1306
1677,1304
1678,1302
1679,1300
1679,1297
1680,1295
1681,1294
1681,1292
1682,1290
1682,1288
1683,1287
1683,1285
1683,1283
1684,1282
1684,1280
1684,1279
1684,1277
1684,1276
1684,1274
1684,1273
1684,1271
1683,1270
1683,1268
1683,1266
1683,1265
1682,1263
1682,1261
1682,1260
1681,1258
1681,1256
1680,1254
1680,1252
1679,1250
1679,1248
1678,1246
1678,1244
1677,1242
1676,1240
1676,1237
1675,1235
1675,1232
1674,1230
1673,1227
1673,1225
1672,1222
1671,1220
1671,1217
1670,1215
1669,1212
1669,1210
1668,1207
1667,1205
1666,1202
1665,1200
1665,1198
1664,1196
1663,1194
1662,1191
1661,1189
1660,1187
1659,1185
1658,1183
1657,1181
1656,1179
1655,1178
1654,1176
1653,1174
1652,1172
1651,1170
1650,1168
1648,1167
1647,1165
1646,1163
1645,1161
1644,1159
1643,1157
1642,1155
1640,1153
1639,1151
1638,1149
1637,1147
1636,1145
1634,1143
1633,1141
1632,1139
1631,1137
1629,1135
1628,1133
1627,1131
1625,1129
1624,1127
1622,1126
1621,1124
1619,1122
1618,1121
1616,1119
1615,1118
1613,1116
1612,1115
1610,1114
1608,1113
1607,1112
1605,1111
1604,1110
1602,1109
1600,1109
1598,1108
1597,1107
1595,1107
1593,1106
1592,1105
1590,1105
1588,1104
1586,1103
1585,1103
1583,1102
1581,1101
1579,1100
1578,1099
1576,1099
1574,1098
1572,1097
1571,1096
1569,1095
1567,1094
1565,1093
1564,1092
1562,1091
1560,1089
1559,1088
1557,1087
1555,1086
1553,1084
1552,1083
1550,1082
1548,1081
1546,1079
1544,1078
1543,1077
1541,1076
1539,1075
1537,1074
1535,1073
1533,1072
1531,1071
1529,1070
1527,1069
1525,1069
1524,1068
1522,1067
1520,1066
1518,1065
1516,1064
1514,1063
1512,1062
1510,1061
1508,1060
1506,1059
1504,1058
1501,1057
1499,1056
1497,1055
1495,1053
1493,1052
1490,1051
1488,1050
1486,1049
1483,1048
1481,1046
1478,1045
1476,1044
1473,1043
1470,1041
1468,1040
1465,1039
1462,1037
1459,1036
1457,1035
1454,1034
1451,1032
1448,1031
1445,1030
1442,1029
1438,1027
1435,1026
1432,1025
1429,1024
1426,1022
1422,1021
1419,1020
1416,1018
1413,1017
1409,1016
1406,1014
1402,1013
1399,1011
1395,1010
1392,1009
1388,1007
1385,1006
1381,1005
1377,1003
1374,1002
1370,1001
1367,999
1363,998
1359,997
1355,996
1352,994
1348,993
1344,992
1340,991
1336,990
1332,989
1329,988
1325,987
1321,986
1317,985
1313,984
1309,983
1305,982
1301,981
1297,980
1293,978
1289,977
1285,976
1280,975
1276,974
1272,973
1268,972
1264,971
1260,970
1256,969
1251,968
1247,967
1243,966
1239,965
1235,964
1231,963
1227,963
1223,962
1219,961
1215,961
1210,960
1206,960
1202,959
1198,959
1194,958
1190,958
1186,958
1182,957
1178,957
1174,956
1170,956
1166,956
1162,956
1158,955
1154,955
1150,955
1146,955
1142,954
1138,954
1134,954
1130,953
1126,953
1123,953
1119,952
1115,952
1111,951
1107,951
1103,950
1099,950
1095,949
1091,949
1087,948
1083,948
1079,947
1075,946
1071,946
1067,945
1063,945
1059,944
1055,943
1051,943
1047,942
1043,941
1039,940
1035,939
1031,939
1026,938
1022,937
1018,936
1014,935
1010,934
1005,933
1001,932
997,931
993,930
988,930
984,929
980,928
976,928
971,927
967,927
963,927
959,926
955,926
951,926
947,926
943,927
940,927
936,927
933,928
929,929
926,929
923,930
921,931
918,932
916,933
914,933
912,934
911,935
910,935
909,935
908,936
907,936
907,936
