2190,605
2190,605
2190,605
2190,605
2189,605
2189,604
2189,604
2188,604
2188,603
2187,603
2187,603
2186,602
2186,602
2185,601
2185,600
2185,600
2184,599
2184,598
2184,597
2184,596
2183,594
2183,593
2183,592
2183,591
2184,590
2184,588
2184,587
2184,586
2185,585
2185,584
2186,583
2186,582
2187,581
2187,581
2188,580
2188,580
2189,580
2190,580
2190,580
2191,580
2192,581
2193,581
2194,582
2195,583
2196,584
2197,585
2198,587
2199,588
2200,589
2202,590
2203,592
2205,593
2207,594
2209,594
2211,595
2214,596
2216,596
2219,596
2222,596
2225,595
2229,595
2232,594
2236,593
2240,592
2244,591
2248,590
2252,589
2256,587
2260,586
2264,584
2269,583
2273,581
2277,580
2282,579
2286,578
2290,576
2294,576
2299,575
2303,574
2306,574
2310,574
2314,574
2317,574
2321,575
2324,576
2327,577
2330,578
2333,579
2336,581
2339,583
2342,584
2344,586
2347,588
2350,590
2352,592
2355,594
2357,596
2360,598
2363,600
2365,602
2368,605
2370,607
2373,609
2376,611
2378,613
2381,614
2384,616
2386,618
2389,620
2392,621
2394,623
2397,624
2400,626
2403,627
2406,628
2409,629
2411,630
2414,632
2417,633
2420,634
2423,635
2425,637
2428,638
2431,639
2434,641
2436,642
2439,644
2442,645
2445,647
2447,649
2450,650
2453,652
2455,654
2458,655
2460,657
2463,659
2466,661
2468,663
2471,665
2473,667
2475,669
2478,671
2480,673
2482,675
2485,677
2487,679
2489,681
2491,683
2494,685
2496,687
2498,688
2500,690
2502,692
2505,694
2507,695
2509,697
2511,699
2514,700
2516,702
2518,703
2520,704
2523,706
2525,707
2528,708
2530,709
2533,710
2535,711
2538,712
2541,712
2543,713
2546,713
2549,713
2552,714
2555,714
2558,714
2560,714
2563,715
2566,715
2569,715
2572,715
2574,715
2577,715
2580,715
2582,716
2585,716
2587,716
2589,716
2592,716
2594,717
2596,717
2598,717
2600,718
2602,718
2604,719
2606,719
2607,720
2609,720
2610,721
2611,722
2613,723
2614,724
2615,725
2615,726
2616,727
2617,728
2617,730
2618,731
2618,732
2618,734
2618,735
2618,736
2618,738
2618,739
2618,740
2618,742
2618,743
2618,744
2618,745
2618,746
2617,746
2617,747
2617,747
2617,748
2617,748
2617,748
2617,748
2617,747
2617,747
2617,747
2617,746
2617,746
2617,745
2617,744
2617,744
2617,743
2617,742
2617,741
2617,741
2617,740
2617,739
2616,738
2616,738
2616,737
2615,737
2615,736
2614,736
2613,735
2613,735
2612,735
2611,735
2610,735
2609,735
2608,735
2608,735
2607,735
2606,735
2605,736
2604,736
2602,736
2601,737
2600,737
2599,737
2598,738
2596,738
2595,738
2594,739
2593,739
2591,739
2590,740
2588,740
2587,741
2586,741
2584,741
2583,742
2581,742
2580,742
2578,743
2577,743
2576,743
2574,744
2573,744
2571,745
2570,745
2568,745
2567,746
2565,747
2563,747
2562,748
2560,748
2558,749
2557,750
2555,751
2553,751
2552,752
2550,753
2548,754
2547,755
2545,756
2543,757
2541,758
2539,759
2537,760
2536,761
2534,762
2532,763
2530,764
2528,765
2526,766
2525,766
2523,767
2521,768
2519,769
2518,770
2516,770
2514,771
2513,772
2511,773
2509,773
2507,774
2506,774
2504,775
2503,775
2501,776
2499,776
2498,776
2496,777
2495,777
2493,777
2492,778
2490,778
2488,778
2487,778
2485,779
2483,779
2482,779
2480,779
2478,780
2476,780
2475,780
2473,781
2471,781
2469,782
2466,783
2464,784
2462,785
2459,786
2457,787
2454,789
2452,790
2449,791
2446,793
2444,794
2441,796
2438,797
2436,799
2433,800
2431,802
2428,803
2425,804
2423,805
2421,806
2418,806
2416,807
2414,807
2412,807
2410,807
2409,807
2407,807
2405,806
2404,806
2403,805
2401,804
2400,803
2399,802
2397,801
2396,801
2395,800
2394,799
2393,798
2391,798
2390,797
2389,797
2388,796
2386,796
2385,796
2384,796
2382,797
2381,797
2379,798
2378,798
2376,799
2375,799
2373,800
2372,801
2371,801
2369,802
2368,802
2367,803
2365,803
2364,803
2363,804
2362,804
2361,804
2359,804
2358,805
2357,805
2356,805
2354,805
2353,805
2352,805
2351,806
2349,806
2348,806
2346,806
2345,807
2343,807
2342,808
2340,809
2338,810
2336,811
2334,812
2332,813
2330,814
2328,815
2326,816
2324,817
2322,818
2320,820
2318,821
2316,822
2314,823
2312,824
2311,824
2309,825
2307,826
2305,826
2304,827
2302,827
2300,828
2299,828
2297,828
2295,829
2294,829
2292,829
2291,830
2289,830
2287,830
2286,830
2284,831
2283,831
2281,832
2279,832
2278,832
2276,833
2275,833
2273,834
2271,834
2270,834
2268,835
2267,835
2265,835
2263,836
2262,836
2260,836
2259,836
2257,837
2256,836
2255,836
2254,836
2252,836
2251,835
2250,835
2249,834
2248,834
2247,834
2245,833
2244,833
2243,833
2242,833
2240,832
2239,832
2238,832
2236,832
2235,832
2233,832
2232,833
2230,833
2229,833
2227,833
2226,834
2224,834
2223,834
2221,834
2219,835
2218,835
2216,835
2215,835
2214,835
2212,835
2211,834
2209,834
2208,834
2207,834
2206,833
2204,833
2203,833
2202,832
2201,832
2200,831
2199,831
2197,830
2196,830
2195,830
2194,829
2192,829
2191,829
2190,829
2188,830
2187,830
2185,831
2184,831
2182,832
2181,833
2179,833
2177,834
2176,835
2174,836
2172,837
2171,838
2169,839
2167,840
2166,841
2164,842
2162,843
2161,844
2159,845
2157,846
2156,847
2154,848
2153,848
2151,849
2150,850
2148,850
2147,851
2145,851
2144,851
2143,851
2142,852
2140,852
2139,852
2138,852
2137,852
2135,852
2134,852
2133,853
2131,853
2130,853
2129,853
2128,854
2126,854
2125,855
2124,855
2122,856
2121,856
2119,857
2118,858
2117,858
2115,859
2114,860
2112,861
2111,862
2109,863
2108,864
2106,865
2104,866
2103,868
2101,869
2099,871
2097,873
2096,874
2094,876
2092,878
2091,879
2089,881
2087,882
2086,884
2084,885
2083,887
2081,888
2080,889
2079,890
2077,891
2076,892
2075,892
2074,893
2072,894
2071,894
2070,894
2069,895
2068,895
2067,895
2066,895
2065,896
2064,896
2062,896
2061,896
2060,896
2059,896
2058,897
2056,897
2055,898
2054,898
2052,899
2051,899
2049,900
2047,901
2046,902
2044,903
2042,903
2041,904
2039,905
2037,906
2035,907
2034,908
2032,909
2030,910
2029,910
2027,911
2026,912
2024,912
2022,913
2021,913
2019,914
2018,914
2016,914
2015,915
2014,915
2012,915
2011,915
2009,915
2008,916
2007,916
2005,916
2004,916
2003,916
2001,916
2000,916
1999,916
1998,915
1996,915
1995,915
1994,915
1993,915
1991,915
1990,915
1989,915
1987,916
1986,916
1985,916
1983,917
1982,917
1981,918
1979,919
1978,919
1977,920
1975,921
1974,921
1972,922
1971,923
1969,924
1968,925
1967,926
1966,926
1964,927
1963,927
1962,928
1961,928
1960,928
1959,928
1958,928
1957,928
1956,927
1955,927
1955,926
1954,926
1953,925
1953,924
1952,924
1952,923
1951,922
1950,922
1950,921
1949,921
1949,921
1948,920
1947,920
1947,920
1946,920
1945,920
1944,921
1944,921
1943,921
1942,921
1942,921
1941,921
1941,921
1940,921
1940,920
1940,920
1939,919
1939,919
1939,918
1939,917
1939,916
1939,915
1939,914
1939,912
1939,911
1939,909
1939,908
1939,906
1938,904
1938,903
1938,901
1938,900
1938,899
1938,897
1937,896
1937,896
1936,895
1936,895
1935,894
1934,894
1933,894
1932,894
1932,895
1931,895
1930,896
1929,896
1927,897
1926,897
1925,898
1924,899
1923,899
1922,900
1921,900
1920,901
1920,901
1919,902
1918,902
1917,902
1917,902
1916,902
1915,902
1915,902
1915,902
1914,901
1914,901
1914,900
1914,899
1914,899
1914,898
1914,897
1914,896
1915,895
1915,893
1915,892
1916,891
1916,890
1916,888
1917,887
1918,885
1918,883
1919,882
1919,880
1920,878
1921,876
1921,874
1922,872
1923,870
1924,868
1925,866
1925,863
1926,861
1927,859
1928,856
1929,854
1930,851
1930,849
1931,847
1932,844
1933,842
1934,839
1935,837
1936,834
1936,832
1937,829
1938,827
1939,824
1940,822
1940,819
1941,817
1942,814
1943,812
1943,809
1944,807
1945,805
1945,802
1946,800
1947,798
1947,796
1948,793
1949,791
1949,788
1950,786
1951,783
1951,780
1952,778
1953,775
1954,772
1954,769
1955,767
1956,764
1957,761
1958,758
1958,755
1959,752
1960,749
1961,746
1961,743
1962,740
1963,738
1963,735
1964,733
1964,730
1964,729
1965,727
1965,726
1965,724
1965,723
1964,723
1964,722
1964,722
1963,722
1963,722
1962,723
1961,723
1961,724
1960,725
1959,726
1957,728
1956,729
1955,731
1954,733
1952,735
1951,737
1949,739
1948,741
1946,743
1944,745
1943,747
1941,749
1939,752
1937,754
1935,756
1933,759
1931,761
1929,763
1927,766
1925,768
1923,770
1921,773
1918,775
1916,778
1914,781
1911,783
1909,786
1906,789
1904,792
1901,795
1898,798
1895,801
1893,804
1890,807
1887,810
1884,812
1881,815
1878,818
1875,821
1872,824
1869,827
1866,829
1863,832
1860,835
1857,838
1854,841
1851,844
1848,846
1844,849
1841,852
1838,854
1835,857
1832,859
1829,861
1825,864
1822,866
1819,868
1816,870
1813,872
1810,874
1807,876
1803,878
1800,880
1797,882
1794,883
1791,885
1788,887
1785,888
1782,890
1779,892
1776,893
1772,895
1769,896
1766,898
1763,900
1760,901
1757,903
1754,905
1751,907
1748,909
1744,911
1741,913
1738,915
1735,917
1731,919
1728,922
1725,924
1722,926
1718,929
1715,931
1712,934
1708,936
1705,939
1702,941
1699,943
1695,946
1692,948
1689,951
1686,953
1683,956
1680,958
1677,960
1674,963
1671,966
1668,968
1665,971
1662,973
1659,975
1656,978
1653,981
1651,983
1648,986
1645,988
1643,991
1640,993
1638,996
1635,998
1633,1001
1631,1004
1628,1007
1626,1010
1624,1013
1622,1016
1619,1019
1617,1022
1615,1025
1613,1028
1612,1032
1610,1035
1608,1038
1606,1042
1604,1046
1603,1049
1601,1053
1600,1057
1598,1061
1597,1065
1595,1069
1594,1073
1593,1077
1591,1081
1590,1086
1589,1090
1588,1094
1587,1098
1586,1102
1585,1106
1584,1110
1583,1113
1582,1117
1582,1121
1581,1124
1580,1128
1580,1131
1579,1135
1579,1138
1578,1141
1578,1144
1577,1147
1577,1150
1576,1153
1576,1156
1576,1160
1575,1163
1575,1166
1574,1169
1574,1172
1574,1175
1573,1178
1573,1181
1573,1184
1572,1187
1572,1189
1572,1192
1571,1195
1571,1198
1570,1201
1570,1203
1570,1206
1570,1208
1569,1211
1569,1213
1569,1215
1569,1218
1568,1220
1568,1222
1568,1224
1568,1226
1568,1228
1567,1230
1567,1232
1567,1234
1567,1236
1567,1238
1567,1240
1567,1242
1567,1243
1567,1245
1567,1247
1567,1248
1567,1250
1567,1252
1567,1253
1568,1255
1568,1256
1568,1257
1568,1258
1569,1260
1569,1261
1569,1261
1570,1262
1570,1263
1571,1263
1571,1264
1572,1264
1573,1264
1573,1264
1574,1264
1575,1264
1575,1263
1576,1263
1577,1263
1578,1262
1579,1262
1580,1261
1581,1261
1582,1261
1583,1260
1584,1260
1585,1259
1586,1259
1587,1259
1588,1259
1589,1258
1591,1258
1592,1258
1593,1258
1594,1258
1596,1258
1597,1258
1598,1259
1600,1259
1601,1259
1602,1259
1604,1259
1605,1260
1607,1260
1608,1260
1610,1261
1611,1261
1613,1261
1614,1262
1616,1262
1617,1262
1619,1263
1620,1263
1622,1263
1623,1264
1625,1264
1626,1264
1627,1265
1628,1265
1630,1265
1631,1265
1632,1266
1633,1266
1634,1266
1635,1266
1636,1265
1637,1265
1638,1265
1639,1264
1640,1263
1641,1262
1642,1261
1642,1260
1643,1258
1644,1257
1644,1255
1645,1253
1646,1251
1646,1249
1647,1247
1647,1244
1648,1242
1648,1239
1649,1236
1649,1233
1649,1230
1649,1227
1650,1224
1650,1221
1650,1218
1650,1214
1650,1211
1650,1208
1650,1204
1650,1201
1650,1197
1650,1194
1650,1191
1650,1187
1650,1184
1650,1181
1649,1177
1649,1174
1649,1171
1649,1168
1649,1164
1649,1161
1648,1158
1648,1154
1648,1151
1648,1148
1648,1144
1648,1141
1648,1138
1648,1134
1648,1131
1648,1128
1648,1124
1648,1121
1648,1118
1648,1115
1648,1112
1648,1109
1648,1106
1648,1102
1648,1099
1648,1096
1648,1093
1648,1090
1648,1087
1648,1084
1648,1081
1648,1078
1648,1075
1648,1072
1648,1069
1648,1066
1648,1063
1648,1060
1648,1057
1647,1054
1647,1051
1647,1048
1647,1045
1647,1042
1646,1040
1646,1037
1646,1034
1645,1031
1645,1028
1644,1025
1644,1022
1643,1020
1642,1017
1642,1014
1641,1012
1640,1009
1639,1007
1638,1005
1637,1003
1636,1000
1635,998
1634,996
1632,994
1631,992
1630,990
1629,988
1627,985
1626,983
1625,981
1624,978
1622,975
1621,973
1620,970
1619,967
1617,964
1616,961
1615,958
1614,954
1612,951
1611,948
1610,944
1609,941
1608,938
1607,934
1606,931
1604,928
1603,924
1602,921
1601,918
1600,915
1599,911
1597,908
1596,906
1595,903
1594,901
1592,898
1591,896
1590,894
1588,893
1587,891
1585,890
1584,889
1582,887
1581,887
1579,886
1578,885
1576,884
1575,883
1573,882
1571,882
1570,881
1568,880
1567,879
1565,878
1564,877
1562,876
1561,875
1559,873
1558,872
1556,871
1555,869
1553,868
1552,866
1551,864
1549,863
1548,861
1546,859
1545,858
1543,856
1542,854
1540,853
1539,851
1538,849
1536,848
1535,846
1533,845
1532,843
1531,842
1529,841
1528,840
1526,839
1525,838
1524,836
1522,835
1521,834
1519,833
1518,832
1517,831
1516,830
1514,829
1513,828
1512,826
1511,825
1510,823
1508,822
1507,820
1506,818
1505,816
1504,814
1503,812
1502,809
1501,807
1501,805
1500,802
1499,800
1498,797
1497,795
1497,792
1496,790
1495,787
1494,785
1494,783
1493,780
1492,778
1491,776
1491,774
1490,772
1489,770
1489,768
1488,766
1487,765
1487,763
1486,761
1485,760
1485,758
1484,757
1484,755
1483,754
1482,752
1482,751
1481,750
1481,748
1480,747
1480,746
1479,745
1479,743
1479,742
1478,741
1478,740
1478,738
1477,737
1477,735
1477,734
1477,732
1477,731
1476,729
1476,727
1476,726
1477,724
1477,723
1477,721
1477,719
1477,718
1478,716
1478,714
1478,712
1479,710
1479,708
1480,706
1481,704
1481,702
1482,700
1483,698
1484,696
1485,693
1486,691
1487,689
1488,687
1490,685
1491,683
1492,681
1494,679
1495,678
1496,676
1498,675
1500,673
1501,672
1503,671
1504,670
1506,669
1508,668
1509,667
1511,667
1513,666
1515,666
1516,666
1518,666
1520,665
1522,666
1524,666
1525,666
1527,666
1529,667
1531,667
1533,668
1535,668
1536,669
1538,670
1540,670
1542,671
1544,672
1546,673
1548,674
1550,675
1552,676
1554,677
1556,679
1558,680
1560,682
1562,683
1564,684
1567,686
1569,688
1571,689
1574,691
1576,693
1578,694
1581,696
1583,698
1585,700
1588,702
1590,704
1593,706
1595,708
1598,711
1600,713
1602,715
1605,718
1607,721
1610,723
1612,726
1614,729
1616,732
1619,734
1621,737
1623,740
1625,744
1627,747
1628,750
1630,753
1632,757
1633,760
1635,763
1636,767
1637,770
1638,774
1639,777
1640,781
1641,784
1642,787
1642,791
1643,794
1643,797
1644,801
1644,804
1644,807
1644,811
1644,814
1644,817
1644,820
1643,823
1643,827
1642,830
1642,833
1641,836
1640,839
1640,842
1639,845
1638,848
1637,851
1636,854
1635,857
1633,860
1632,864
1631,867
1629,870
1628,873
1627,876
1625,879
1623,882
1622,885
1620,888
1618,891
1617,895
1615,898
1613,901
1611,904
1609,907
1607,910
1605,913
1603,917
1601,920
1599,923
1597,926
1595,929
1593,933
1591,936
1589,939
1587,943
1585,946
1583,949
1581,953
1578,956
1576,960
1574,963
1572,967
1570,970
1568,974
1565,977
1563,981
1561,984
1559,987
1557,991
1555,994
1552,997
1550,1001
1548,1004
1546,1007
1544,1011
1541,1014
1539,1017
1537,1021
1535,1024
1532,1027
1530,1030
1528,1033
1526,1036
1523,1039
1521,1042
1519,1045
1517,1048
1514,1051
1512,1054
1510,1057
1507,1060
1505,1062
1503,1065
1500,1067
1498,1070
1495,1072
1493,1075
1490,1077
1488,1080
1485,1082
1483,1084
1480,1087
1478,1089
1475,1091
1473,1093
1470,1096
1468,1098
1465,1100
1463,1102
1461,1104
1458,1106
1456,1108
1453,1111
1451,1113
1448,1115
1446,1117
1444,1119
1441,1121
1439,1123
1436,1125
1434,1126
1432,1128
1430,1130
1428,1131
1425,1133
1423,1134
1421,1135
1419,1137
1417,1138
1415,1139
1413,1140
1411,1141
1409,1143
1407,1144
1406,1145
1404,1146
1402,1147
1400,1149
1399,1150
1397,1151
1396,1153
1394,1154
1393,1156
1391,1157
1390,1159
1388,1160
1387,1162
1386,1164
1384,1166
1383,1168
1382,1170
1380,1172
1379,1174
1378,1176
1377,1178
1376,1180
1375,1182
1374,1184
1373,1186
1372,1188
1371,1190
1370,1192
1369,1194
1368,1196
1367,1198
1366,1200
1365,1202
1365,1204
1364,1206
1363,1208
1363,1210
1362,1212
1362,1214
1361,1215
1361,1217
1361,1219
1360,1220
1360,1221
1360,1223
1360,1224
1360,1225
1360,1226
1360,1227
1360,1228
1360,1228
1361,1229
1361,1230
1362,1230
1362,1231
1362,1231
1363,1231
1363,1231
1364,1232
1365,1232
1365,1232
1366,1231
1367,1231
1367,1231
1368,1230
1368,1229
1369,1228
1369,1227
1370,1226
1370,1224
1371,1222
1371,1221
1371,1219
1372,1216
1372,1214
1372,1212
1372,1209
1372,1206
1372,1203
1372,1200
1372,1196
1372,1192
1372,1188
1372,1184
1372,1180
1372,1176
1372,1172
1371,1167
1371,1163
1371,1158
1371,1153
1371,1149
1371,1144
1371,1139
1371,1135
1371,1130
1371,1125
1371,1120
1372,1116
1372,1111
1372,1106
1373,1102
1373,1097
1374,1092
1375,1087
1376,1082
1377,1077
1377,1073
1379,1068
1380,1063
1381,1059
1382,1054
1383,1050
1385,1045
1386,1041
1388,1036
1389,1032
1391,1028
1392,1023
1394,1019
1395,1015
1397,1010
1398,1006
1400,1002
1402,998
1403,994
1405,990
1406,985
1408,981
1409,977
1410,973
1412,970
1413,966
1414,962
1415,959
1416,955
1417,952
1417,949
1418,946
1419,943
1419,940
1419,937
1420,935
1420,932
1420,930
1420,927
1420,925
1419,923
1419,921
1419,919
1419,917
1418,916
1418,914
1418,913
1417,912
1417,910
1416,909
1416,908
1416,907
1415,906
1415,905
1415,904
1415,904
1415,903
1415,902
1415,902
1415,901
1415,901
1415,901
1415,901
1416,900
1416,900
1416,900
1417,900
1417,900
1418,900
1418,900
1418,900
1419,900
1419,900
1420,901
1420,901
1421,901
1421,901
1421,901
1422,901
1422,901
1422,900
1423,900
1423,900
1423,900
1423,899
1424,899
1424,899
1424,898
1424,897
1424,897
1425,896
1425,895
1425,894
1425,893
1425,892
1425,891
1426,890
1426,889
1426,888
1426,886
1427,884
1427,883
1428,881
1428,879
1429,877
1429,875
1430,873
1430,871
1431,869
1432,867
1432,865
1433,863
1434,861
1434,859
1435,857
1436,855
1437,853
1438,851
1438,849
1439,848
1440,846
1441,845
1442,844
1443,843
1443,842
1444,841
1445,840
1446,839
1447,838
1448,837
1449,836
1450,836
1451,835
1452,834
1453,833
1454,832
1455,831
1456,831
1457,830
1459,828
1460,827
1461,826
1463,825
1464,824
1465,822
1467,821
1469,820
1470,818
1472,817
1474,816
1476,814
1478,813
1480,812
1482,810
1484,809
1486,808
1488,806
1490,805
1493,804
1495,803
1497,801
1500,800
1502,800
1505,799
1507,798
1510,797
1512,796
1515,796
1518,795
1520,794
1523,794
1526,793
1528,793
1531,792
1534,792
1537,792
1539,791
1542,791
1545,791
1548,790
1551,790
1553,790
1556,789
1559,789
1562,788
1565,788
1568,787
1571,786
1574,786
1577,785
1580,784
1583,782
1586,781
1590,780
1593,778
1596,777
1599,775
1602,774
1606,772
1609,770
1612,769
1616,767
1619,766
1622,764
1625,763
1629,762
1632,760
1635,759
1638,758
1642,757
1645,756
1648,755
1651,754
1655,753
1658,752
1661,752
1664,751
1667,751
1670,750
1673,750
1677,749
1680,749
1683,748
1686,748
1689,747
1692,747
1695,746
1698,745
1701,745
1705,744
1708,743
1711,742
1714,741
1717,740
1720,739
1723,738
1726,737
1729,736
1732,735
1735,734
1738,733
1741,733
1744,732
1747,731
1750,730
1753,729
1756,728
1759,727
1762,727
1765,726
1768,725
1771,724
1774,723
1777,723
1780,722
1782,721
1785,721
1788,720
1791,719
1794,719
1797,718
1800,717
1803,717
1805,716
1808,715
1811,715
1814,714
1817,713
1820,712
1823,712
1825,711
1828,710
1831,709
1834,709
1837,708
1840,708
1842,707
1845,706
1848,706
1851,705
1854,705
1856,705
1859,704
1862,704
1865,704
1867,703
1870,703
1873,703
1876,703
1878,703
1881,703
1884,702
1887,702
1890,702
1892,702
1895,701
1898,701
1901,701
1904,700
1907,700
1910,699
1913,699
1916,698
1919,697
1922,696
1925,695
1928,694
1931,693
1934,691
1937,690
1940,689
1943,687
1946,686
1949,684
1952,683
1955,682
1958,680
1961,679
1964,678
1967,677
1970,676
1972,675
1975,674
1978,673
1980,672
1983,671
1985,671
1988,670
1990,670
1992,670
1995,670
1997,670
1999,669
2001,669
2004,669
2006,669
2008,669
2010,669
2013,669
2015,669
2017,668
2019,668
2022,668
2024,668
2026,668
2028,668
2030,669
2032,669
2034,670
2036,670
2038,671
2039,672
2041,674
2042,675
2044,676
2045,678
2047,679
2048,681
2050,683
2052,684
2053,685
2055,687
2056,688
2058,689
2060,690
2062,690
2064,691
2066,691
2068,691
2071,690
2073,690
2075,689
2078,688
2081,687
2083,686
2086,685
2089,684
2092,682
2095,681
2097,679
2100,678
2103,676
2106,675
2108,674
2111,673
2114,672
2116,672
2118,672
2121,671
2123,672
2125,672
2127,672
2129,673
2131,674
2133,675
2134,676
2136,677
2138,678
2140,679
2141,680
2143,681
2145,682
2147,683
2148,684
2150,685
2152,686
2154,687
2155,688
2157,689
2159,690
2161,691
2162,692
2164,693
2166,694
2168,695
2170,696
2172,696
2174,697
2175,698
2177,698
2179,699
2181,699
2183,699
2185,700
2187,700
2189,700
2191,700
2194,699
2196,699
2198,698
2200,698
2202,697
2204,697
2206,696
2208,696
2210,695
2212,694
2214,694
2216,693
2218,692
2219,692
2221,691
2222,691
2224,690
2225,690
2226,690
2227,689
2228,689
2229,689
2230,689
2230,689
2231,689
2231,688
2232,688
2232,688
2232,688
2232,688
2232,688
2232,689
2231,689
2231,689
2230,689
2230,690
2229,690
2228,690
2227,691
2226,691
2225,692
2224,692
2223,692
2222,693
2221,693
2220,693
2219,694
2218,694
2217,694
2216,695
2215,695
2213,695
2212,696
2211,696
2210,696
2209,697
2208,697
2207,697
2206,698
2205,698
2204,698
2204,698
2203,698
2202,698
2202,699
2201,699
2201,699
2201,699
2200,700
2200,700
2200,700
2200,701
2200,701
2200,702
2200,702
2200,703
2200,703
2200,703
2200,704
2201,704
2201,704
2201,705
2201,705
2202,705
2202,706
2202,706
2202,707
2202,707
2203,708
2203,709
2203,710
2202,711
2202,712
2202,713
2202,714
2202,715
2202,716
2202,717
2202,717
2202,718
2202,719
2202,719
2202,720
2203,720
2203,721
2204,721
2204,721
2205,721
2206,720
2207,720
2208,720
2209,719
2210,719
2211,718
2212,717
2214,717
2215,716
2217,715
2218,714
2219,713
2221,712
2222,712
2224,711
2225,710
2226,710
2228,709
2229,709
2230,709
2231,708
2232,708
2233,708
2235,708
2236,708
2237,708
2238,708
2239,708
2240,708
2241,708
2242,707
2243,707
2244,707
2245,706
2247,706
2248,705
2249,705
2250,704
2251,704
2252,703
2253,703
2254,703
2255,702
2256,702
2257,702
2257,702
2258,702
2258,702
2259,703
2259,703
2259,704
2260,704
2260,705
2260,705
2260,706
2260,707
2260,707
2260,708
2260,708
2259,708
2259,709
2259,709
2259,709
2259,709
2259,709
2258,709
2258,709
2258,708
2258,708
2258,707
2258,707
2257,706
2257,705
2257,705
2257,704
2256,703
2256,702
2256,701
2255,701
2255,700
2255,699
2254,698
2254,697
2253,696
2253,696
2252,695
2251,694
2251,693
2250,692
2250,691
2249,690
2249,689
2248,688
2248,687
2247,686
2247,684
2246,683
2246,681
2245,680
2245,679
2244,677
2244,676
2243,674
2243,673
2242,672
2242,671
2241,669
2241,668
2240,667
2240,667
2239,666
2238,665
2238,664
2237,664
2237,663
2236,663
2235,662
2235,662
2234,662
2233,662
2232,662
2232,662
2231,662
2230,663
2229,663
2228,664
2227,664
2226,665
2225,665
2225,665
2224,666
2223,666
2222,667
2221,667
2221,667
2220,667
2220,667
2219,667
2219,666
2219,666
2218,665
2218,665
2218,664
2218,663
2218,662
2218,661
2219,660
2219,659
2219,657
2219,656
2220,655
2220,654
2220,653
2220,652
2220,651
2220,651
2220,650
2220,650
2220,650
2219,651
2219,651
2219,652
2218,653
2217,654
2216,656
2216,657
2215,659
2214,661
2213,663
2212,665
2211,668
2210,670
2208,672
2207,674
2206,677
2205,679
2205,681
2204,683
2203,685
2202,687
2201,688
2200,690
2200,692
2199,693
2199,694
2198,695
2198,697
2197,698
2197,698
2196,699
2196,700
2196,700
2196,701
2195,701
2195,702
2195,702
2195,702
2195,702
2195,702
2195,703
2195,703
2195,703
2195,703
2195,703
2195,703
2195,703
2195,703
2195,703
2194,703
2194,704
2194,704
2194,705
2194,705
2193,706
2193,707
2192,708
2192,709
2191,711
2190,713
2190,714
2189,716
2188,718
2187,720
2186,722
2185,724
2184,727
2183,729
2181,731
2180,734
2179,736
2178,738
2177,740
2177,742
2176,744
2175,745
2175,747
2174,748
2174,749
2173,750
2173,751
2173,752
2173,753
2173,753
2174,754
2174,754
2174,754
2175,754
2175,755
2176,755
2177,755
2177,755
2178,756
2179,756
2179,757
2180,757
2180,758
2181,759
2182,760
2182,761
2183,762
2183,763
2184,764
2184,765
2185,766
2185,767
2186,768
2187,769
2187,770
2188,771
2189,771
2189,772
2190,773
2191,773
2192,774
2193,774
2194,774
2195,774
2196,774
2197,774
2199,774
2200,774
2201,774
2202,774
2203,774
2205,774
2206,773
2207,773
2208,773
2209,773
2210,772
2211,772
2212,772
2213,771
2214,771
2215,771
2216,770
2217,770
2218,769
2219,769
2220,768
2221,767
2222,766
2223,766
2224,765
2225,764
2226,763
2227,762
2228,761
2230,760
2231,759
2232,758
2233,757
2234,756
2235,755
2236,754
2237,754
2239,753
2240,752
2241,752
2242,751
2243,750
2244,750
2245,749
2247,748
2248,747
2249,746
2250,746
2251,745
2253,743
2254,742
2255,741
2256,740
2258,739
2259,738
2260,737
2261,736
2262,735
2263,735
2264,734
2264,734
2265,733
2266,733
2266,733
2267,732
2267,732
2268,733
2268,733
2268,733
2268,734
2268,734
2268,735
2267,736
2267,736
2267,737
2266,738
2266,739
2266,740
2265,740
2265,741
2264,742
2264,742
2263,743
2263,743
2262,743
2262,744
2262,744
2261,744
2261,744
2260,744
2260,744
2259,744
2258,744
2258,744
2257,744
2257,744
2256,744
2255,744
2255,744
2254,744
2253,744
2252,744
2251,744
2250,744
2249,744
2248,744
2248,744
2247,744
2246,744
2245,744
2244,745
2243,745
2242,745
2242,745
2241,745
2240,745
2239,745
2239,746
2238,746
2237,746
2237,746
2236,746
2236,746
2235,746
2235,746
2235,746
2234,746
2234,746
2234,746
2234,746
2234,746
2234,745
2234,745
2234,745
2234,744
2234,744
2234,744
2234,743
2234,743
2234,743
2234,743
2234,743
2234,744
2234,744
2234,745
2234,745
2233,746
2233,747
2233,748
2232,749
2232,750
2231,752
2230,754
2229,755
2228,757
2227,759
2226,762
2224,764
2223,766
2222,769
2220,771
2219,773
2217,775
2216,777
2214,779
2213,781
2211,782
2210,784
2208,785
2207,786
2206,787
2204,787
2203,787
2201,788
2200,788
2199,787
2198,787
2196,786
2195,786
2194,785
2193,784
2191,783
2190,782
2189,781
2187,780
2186,779
2185,778
2183,778
2182,777
2180,776
2179,775
2177,774
2176,774
2174,773
2173,773
2171,773
2169,773
2168,773
2166,773
2164,773
2163,774
2161,774
2159,774
2158,774
2156,775
2155,775
2153,775
2152,775
2150,775
2149,775
2148,775
2146,775
2145,775
2144,775
2142,775
2141,775
2139,775
2138,775
2137,774
2135,774
2134,773
2133,773
2132,772
2130,772
2129,771
2127,771
2126,770
2125,769
2123,769
2122,768
2121,768
2119,767
2118,766
2116,766
2115,765
2114,765
2112,764
2111,764
2110,763
2108,763
2107,763
2106,762
2104,762
2103,762
2101,762
2100,762
2099,762
2097,762
2096,763
2094,763
2093,763
2092,764
2090,764
2089,764
2087,765
2086,765
2085,766
2083,766
2082,766
2081,766
2079,767
2078,767
2077,766
2076,766
2075,766
2074,765
2073,765
2072,764
2071,764
2071,763
2070,762
2069,761
2068,761
2067,760
2067,759
2066,758
2065,757
2064,756
2064,755
2063,754
2062,753
2062,752
2061,751
2060,750
2059,749
2058,748
2057,747
2057,746
2056,746
2055,745
2054,744
2053,744
2052,743
2051,743
2050,742
2049,742
2048,741
2047,741
2046,741
2045,740
2044,740
2043,740
2041,740
2040,740
2039,740
2038,739
2037,739
2036,740
2035,740
2034,740
2032,740
2031,741
2030,741
2029,741
2027,742
2026,742
2025,743
2024,744
2022,744
2021,745
2020,746
2019,746
2017,747
2016,748
2015,749
2014,750
2012,751
2011,752
2010,753
2008,754
2007,756
2006,757
2005,758
2003,760
2002,761
2001,762
1999,764
1998,765
1997,766
1996,768
1995,769
1993,771
1992,772
1991,773
1990,774
1989,776
1988,777
1987,778
1986,779
1985,780
1983,782
1982,783
1981,784
1980,785
1979,786
1978,788
1977,789
1976,790
1975,791
1974,792
1973,794
1972,795
1971,796
1970,797
1969,799
1968,800
1967,801
1966,803
1965,804
1964,806
1963,807
1962,809
1961,810
1960,812
1959,813
1958,815
1957,817
1956,818
1955,820
1953,822
1952,825
1951,827
1950,829
1949,831
1948,834
1947,836
1946,839
1945,841
1943,844
1942,846
1941,849
1940,852
1939,854
1938,857
1937,859
1937,861
1936,864
1935,866
1935,868
1934,870
1933,871
1933,873
1933,874
1933,876
1932,877
1932,878
1932,879
1932,879
1932,880
1933,880
1933,881
1933,881
1933,882
1933,882
1934,883
1934,883
1934,884
1934,884
1934,885
1935,886
1935,887
1935,889
1935,890
1934,892
1934,894
1934,896
1934,898
1934,900
1933,903
1933,905
1933,908
1932,910
1932,913
1932,915
1932,918
1931,921
1931,923
1931,926
1931,928
1931,930
1931,932
1931,934
1931,936
1931,938
1931,940
1931,942
1931,943
1931,945
1931,947
1931,948
1932,950
1932,951
1932,953
1932,954
1932,956
1932,957
1932,959
1932,961
1932,962
1932,964
1932,966
1932,968
1932,970
1931,972
1931,975
1931,977
1930,979
1930,981
1930,983
1929,986
1929,988
1928,990
1928,992
1927,994
1927,996
1926,998
1926,1000
1925,1001
1925,1003
1925,1004
1924,1006
1924,1007
1924,1008
1923,1009
1923,1010
1923,1011
1922,1012
1922,1013
1922,1013
1921,1014
1921,1015
1921,1016
1920,1016
1920,1017
1920,1017
1920,1018
1919,1018
1919,1018
1919,1019
1918,1019
1918,1019
1918,1019
1917,1020
1917,1020
1917,1021
1916,1021
1915,1022
1915,1023
1914,1023
1914,1024
1913,1025
1912,1026
1911,1027
1910,1029
1909,1030
1908,1031
1907,1033
1906,1034
1905,1035
1904,1037
1902,1038
1901,1040
1900,1041
1899,1043
1897,1044
1896,1045
1895,1047
1894,1048
1892,1049
1891,1051
1890,1052
1888,1053
1887,1054
1886,1055
1884,1056
1883,1058
1881,1059
1880,1060
1879,1061
1877,1062
1876,1063
1875,1064
1873,1065
1872,1067
1870,1068
1869,1069
1868,1070
1866,1072
1865,1073
1864,1074
1862,1075
1861,1077
1860,1078
1859,1079
1857,1080
1856,1081
1855,1082
1854,1083
1853,1084
1852,1085
1851,1086
1850,1086
1850,1087
1849,1088
1848,1089
1847,1089
1846,1090
1845,1091
1845,1092
1844,1093
1843,1094
1842,1096
1841,1097
1840,1099
1839,1101
1838,1103
1837,1105
1836,1107
1835,1110
1834,1112
1833,1115
1832,1117
1831,1120
1831,1123
1830,1126
1829,1129
1828,1131
1827,1134
1827,1137
1826,1139
1826,1142
1825,1144
1825,1146
1825,1148
1825,1150
1825,1151
1826,1153
1826,1154
1827,1155
1827,1156
1828,1157
1829,1158
1830,1159
1831,1160
1832,1161
1834,1162
1835,1162
1837,1163
1839,1163
1840,1164
1843,1164
1845,1165
1847,1165
1850,1165
1852,1166
1855,1166
1858,1166
1861,1166
1864,1167
1868,1167
1871,1167
1875,1167
1879,1167
1883,1167
1887,1166
1891,1166
1895,1166
1900,1166
1904,1166
1909,1165
1913,1165
1918,1165
1923,1165
1928,1164
1933,1164
1938,1164
1943,1164
1948,1164
1953,1164
1958,1164
1964,1165
1969,1165
1974,1165
1979,1166
1984,1167
1990,1167
1995,1168
2000,1169
2005,1170
2010,1171
2016,1172
2021,1173
2026,1174
2031,1175
2037,1176
2042,1177
2047,1178
2053,1179
2058,1180
2063,1181
2068,1183
2074,1184
2079,1185
2084,1187
2089,1188
2094,1189
2100,1191
2105,1192
2110,1193
2115,1194
2120,1195
2126,1197
2131,1198
2136,1199
2141,1200
2147,1201
2152,1202
2157,1203
2162,1204
2167,1205
2173,1206
2178,1207
2183,1208
2188,1208
2193,1209
2198,1210
2203,1210
2208,1211
2213,1211
2218,1212
2223,1212
2228,1213
2233,1213
2238,1213
2243,1214
2248,1214
2253,1214
2258,1214
2262,1215
2267,1215
2271,1216
2276,1216
2280,1216
2284,1217
2289,1217
2293,1218
2297,1219
2301,1219
2305,1220
2309,1220
2313,1221
2316,1221
2320,1222
2324,1222
2327,1223
2331,1224
2334,1224
2338,1225
2341,1226
2344,1226
2347,1227
2350,1228
2353,1228
2356,1229
2359,1229
2363,1230
2366,1230
2369,1230
2372,1230
2375,1231
2377,1231
2380,1231
2383,1231
2386,1231
2389,1230
2392,1230
2395,1230
2397,1230
2400,1230
2403,1230
2405,1229
2408,1229
2411,1229
2413,1228
2416,1228
2418,1228
2421,1227
2423,1227
2426,1226
2428,1225
2431,1225
2433,1224
2436,1223
2438,1222
2441,1222
2443,1221
2446,1220
2448,1219
2450,1218
2453,1218
2455,1217
2457,1216
2460,1215
2462,1215
2464,1214
2466,1213
2468,1213
2470,1212
2472,1211
2474,1211
2476,1210
2478,1209
2480,1209
2482,1208
2484,1207
2486,1207
2488,1206
2490,1205
2492,1205
2494,1204
2496,1203
2498,1203
2500,1202
2502,1201
2504,1201
2505,1200
2507,1200
2509,1199
2510,1199
2512,1199
2513,1199
2515,1198
2516,1198
2517,1198
2519,1199
2520,1199
2521,1199
2522,1200
2522,1200
2523,1201
2524,1201
2525,1201
2526,1202
2527,1202
2528,1202
2529,1202
2530,1203
2531,1203
2532,1203
2533,1203
2534,1202
2535,1202
2536,1202
2537,1202
2538,1201
2539,1201
2540,1200
2541,1200
2542,1199
2543,1199
2544,1198
2545,1198
2546,1197
2547,1197
2548,1196
2549,1196
2549,1195
2550,1195
2551,1194
2552,1193
2552,1193
2553,1192
2554,1191
2555,1190
2556,1189
2557,1187
2558,1186
2559,1184
2560,1182
2561,1180
2562,1178
2564,1176
2565,1174
2566,1172
2568,1169
2569,1167
2571,1164
2572,1162
2573,1159
2574,1157
2575,1154
2576,1152
2577,1150
2578,1148
2579,1146
2580,1144
2580,1142
2581,1140
2581,1138
2582,1137
2582,1135
2582,1133
2582,1132
2583,1130
2583,1129
2583,1127
2584,1126
2584,1124
2584,1123
2584,1121
2585,1119
2585,1118
2585,1116
2586,1114
2586,1113
2586,1111
2586,1110
2586,1108
2587,1107
2587,1106
2586,1104
2586,1103
2586,1102
2586,1101
2586,1100
2585,1099
2585,1098
2584,1098
2584,1097
2583,1096
2583,1095
2583,1094
2582,1093
2582,1092
2582,1091
2581,1090
2581,1089
2581,1087
2581,1086
2582,1084
2582,1082
2582,1081
2582,1079
2583,1077
2583,1075
2583,1073
2584,1071
2584,1069
2584,1067
2584,1066
2585,1064
2585,1062
2585,1060
2585,1058
2585,1056
2586,1055
2586,1053
2586,1052
2586,1050
2586,1048
2586,1047
2585,1045
2585,1044
2585,1043
2585,1041
2585,1040
2584,1039
2584,1038
2584,1036
2583,1035
2583,1034
2583,1032
2582,1031
2582,1030
2582,1028
2581,1027
2581,1025
2581,1024
2580,1023
2580,1021
2579,1020
2579,1018
2578,1017
2578,1016
2577,1014
2577,1013
2576,1012
2575,1010
2574,1009
2574,1008
2573,1007
2572,1005
2571,1004
2570,1003
2569,1002
2568,1001
2566,1000
2565,1000
2564,999
2563,998
2562,997
2560,996
2559,996
2558,995
2557,994
2555,993
2554,993
2553,992
2552,991
2551,990
2549,990
2548,989
2547,988
2546,987
2545,986
2544,985
2543,984
2542,983
2541,982
2540,981
2540,980
2539,979
2538,978
2537,977
2536,976
2535,976
2534,975
2533,974
2532,973
2531,972
2529,972
2528,971
2527,971
2526,971
2524,970
2523,970
2521,970
2520,970
2518,970
2517,970
2515,970
2513,970
2512,970
2510,970
2509,970
2507,970
2506,970
2504,970
2503,970
2501,971
2500,971
2498,971
2497,971
2495,971
2494,971
2492,971
2490,972
2489,972
2487,972
2485,973
2484,973
2482,974
2480,975
2478,975
2477,976
2475,977
2473,977
2472,978
2470,978
2468,979
2467,979
2465,980
2464,980
2463,981
2461,981
2460,981
2459,981
2458,981
2457,981
2456,981
2455,981
2454,981
2453,981
2452,981
2451,981
2450,981
2449,981
2448,981
2447,981
2446,981
2445,981
2444,981
2443,981
2442,981
2441,981
2440,981
2439,982
2438,982
2436,982
2435,982
2434,983
2433,983
2432,984
2431,984
2430,984
2430,984
2429,984
2428,984
2428,983
2428,983
2427,982
2427,981
2427,980
2428,979
2428,977
2428,976
2429,975
2429,973
2430,971
2431,970
2431,968
2432,967
2433,965
2434,964
2434,962
2435,961
2436,960
2436,959
2437,958
2438,957
2439,956
2439,955
2440,955
2441,954
2442,954
2443,953
2444,953
2444,952
2445,952
2446,952
2447,951
2448,951
2449,951
2450,951
2451,951
2452,951
2453,951
2454,950
2455,950
2457,950
2458,950
2459,949
2461,949
2462,949
2463,948
2465,948
2466,948
2467,948
2469,948
2470,948
2471,949
2472,949
2473,949
2474,950
2475,950
2475,951
2476,951
2477,952
2478,952
2479,953
2480,953
2481,954
2482,954
2482,954
2483,955
2484,955
2485,955
2486,955
2486,956
2487,956
2488,956
2488,956
2489,956
2490,956
2490,956
2491,956
2491,956
2491,956
2492,956
2492,956
2493,955
2493,955
2493,955
2494,954
2494,954
2494,953
2494,953
2494,953
2494,952
2494,952
2494,952
2493,951
2493,951
2493,951
2492,951
2492,950
2491,950
2490,950
2490,950
2489,950
2488,950
2487,950
2486,951
2485,951
2484,951
2483,952
2481,952
2480,953
2479,954
2477,955
2475,955
2474,957
2472,958
2470,959
2469,960
2467,961
2465,963
2463,964
2462,965
2460,967
2458,968
2456,970
2454,971
2453,973
2451,975
2449,977
2447,979
2445,981
2443,983
2441,986
2439,988
2437,991
2435,993
2433,996
2431,998
2429,1001
2427,1003
2425,1006
2423,1008
2421,1011
2419,1013
2417,1015
2415,1017
2414,1019
2412,1021
2410,1023
2409,1025
2407,1027
2406,1029
2404,1030
2403,1032
2402,1034
2400,1035
2399,1037
2398,1039
2397,1040
2395,1042
2394,1044
2393,1045
2392,1047
2391,1049
2390,1051
2390,1053
2389,1055
2388,1058
2388,1060
2387,1062
2387,1065
2387,1068
2387,1070
2388,1073
2388,1076
2389,1079
2390,1082
2391,1085
2392,1088
2393,1092
2395,1095
2396,1098
2398,1101
2400,1105
2402,1108
2405,1111
2407,1115
2409,1118
2412,1122
2414,1126
2417,1130
2420,1133
2422,1137
2425,1141
2427,1145
2429,1149
2432,1153
2434,1157
2436,1161
2438,1166
2440,1170
2442,1174
2443,1178
2445,1183
2446,1187
2447,1191
2448,1196
2449,1200
2449,1204
2450,1209
2450,1213
2450,1218
2450,1222
2450,1226
2449,1231
2448,1235
2447,1240
2446,1244
2445,1248
2444,1252
2443,1257
2441,1261
2439,1265
2438,1268
2436,1272
2434,1276
2432,1279
2430,1283
2428,1286
2426,1289
2423,1292
2421,1294
2419,1297
2416,1300
2414,1302
2411,1304
2409,1306
2406,1308
2404,1310
2401,1312
2399,1313
2396,1315
2393,1316
2391,1318
2388,1319
2385,1320
2382,1321
2379,1322
2376,1323
2373,1324
2370,1325
2367,1326
2364,1327
2361,1328
2358,1329
2355,1330
2352,1331
2349,1331
2345,1332
2342,1333
2339,1333
2336,1334
2333,1334
2331,1334
2328,1334
2325,1334
2322,1334
2320,1334
2317,1334
2314,1334
2312,1334
2309,1334
2307,1333
2305,1333
2302,1333
2300,1332
2298,1332
2296,1331
2293,1331
2291,1330
2289,1330
2287,1329
2285,1329
2283,1328
2281,1328
2279,1327
2276,1327
2274,1327
2272,1326
2270,1326
2268,1326
2266,1325
2264,1325
2261,1325
2259,1325
2257,1325
2255,1324
2253,1324
2251,1324
2249,1323
2247,1323
2245,1323
2243,1322
2241,1322
2239,1322
2237,1321
2235,1321
2233,1320
2231,1319
2229,1319
2228,1318
2226,1317
2224,1316
2223,1316
2221,1315
2220,1314
2218,1313
2216,1312
2215,1311
2213,1311
2212,1310
2210,1309
2209,1308
2207,1307
2206,1306
2205,1305
2203,1304
2202,1303
2200,1302
2199,1301
2197,1300
2196,1299
2194,1298
2193,1298
2191,1297
2190,1296
2188,1295
2187,1294
2186,1293
2184,1292
2183,1291
2181,1290
2180,1289
2179,1288
2177,1287
2176,1286
2175,1285
2174,1284
2172,1282
2171,1281
2170,1280
2169,1279
2167,1277
2166,1276
2165,1275
2164,1274
2163,1272
2161,1271
2160,1270
2159,1269
2158,1268
2156,1267
2155,1265
2154,1264
2152,1263
2151,1262
2150,1261
2148,1260
2147,1259
2145,1259
2144,1258
2143,1257
2141,1256
2140,1255
2138,1254
2137,1254
2135,1253
2134,1252
2132,1251
2131,1250
2129,1249
2128,1248
2127,1247
2125,1246
2124,1245
2122,1244
2121,1243
2120,1242
2118,1242
2117,1241
2115,1240
2114,1239
2112,1238
2111,1238
2109,1237
2107,1237
2106,1236
2104,1236
2102,1236
2101,1236
2099,1235
2097,1235
2095,1235
2094,1235
2092,1235
2090,1235
2088,1234
2087,1234
2085,1234
2083,1234
2081,1234
2080,1234
2078,1233
2076,1233
2075,1233
2073,1232
2072,1232
2070,1231
2069,1230
2067,1230
2066,1229
2064,1228
2063,1227
2062,1227
2060,1226
2059,1225
2057,1224
2056,1224
2054,1223
2053,1222
2051,1222
2050,1221
2048,1220
2047,1220
2045,1219
2044,1219
2042,1218
2041,1218
2039,1217
2038,1217
2036,1217
2035,1216
2033,1216
2032,1216
2030,1215
2029,1215
2027,1215
2025,1215
2024,1215
2022,1215
2020,1215
2019,1216
2017,1216
2015,1216
2014,1216
2012,1217
2010,1217
2009,1218
2007,1218
2005,1219
2003,1220
2001,1222
1999,1223
1996,1225
1994,1227
1991,1229
1989,1232
1986,1235
1983,1238
1980,1241
1977,1244
1974,1248
1971,1251
1968,1255
1965,1259
1962,1263
1958,1267
1955,1270
1952,1274
1949,1277
1946,1280
1943,1282
1941,1285
1938,1287
1936,1288
1934,1290
1932,1290
1931,1291
1929,1291
1928,1290
1927,1290
1926,1289
1925,1287
1925,1286
1924,1284
1924,1282
1924,1280
1924,1278
1923,1276
1923,1273
1923,1271
1923,1269
1923,1268
1923,1266
1922,1265
1922,1264
1921,1263
1921,1262
1920,1262
1919,1262
1918,1262
1917,1263
1916,1263
1915,1264
1914,1264
1913,1265
1912,1266
1911,1267
1910,1267
1908,1268
1907,1269
1906,1269
1905,1270
1905,1271
1904,1271
1903,1272
1902,1272
1901,1273
1900,1273
1900,1274
1899,1274
1898,1275
1897,1276
1896,1277
1895,1278
1894,1279
1893,1280
1892,1282
1891,1283
1890,1285
1889,1287
1888,1288
1886,1290
1885,1292
1884,1294
1883,1296
1882,1298
1880,1301
1879,1303
1878,1305
1877,1307
1876,1309
1875,1311
1874,1313
1873,1315
1872,1317
1871,1319
1870,1320
1869,1322
1868,1323
1868,1324
1867,1325
1866,1327
1866,1328
1865,1328
1865,1329
1864,1330
1864,1331
1864,1331
1863,1332
1863,1332
1863,1332
1863,1333
1862,1333
1862,1333
1862,1333
1862,1333
1862,1333
1862,1333
1862,1332
1863,1332
1863,1332
1863,1331
1863,1331
1863,1331
1864,1330
1864,1330
1864,1329
1864,1329
1865,1328
1865,1328
1865,1328
1865,1328
1866,1327
1866,1327
1866,1327
1866,1327
1866,1327
1866,1328
1866,1328
1866,1328
1866,1329
1866,1329
1866,1330
1866,1330
1866,1331
1866,1331
1866,1332
1866,1332
1866,1333
1866,1333
1866,1334
1866,1334
1866,1334
1866,1335
1866,1335
1866,1335
1866,1335
1867,1335
1867,1335
1867,1335
1867,1334
1868,1334
1868,1333
1868,1333
1869,1332
1869,1332
1869,1331
1870,1330
1870,1330
1871,1329
1871,1328
1871,1327
1872,1327
1872,1326
1872,1325
1873,1325
1873,1324
1873,1323
1873,1323
1873,1322
1873,1322
1873,1321
1873,1320
1873,1320
1873,1319
1873,1319
1873,1318
1873,1317
1873,1316
1872,1316
1872,1315
1872,1314
1872,1313
1872,1312
1871,1310
1871,1309
1871,1308
1871,1307
1870,1305
1870,1304
1870,1302
1870,1300
1870,1299
1869,1297
1869,1295
1869,1293
1869,1291
1868,1290
1868,1288
1868,1286
1868,1284
1867,1282
1867,1280
1866,1279
1866,1277
1865,1275
1865,1274
1864,1272
1863,1270
1863,1269
1862,1267
1861,1266
1861,1264
1860,1263
1859,1261
1858,1260
1857,1259
1856,1257
1856,1256
1855,1254
1854,1253
1853,1251
1852,1249
1851,1248
1851,1246
1850,1244
1849,1243
1848,1241
1847,1239
1847,1237
1846,1236
1845,1234
1844,1232
1844,1230
1843,1228
1842,1227
1841,1225
1841,1223
1840,1221
1839,1220
1838,1218
1837,1217
1836,1215
1835,1214
1835,1212
1834,1211
1833,1209
1832,1208
1831,1206
1830,1205
1829,1204
1828,1202
1827,1201
1826,1199
1826,1198
1825,1196
1824,1194
1823,1193
1822,1191
1821,1189
1821,1188
1820,1186
1819,1184
1818,1183
1818,1181
1817,1179
1816,1177
1815,1176
1815,1174
1814,1172
1813,1171
1812,1169
1812,1167
1811,1166
1810,1164
1809,1163
1809,1161
1808,1160
1807,1158
1806,1157
1805,1155
1805,1153
1804,1152
1803,1150
1802,1149
1802,1147
1801,1145
1800,1144
1800,1142
1799,1140
1798,1139
1797,1137
1797,1135
1796,1134
1795,1132
1794,1130
1794,1129
1793,1127
1792,1126
1791,1124
1791,1123
1790,1122
1789,1120
1788,1119
1787,1117
1786,1116
1786,1115
1785,1113
1784,1112
1783,1111
1782,1110
1781,1108
1780,1107
1779,1106
1778,1105
1777,1103
1776,1102
1775,1101
1774,1099
1773,1098
1772,1097
1770,1096
1769,1095
1768,1094
1767,1093
1766,1092
1765,1091
1764,1090
1762,1089
1761,1088
1760,1088
1759,1087
1757,1087
1756,1087
1755,1086
1753,1086
1752,1086
1751,1086
1750,1086
1748,1086
1747,1085
1746,1085
1745,1085
1743,1085
1742,1085
1741,1085
1740,1086
1738,1086
1737,1086
1736,1087
1734,1087
1733,1087
1732,1088
1730,1089
1729,1089
1728,1090
1726,1090
1725,1091
1723,1092
1722,1092
1721,1093
1719,1094
1718,1095
1716,1095
1715,1096
1713,1097
1712,1097
1710,1098
1709,1099
1707,1100
1705,1100
1704,1101
1702,1102
1701,1103
1699,1103
1697,1104
1696,1105
1694,1106
1692,1106
1691,1107
1689,1108
1688,1109
1686,1109
1684,1110
1683,1111
1681,1111
1680,1112
1678,1113
1676,1114
1675,1115
1673,1116
1671,1117
1669,1118
1668,1119
1666,1120
1664,1121
1663,1121
1661,1122
1659,1123
1658,1124
1656,1124
1655,1125
1653,1126
1651,1126
1650,1126
1648,1127
1647,1127
1645,1127
1644,1127
1642,1127
1641,1127
1639,1127
1638,1127
1636,1127
1635,1126
1634,1126
1632,1126
1631,1125
1629,1125
1628,1125
1627,1124
1625,1124
1624,1123
1623,1123
1622,1122
1620,1122
1619,1122
1618,1122
1617,1121
1615,1122
1614,1122
1613,1122
1611,1123
1610,1123
1609,1124
1607,1125
1606,1126
1604,1127
1603,1129
1602,1130
1600,1131
1599,1133
1597,1135
1596,1136
1595,1138
1593,1140
1592,1142
1591,1143
1589,1145
1588,1147
1587,1149
1586,1151
1584,1153
1583,1155
1582,1157
1581,1158
1580,1160
1579,1162
1578,1164
1578,1166
1577,1167
1576,1169
1576,1171
1575,1173
1574,1174
1574,1176
1574,1178
1573,1179
1573,1181
1573,1183
1573,1185
1573,1187
1573,1189
1572,1191
1573,1194
1573,1196
1573,1198
1573,1201
1573,1204
1573,1206
1574,1209
1574,1212
1574,1215
1575,1218
1575,1221
1576,1225
1576,1228
1577,1232
1578,1235
1578,1239
1579,1243
1580,1247
1580,1251
1581,1255
1582,1259
1583,1263
1584,1268
1584,1272
1585,1277
1586,1281
1587,1286
1588,1290
1589,1295
1590,1300
1591,1304
1592,1309
1593,1314
1594,1319
1595,1323
1596,1328
1597,1333
1598,1338
1598,1342
1599,1347
1600,1352
1600,1357
1601,1362
1601,1366
1601,1371
1601,1376
1602,1380
1601,1384
1601,1389
1601,1393
1600,1397
1600,1401
1599,1404
1598,1408
1597,1411
1596,1414
1595,1417
1593,1420
1592,1422
1590,1424
1588,1426
1586,1428
1584,1430
1581,1431
1579,1432
1577,1433
1574,1434
1571,1434
1569,1435
1566,1435
1563,1435
1560,1435
1557,1435
1553,1435
1550,1434
1547,1434
1543,1434
1540,1433
1536,1433
1533,1432
1529,1432
1526,1431
1522,1430
1518,1430
1514,1429
1511,1429
1507,1428
1503,1427
1499,1426
1495,1426
1491,1425
1488,1423
1484,1422
1480,1421
1476,1419
1472,1418
1469,1416
1465,1414
1461,1411
1458,1409
1454,1406
1451,1403
1447,1400
1444,1396
1440,1392
1437,1388
1434,1384
1431,1380
1427,1375
1424,1370
1421,1365
1418,1359
1415,1353
1412,1347
1409,1341
1406,1335
1403,1328
1400,1321
1397,1314
1394,1307
1391,1300
1388,1293
1386,1285
1383,1278
1380,1270
1377,1262
1374,1254
1371,1246
1369,1238
1366,1230
1363,1222
1361,1214
1358,1206
1356,1198
1353,1190
1351,1182
1348,1175
1346,1167
1344,1161
1342,1154
1340,1148
1338,1142
1336,1136
1334,1131
1332,1127
1331,1122
1329,1118
1328,1115
1327,1111
1325,1108
1324,1105
1324,1103
1323,1101
1322,1099
1322,1097
1322,1095
1322,1093
1322,1092
1322,1090
1322,1088
1323,1087
1323,1085
1324,1083
1325,1081
1325,1079
1326,1077
1327,1075
1329,1072
1330,1069
1331,1065
1333,1061
1334,1057
1336,1052
1337,1047
1339,1041
1340,1035
1342,1029
1344,1023
1346,1016
1347,1009
1349,1002
1351,995
1352,987
1354,980
1356,972
1358,965
1359,957
1361,949
1363,942
1364,935
1366,928
1368,921
1369,914
1371,908
1372,902
1373,897
1375,892
1376,887
1377,883
1378,879
1379,876
1380,874
1381,871
1382,870
1383,869
1383,868
1384,868
1385,868
1385,868
1386,869
1386,870
1386,871
1387,872
1387,873
1387,874
1387,876
1388,877
1388,879
1388,880
1388,882
1388,884
1389,885
1389,887
1389,888
1389,890
1389,892
1389,893
1389,895
1389,896
1389,897
1389,899
1390,900
1390,901
1390,902
1390,902
1390,903
1390,904
1390,905
1390,905
1390,906
1390,906
1390,907
1390,908
1390,909
1390,909
1390,910
1390,911
1390,912
1390,913
1390,914
1390,915
1389,916
1389,917
1389,918
1389,920
1389,921
1389,922
1388,923
1388,925
1388,926
1388,927
1387,929
1387,930
1387,931
1386,932
1386,933
1386,935
1385,936
1385,937
1384,938
1384,939
1384,940
1383,941
1383,942
1382,943
1382,944
1381,945
1381,946
1380,947
1380,949
1379,950
1379,951
1378,952
1378,953
1377,954
1377,956
1376,957
1376,959
1375,960
1375,962
1374,963
1373,965
1373,966
1372,968
1372,969
1371,971
1371,972
1370,974
1370,975
1369,977
1368,979
1368,980
1367,982
1367,983
1366,985
1366,987
1365,989
1365,991
1364,992
1364,994
1363,996
1363,998
1362,1000
1361,1002
1361,1004
1360,1006
1360,1008
1359,1010
1359,1012
1358,1014
1358,1016
1357,1018
1357,1020
1356,1022
1355,1023
1355,1025
1354,1027
1354,1029
1353,1030
1353,1032
1352,1033
1352,1035
1351,1036
1351,1037
1351,1039
1350,1040
1350,1041
1349,1042
1349,1043
1348,1044
1348,1045
1347,1046
1347,1047
1346,1047
1346,1048
1346,1049
1345,1050
1345,1051
1344,1051
1344,1052
1343,1053
1343,1055
1342,1056
1342,1057
1341,1058
1341,1059
1340,1061
1340,1062
1339,1063
1339,1065
1338,1066
1338,1067
1338,1069
1337,1070
1337,1071
1336,1073
1336,1074
1335,1075
1335,1076
1334,1078
1334,1079
1333,1080
1333,1082
1332,1083
1331,1085
1331,1086
1330,1088
1330,1089
1329,1091
1328,1092
1328,1094
1327,1096
1327,1097
1326,1099
1325,1101
1324,1102
1324,1104
1323,1105
1322,1107
1322,1108
1321,1110
1320,1111
1319,1112
1319,1114
1318,1115
1317,1116
1316,1118
1316,1119
1315,1120
1314,1121
1313,1122
1313,1123
1312,1124
1311,1125
1310,1126
1309,1126
1309,1127
1308,1128
1307,1129
1306,1130
1306,1131
1305,1132
1304,1133
1303,1134
1303,1135
1302,1136
1301,1137
1300,1138
1299,1138
1299,1139
1298,1140
1297,1140
1296,1141
1295,1141
1295,1141
1294,1141
1293,1141
1292,1141
1291,1141
1291,1141
1290,1140
1289,1140
1288,1139
1287,1139
1287,1138
1286,1138
1285,1138
1284,1138
1283,1138
1283,1138
1282,1138
1281,1138
1281,1139
1280,1139
1279,1140
1279,1140
1278,1141
1278,1142
1277,1143
1277,1144
1276,1144
1276,1145
1275,1146
1275,1147
1274,1147
1274,1148
1274,1149
1273,1149
1273,1149
1272,1149
1272,1149
1272,1149
1271,1149
1271,1148
1271,1147
1270,1146
1270,1145
1270,1144
1269,1143
1269,1141
1269,1140
1268,1138
1268,1136
1268,1134
1267,1133
1267,1131
1267,1129
1267,1128
1267,1126
1266,1125
1266,1123
1266,1122
1266,1120
1266,1119
1266,1118
1266,1117
1266,1116
1266,1114
1266,1113
1266,1112
1266,1111
1266,1110
1266,1109
1266,1108
1266,1107
1266,1106
1266,1105
1266,1104
1266,1103
1266,1102
1266,1101
1266,1101
1267,1100
1267,1098
1267,1097
1267,1096
1267,1095
1267,1094
1267,1092
1268,1091
1268,1090
1268,1088
1268,1087
1269,1085
1269,1083
1269,1081
1270,1080
1270,1078
1271,1076
1271,1074
1271,1072
1272,1070
1272,1067
1273,1065
1273,1063
1274,1060
1274,1058
1275,1055
1275,1053
1276,1050
1276,1047
1277,1045
1277,1042
1278,1039
1278,1037
1278,1034
1279,1031
1279,1028
1280,1025
1280,1022
1280,1019
1281,1016
1281,1013
1281,1010
1281,1007
1282,1004
1282,1000
1282,997
1282,994
1283,990
1283,987
1283,984
1283,980
1283,977
1283,974
1283,971
1283,967
1283,964
1283,961
1283,958
1283,955
1283,951
1283,948
1282,945
1282,942
1282,938
1281,935
1281,931
1280,927
1280,924
1279,920
1279,916
1278,913
1277,909
1276,905
1275,901
1274,897
1273,894
1272,890
1271,886
1270,883
1269,879
1268,875
1266,872
1265,868
1264,864
1263,861
1261,857
1260,854
1259,851
1257,848
1256,845
1254,841
1253,838
1252,835
1250,832
1249,829
1247,826
1246,823
1244,821
1243,818
1242,815
1240,812
1239,809
1237,805
1236,802
1235,799
1233,796
1232,793
1231,789
1229,786
1228,783
1227,779
1225,776
1224,773
1223,770
1222,767
1221,764
1220,762
1218,759
1217,756
1216,754
1215,751
1214,749
1213,747
1212,744
1211,742
1210,739
1209,737
1208,735
1207,732
1206,730
1205,728
1205,726
1204,724
1203,722
1202,720
1201,718
1200,716
1200,714
1199,712
1198,710
1198,708
1197,706
1196,704
1196,702
1195,700
1194,697
1194,695
1193,692
1192,690
1192,687
1191,685
1191,682
1190,680
1190,677
1189,674
1189,672
1188,669
1188,666
1188,664
1187,661
1187,659
1186,656
1186,653
1186,651
1185,648
1185,646
1185,643
1184,640
1184,637
1183,635
1183,632
1183,629
1182,626
1182,623
1182,620
1181,617
1181,614
1181,611
1181,608
1180,605
1180,602
1180,599
1180,596
1179,594
1179,591
1179,588
1179,585
1178,583
1178,580
1178,578
1178,576
1178,574
1178,573
1177,571
1177,570
1177,569
1177,569
1177,568
1176,568
1176,568
1176,569
1176,569
1175,570
1175,570
1175,571
1174,572
1174,573
1173,575
1173,576
1172,577
1172,578
1171,580
1170,581
1170,583
1169,584
1168,586
1168,587
1167,589
1166,591
1165,592
1164,594
1164,596
1163,597
1162,599
1161,601
1160,602
1160,604
1159,606
1158,608
1157,609
1156,611
1155,613
1155,615
1154,617
1153,619
1152,621
1152,623
1151,625
1150,627
1149,629
1149,631
1148,633
1147,635
1146,637
1146,639
1145,641
1144,643
1144,644
1143,646
1142,648
1142,650
1141,652
1141,654
1140,656
1140,658
1139,660
1138,662
1138,664
1137,666
1137,668
1137,670
1136,672
1136,674
1135,676
1135,678
1135,680
1134,682
1134,684
1133,686
1133,689
1133,691
1133,693
1132,695
1132,697
1132,699
1131,701
1131,704
1131,706
1131,708
1131,710
1130,712
1130,714
1130,717
1130,719
1130,721
1130,723
1129,726
1129,728
1129,730
1129,732
1129,735
1129,737
1128,739
1128,741
1128,743
1128,745
1128,748
1128,750
1128,752
1128,754
1127,756
1127,759
1127,761
1127,763
1127,766
1127,768
1127,770
1127,773
1127,775
1127,778
1127,780
1127,783
1127,785
1127,787
1127,790
1127,792
1127,795
1127,797
1127,799
1128,802
1128,804
1128,806
1128,809
1128,811
1128,813
1128,815
1128,818
1128,820
1128,822
1128,825
1128,827
1128,829
1129,831
1129,833
1129,835
1129,837
1129,839
1129,840
1129,842
1129,844
1129,845
1129,847
1129,848
1129,850
1129,851
1129,853
1130,854
1130,855
1130,857
1129,858
1129,859
1129,860
1129,861
1129,862
1129,863
1129,864
1129,864
1128,865
1128,866
1128,867
1128,867
1128,868
1127,869
1127,869
1127,870
1127,871
1126,871
1126,872
1126,872
1126,873
1125,874
1125,874
1125,875
1125,876
1125,877
1125,877
1125,878
1125,879
1125,880
1125,881
1125,882
1126,883
1126,884
1126,885
1127,886
1127,888
1127,889
1128,890
1129,892
1129,893
1130,895
1130,896
1131,897
1131,898
1132,900
1133,901
1133,902
1134,902
1135,903
1135,904
1136,904
1137,905
1137,905
1138,906
1139,906
1139,906
1140,906
1141,906
1141,906
1142,907
1143,907
1143,907
1144,907
1144,907
1145,907
1146,907
1146,907
1147,907
1147,908
1148,908
1148,909
1149,909
1149,909
1150,910
1150,910
1151,911
1151,911
1152,911
1152,911
1152,911
1152,911
1153,911
1153,910
1153,910
1153,909
1153,909
1153,908
1153,907
1153,906
1153,905
1153,904
1153,902
1152,901
1152,900
1152,898
1152,897
1151,896
1151,895
1151,894
1151,893
1150,892
1150,891
1150,891
1150,890
1149,889
1149,889
1149,888
1148,888
1148,887
1148,887
1148,886
1147,886
1147,885
1147,884
1147,883
1146,882
1146,881
1146,880
1145,878
1145,877
1145,875
1144,873
1144,872
1144,870
1143,868
1143,866
1143,864
1142,862
1142,860
1142,858
1141,856
1141,854
1141,852
1141,851
1140,849
1140,848
1140,846
1140,845
1140,844
1140,843
1140,842
1140,841
1140,840
1140,839
1140,839
1140,838
1140,837
1141,837
1141,836
1141,836
1141,835
1141,834
1142,834
1142,833
1142,832
1142,831
1143,831
1143,830
1143,829
1143,829
1144,828
1144,828
1144,828
1145,828
1145,828
1145,828
1146,829
1146,829
1146,830
1146,831
1147,832
1147,833
1147,834
1148,836
1148,837
1148,839
1148,840
1149,842
1149,844
1149,846
1149,848
1150,850
1150,851
1150,853
1150,855
1150,857
1150,859
1150,861
1150,862
1150,864
1151,865
1151,867
1151,868
1151,870
1151,871
1151,872
1151,873
1151,874
1151,875
1151,876
1151,878
1152,879
1152,880
1152,881
1152,882
1152,883
1152,885
1153,886
1153,887
1153,889
1153,890
1153,892
1154,893
1154,895
1154,897
1154,898
1154,900
1155,902
1155,904
1155,905
1155,907
1156,909
1156,911
1156,913
1156,915
1156,916
1157,918
1157,920
1157,922
1157,923
1158,925
1158,926
1158,928
1158,929
1159,930
1159,932
1159,933
1159,934
1160,935
1160,937
1160,938
1160,939
1160,940
1161,941
1161,942
1161,943
1161,944
1161,946
1162,947
1162,948
1162,950
1162,951
1162,952
1162,954
1163,955
1163,956
1163,958
1163,959
1163,960
1163,962
1163,963
1163,964
1164,965
1164,967
1164,968
1164,969
1164,970
1164,971
1164,972
1164,973
1164,974
1165,974
1165,975
1165,976
1165,976
1165,977
1165,977
1166,978
1166,978
1166,979
1166,979
1167,979
1167,980
1167,980
1167,980
1168,981
1168,981
1168,982
1169,983
1169,983
1170,984
1170,985
1170,986
1171,987
1171,988
1172,989
1172,991
1173,992
1173,993
1173,994
1174,995
1174,996
1174,996
1175,997
1175,998
1175,999
1176,999
1176,1000
1176,1001
1176,1001
1177,1002
1177,1002
1177,1003
1178,1004
1178,1004
1178,1005
1178,1005
1179,1006
1179,1006
1179,1007
1179,1008
1180,1008
1180,1009
1180,1009
1181,1009
1181,1010
1181,1010
1181,1011
1181,1011
1182,1011
1182,1011
1182,1011
1182,1011
1182,1011
1183,1010
1183,1010
1183,1009
1183,1009
1183,1008
1183,1007
1183,1006
1183,1005
1183,1004
1183,1003
1183,1002
1183,1001
1183,1000
1183,999
1183,998
1183,998
1183,998
1184,998
1184,997
1184,998
1184,998
1184,998
1184,999
1185,1000
1185,1000
1185,1001
1185,1002
1186,1003
1186,1004
1186,1005
1186,1006
1187,1007
1187,1008
1187,1009
1188,1009
1188,1010
1188,1011
1189,1011
1189,1011
1190,1012
1190,1012
1190,1011
1191,1011
1191,1011
1192,1010
1192,1010
1193,1009
1193,1008
1194,1008
1194,1007
1195,1006
1196,1005
1197,1005
1198,1004
1198,1003
1199,1002
1201,1001
1202,1001
1203,1000
1204,999
1206,999
1207,998
1209,997
1211,996
1213,996
1215,995
1217,994
1219,993
1221,992
1224,991
1226,990
1229,989
1232,988
1235,987
1238,986
1241,985
1244,983
1248,982
1251,981
1255,980
1258,979
1262,977
1266,976
1270,975
1274,974
1278,973
1282,972
1286,971
1290,970
1294,969
1298,968
1303,968
1307,967
1311,967
1316,967
1320,967
1325,967
1329,967
1333,967
1338,967
1342,967
1347,968
1351,968
1356,969
1360,969
1365,970
1369,970
1374,970
1378,971
1383,971
1387,972
1392,972
1396,973
1400,973
1405,973
1409,973
1413,974
1417,974
1422,974
1426,974
1430,974
1434,975
1438,975
1442,975
1446,975
1450,975
1454,975
1458,976
1461,976
1465,976
1469,977
1472,977
1476,978
1479,978
1483,979
1486,980
1490,981
1493,982
1496,983
1499,984
1502,985
1506,986
1509,988
1512,989
1514,990
1517,991
1520,992
1523,994
1526,995
1528,996
1531,997
1534,998
1537,999
1539,999
1542,1000
1544,1001
1547,1001
1549,1002
1552,1002
1554,1003
1557,1003
1560,1004
1562,1004
1564,1004
1567,1005
1569,1005
1572,1006
1574,1006
1577,1006
1579,1007
1582,1007
1584,1008
1587,1008
1589,1009
1591,1010
1594,1010
1596,1011
1599,1012
1601,1012
1603,1013
1606,1014
1608,1015
1610,1016
1613,1016
1615,1017
1617,1018
1619,1019
1621,1020
1624,1021
1626,1022
1628,1023
1630,1024
1632,1025
1634,1026
1636,1027
1637,1028
1639,1030
1641,1031
1642,1033
1644,1035
1645,1036
1647,1038
1648,1040
1650,1042
1651,1044
1652,1047
1653,1049
1654,1051
1655,1054
1656,1056
1657,1059
1657,1061
1658,1063
1659,1066
1659,1068
1660,1070
1661,1072
1661,1074
1662,1076
1662,1078
1663,1080
1663,1081
1663,1083
1664,1084
1664,1085
1664,1086
1665,1087
1665,1088
1665,1089
1666,1089
1666,1090
1666,1090
1666,1091
1666,1091
1667,1091
1667,1091
1667,1091
1667,1092
1667,1092
1666,1092
1666,1092
1666,1093
1666,1093
1665,1094
1665,1094
1665,1095
1664,1096
1663,1096
1663,1097
1662,1098
1661,1099
1661,1100
1660,1100
1659,1101
1658,1102
1657,1102
1656,1103
1655,1103
1654,1103
1653,1104
1652,1104
1651,1104
1650,1104
1649,1104
1648,1104
1647,1104
1646,1103
1645,1103
1644,1102
1643,1102
1642,1101
1641,1100
1641,1100
1640,1099
1639,1098
1639,1096
1638,1095
1637,1094
1637,1093
1636,1092
1636,1090
1636,1089
1635,1088
1635,1087
1635,1085
1635,1084
1635,1083
1635,1081
1635,1079
1635,1078
1635,1076
1635,1074
1636,1072
1636,1070
1637,1068
1637,1066
1638,1064
1639,1062
1640,1060
1641,1057
1642,1055
1644,1053
1645,1051
1647,1049
1648,1046
1650,1044
1652,1042
1654,1040
1655,1039
1657,1037
1660,1035
1662,1033
1664,1032
1666,1030
1668,1029
1671,1027
1673,1026
1675,1025
1678,1023
1680,1022
1683,1021
1685,1019
1687,1018
1690,1017
1692,1016
1694,1015
1697,1014
1699,1014
1701,1013
1703,1013
1705,1012
1707,1012
1708,1011
1710,1011
1712,1011
1713,1011
1715,1011
1716,1011
1718,1011
1719,1011
1720,1011
1722,1011
1723,1011
1724,1011
1725,1011
1726,1011
1727,1010
1728,1010
1729,1009
1730,1009
1732,1008
1733,1007
1734,1006
1735,1004
1736,1003
1737,1001
1739,999
1740,997
1741,995
1743,993
1744,991
1746,989
1747,986
1749,984
1750,982
1752,979
1753,977
1755,975
1756,973
1758,971
1759,970
1761,968
1762,966
1764,965
1765,963
1767,962
1768,960
1770,959
1771,957
1772,956
1774,954
1775,952
1777,951
1779,949
1780,947
1782,945
1783,944
1785,942
1786,940
1788,938
1789,935
1791,933
1792,931
1794,928
1796,926
1797,923
1799,921
1800,918
1802,916
1803,913
1805,911
1806,908
1808,906
1809,904
1811,901
1812,899
1813,897
1814,896
1816,894
1817,892
1818,891
1819,889
1820,888
1821,886
1822,885
1823,883
1825,882
1826,880
1827,879
1828,877
1829,876
1830,874
1831,873
1832,871
1833,869
1834,868
1835,866
1836,864
1837,862
1838,860
1839,858
1840,856
1841,854
1842,852
1842,849
1843,847
1844,844
1845,842
1845,839
1846,837
1847,835
1847,832
1847,830
1848,828
1848,826
1848,824
1848,822
1848,820
1849,818
1849,816
1849,814
1849,812
1849,810
1849,808
1849,805
1849,803
1849,801
1849,799
1849,796
1849,794
1849,792
1849,789
1849,787
1849,785
1849,782
1849,780
1849,778
1849,775
1849,773
1849,771
1849,769
1849,767
1849,765
1849,763
1849,761
1849,760
1849,758
1849,757
1850,756
1850,755
1850,754
1850,753
1850,753
1850,752
1850,752
1851,752
1851,752
1851,752
1852,752
1852,753
1853,753
1853,753
1854,754
1854,754
1855,755
1856,755
1856,756
1857,756
1858,757
1859,757
1860,758
1860,758
1861,759
1862,759
1863,760
1864,761
1865,761
1866,762
1866,762
1867,763
1868,764
1869,764
1870,765
1870,766
1871,766
1872,767
1872,767
1873,768
1873,769
1874,769
1874,770
1875,771
1875,771
1876,772
1876,773
1876,773
1877,774
1877,775
1877,775
1877,776
1877,776
1877,777
1877,777
1877,777
1877,778
1877,778
1877,778
1877,778
1877,779
1877,779
1877,779
1876,779
1876,779
1876,780
1876,780
1876,780
1875,781
1875,781
1875,782
1874,783
1874,784
1873,785
1873,786
1872,788
1872,789
1871,791
1871,793
1870,795
1870,797
1869,800
1869,802
1868,805
1867,807
1867,810
1866,813
1866,816
1866,818
1865,821
1865,824
1865,827
1864,829
1864,832
1864,834
1864,837
1864,839
1865,841
1865,844
1865,846
1866,848
1866,850
1867,852
1868,854
1869,856
1870,858
1871,859
1872,861
1873,863
1874,865
1876,867
1877,869
1879,871
1880,873
1882,875
1884,878
1886,880
1887,883
1889,885
1891,888
1893,891
1895,893
1897,896
1900,899
1902,902
1904,905
1906,908
1909,911
1911,914
1914,917
1916,919
1919,922
1921,925
1924,928
1927,931
1930,934
1932,936
1935,939
1938,941
1941,944
1944,947
1947,949
1950,952
1953,954
1956,956
1959,959
1963,961
1966,963
1969,965
1973,968
1976,970
1980,972
1983,974
1987,976
1990,978
1994,980
1998,982
2002,984
2006,985
2010,987
2014,988
2018,990
2022,991
2026,992
2030,994
2035,995
2039,996
2044,997
2048,998
2053,999
2057,1000
2062,1001
2066,1002
2071,1003
2076,1003
2081,1004
2085,1005
2090,1006
2095,1007
2100,1008
2104,1008
2109,1009
2114,1010
2119,1012
2123,1013
2128,1014
2133,1015
2137,1017
2142,1018
2147,1020
2151,1021
2156,1023
2161,1024
2166,1026
2171,1028
2176,1029
2180,1031
2185,1033
2190,1035
2195,1037
2200,1038
2205,1040
2210,1042
2215,1044
2220,1046
2225,1048
2230,1050
2235,1053
2240,1055
2245,1057
2250,1059
2255,1061
2260,1064
2265,1066
2269,1068
2274,1071
2278,1073
2283,1076
2287,1078
2291,1081
2295,1083
2299,1086
2303,1088
2306,1091
2310,1094
2313,1097
2316,1100
2319,1103
2322,1106
2324,1110
2327,1113
2329,1116
2331,1120
2333,1123
2335,1127
2337,1130
2339,1134
2340,1138
2341,1142
2343,1146
2344,1150
2344,1154
2345,1158
2346,1162
2346,1166
2347,1170
2347,1174
2348,1178
2348,1182
2349,1185
2349,1189
2349,1192
2350,1196
2350,1199
2351,1202
2351,1204
2352,1207
2352,1209
2353,1211
2354,1213
2354,1214
2355,1215
2356,1217
2357,1218
2357,1218
2358,1219
2359,1220
2360,1220
2361,1220
2362,1220
2363,1220
2364,1220
2365,1220
2365,1219
2366,1219
2367,1218
2368,1218
2368,1217
2369,1217
2369,1216
2370,1215
2370,1215
2370,1214
2371,1214
2371,1214
2370,1213
2370,1213
2370,1213
2370,1213
2369,1213
2369,1213
2368,1212
2368,1212
2367,1212
2366,1212
2366,1212
2365,1211
2364,1211
2363,1211
2363,1210
2362,1210
2361,1210
2360,1209
2359,1209
2358,1208
2357,1208
2356,1207
2355,1207
2354,1206
2353,1206
2352,1205
2351,1204
2350,1203
2349,1202
2348,1201
2346,1200
2345,1199
2344,1198
2343,1197
2342,1196
2341,1195
2340,1193
2339,1192
2338,1191
2337,1190
2336,1189
2335,1187
2333,1186
2332,1185
2331,1184
2329,1183
2328,1182
2327,1181
2325,1180
2324,1179
2323,1178
2321,1177
2320,1176
2319,1175
2317,1174
2316,1173
2314,1172
2313,1171
2311,1171
2310,1170
2308,1169
2306,1168
2305,1167
2303,1166
2301,1165
2300,1164
2298,1164
2297,1163
2295,1162
2293,1161
2292,1160
2290,1160
2288,1159
2287,1158
2285,1157
2283,1157
2282,1156
2280,1155
2278,1154
2277,1154
2275,1153
2274,1152
2272,1151
2270,1151
2269,1150
2267,1149
2265,1149
2264,1148
2262,1147
2261,1146
2259,1146
2258,1145
2256,1144
2254,1143
2253,1143
2251,1142
2250,1141
2248,1141
2246,1140
2245,1140
2243,1139
2241,1139
2240,1138
2238,1138
2236,1137
2234,1137
2233,1136
2231,1136
2229,1135
2228,1135
2226,1134
2225,1134
2223,1133
2221,1133
2220,1132
2218,1132
2217,1131
2215,1130
2214,1129
2213,1129
2211,1128
2210,1127
2209,1126
2207,1126
2206,1125
2205,1124
2203,1123
2202,1123
2201,1122
2199,1121
2198,1120
2197,1120
2196,1119
2194,1119
2193,1118
2192,1117
2190,1117
2189,1117
2187,1116
2186,1116
2184,1116
2183,1116
2181,1116
2180,1116
2178,1116
2177,1116
2175,1116
2174,1116
2172,1116
2171,1116
2170,1116
2168,1116
2167,1116
2165,1116
2164,1116
2162,1116
2161,1116
2160,1116
2158,1116
2157,1116
2156,1116
2155,1116
2153,1115
2152,1115
2151,1115
2150,1115
2148,1115
2147,1114
2146,1114
2145,1114
2143,1114
2142,1114
2141,1113
2140,1113
2138,1113
2137,1113
2136,1113
2135,1112
2133,1112
2132,1112
2131,1112
2130,1111
2129,1111
2127,1111
2126,1111
2125,1111
2123,1111
2122,1111
2121,1111
2120,1110
2119,1110
2117,1110
2116,1110
2115,1110
2114,1109
2113,1109
2112,1109
2111,1108
2110,1108
2109,1108
2108,1107
2106,1107
2105,1106
2104,1106
2103,1105
2102,1105
2101,1105
2100,1104
2099,1104
2098,1103
2097,1103
2096,1102
2095,1102
2093,1102
2092,1101
2091,1101
2090,1100
2089,1100
2088,1099
2087,1099
2086,1098
2085,1097
2084,1097
2083,1096
2082,1095
2082,1094
2081,1093
2080,1092
2079,1091
2079,1089
2078,1088
2078,1086
2077,1085
2077,1083
2076,1082
2076,1080
2076,1078
2075,1076
2075,1075
2074,1073
2074,1071
2073,1070
2073,1069
2072,1067
2071,1066
2071,1065
2070,1064
2069,1063
2068,1062
2067,1061
2066,1060
2065,1059
2064,1059
2062,1058
2061,1058
2060,1058
2058,1057
2057,1057
2055,1057
2054,1057
2052,1057
2050,1056
2049,1056
2047,1056
2046,1056
2044,1055
2043,1055
2041,1055
2040,1055
2038,1054
2036,1054
2035,1054
2033,1054
2031,1054
2030,1054
2028,1054
2026,1054
2025,1054
2023,1054
2021,1054
2020,1054
2018,1054
2016,1054
2015,1055
2013,1055
2011,1055
2009,1055
2008,1055
2006,1056
2004,1056
2003,1056
2001,1056
1999,1056
1997,1057
1996,1057
1994,1057
1992,1057
1991,1058
1989,1058
1987,1058
1986,1058
1984,1058
1983,1059
1981,1059
1980,1059
1978,1059
1977,1059
1975,1059
1974,1059
1972,1059
1971,1060
1969,1060
1967,1060
1966,1061
1964,1061
1963,1061
1961,1062
1960,1062
1958,1062
1957,1062
1955,1063
1954,1063
1952,1063
1951,1063
1949,1063
1948,1063
1946,1063
1945,1063
1944,1063
1942,1063
1941,1063
1939,1063
1938,1063
1936,1063
1935,1064
1934,1064
1932,1064
1930,1064
1929,1065
1927,1065
1926,1065
1924,1066
1922,1067
1921,1067
1919,1068
1917,1069
1915,1070
1913,1071
1911,1073
1909,1074
1907,1075
1905,1077
1903,1078
1900,1079
1898,1081
1896,1082
1894,1083
1892,1084
1890,1085
1888,1086
1886,1087
1884,1087
1882,1088
1881,1088
1879,1088
1877,1088
1876,1087
1874,1087
1873,1087
1871,1086
1870,1086
1868,1085
1867,1085
1866,1085
1864,1084
1863,1084
1862,1084
1861,1084
1860,1084
1859,1084
1858,1084
1857,1084
1856,1084
1856,1084
1855,1084
1855,1084
1854,1084
1854,1085
1854,1085
1854,1085
1854,1085
1855,1085
1855,1084
1856,1084
1857,1083
1858,1082
1859,1081
1860,1080
1862,1078
1864,1076
1866,1075
1868,1073
1870,1070
1872,1068
1875,1065
1877,1063
1880,1060
1882,1057
1885,1054
1888,1051
1891,1048
1893,1045
1896,1041
1899,1038
1902,1035
1905,1032
1907,1028
1910,1025
1913,1021
1915,1018
1918,1014
1921,1010
1923,1007
1926,1003
1928,999
1931,995
1933,991
1935,986
1937,982
1939,978
1941,974
1943,970
1945,966
1946,961
1948,957
1949,953
1950,949
1951,945
1952,941
1953,936
1954,932
1954,929
1955,925
1955,921
1955,917
1955,914
1955,910
1955,907
1954,903
1954,900
1953,896
1953,893
1952,890
1951,886
1950,883
1949,880
1948,876
1947,873
1946,869
1945,866
1944,862
1943,859
1942,855
1941,851
1940,847
1938,843
1937,839
1936,835
1935,831
1934,827
1932,823
1931,820
1930,816
1928,812
1927,809
1925,805
1924,802
1922,798
1921,795
1919,792
1917,789
1916,786
1914,783
1912,780
1910,777
1908,774
1906,771
1905,768
1903,765
1901,762
1899,759
1897,756
1895,753
1893,750
1891,747
1889,743
1886,740
1884,736
1882,733
1880,729
1878,725
1876,721
1873,718
1871,714
1869,710
1867,706
1864,702
1862,698
1859,695
1856,691
1854,687
1851,684
1848,681
1845,677
1842,674
1839,672
1836,669
1833,666
1829,664
1826,662
1822,659
1819,657
1815,656
1812,654
1808,652
1804,650
1800,649
1797,647
1793,646
1789,644
1785,643
1781,642
1777,641
1773,639
1769,638
1765,637
1761,636
1757,635
1753,633
1749,632
1745,631
1741,630
1737,629
1733,628
1729,627
1725,627
1721,626
1717,625
1712,624
1708,624
1704,623
1700,623
1696,622
1691,621
1687,621
1683,620
1679,620
1675,619
1671,619
1666,618
1662,618
1658,617
1654,617
1650,616
1646,616
1641,616
1637,615
1633,615
1629,615
1625,614
1621,614
1617,614
1613,613
1609,613
1604,612
1600,612
1596,612
1592,611
1588,611
1584,611
1580,610
1576,610
1572,610
1568,609
1565,609
1561,609
1557,609
1553,609
1549,608
1545,608
1542,608
1538,608
1534,608
1530,607
1527,607
1523,607
1520,607
1516,607
1513,607
1509,607
1506,607
1502,607
1499,606
1496,606
1493,606
1490,605
1487,605
1484,604
1481,603
1478,602
1475,601
1473,599
1470,597
1468,596
1466,594
1463,591
1461,589
1459,586
1457,583
1455,580
1454,577
1452,574
1450,570
1449,567
1447,563
1446,559
1445,555
1443,551
1442,547
1441,543
1440,539
1438,535
1437,532
1436,528
1435,524
1434,521
1432,518
1431,514
1430,511
1429,508
1428,505
1426,502
1425,499
1424,496
1422,493
1421,490
1420,487
1418,485
1417,482
1416,479
1414,477
1413,474
1411,472
1410,470
1408,468
1407,465
1405,463
1404,461
1402,459
1401,457
1399,455
1397,454
1396,452
1394,450
1392,448
1391,447
1389,445
1388,444
1386,443
1384,442
1383,441
1381,440
1379,440
1377,439
1376,439
1374,438
1372,438
1371,438
1369,437
1367,437
1366,437
1364,436
1362,436
1360,436
1359,435
1357,435
1355,435
1354,434
1352,434
1350,433
1349,433
1347,432
1345,432
1344,432
1342,431
1340,431
1339,430
1337,430
1335,429
1334,429
1332,428
1330,428
1329,427
1327,427
1326,427
1324,426
1322,426
1321,426
1319,426
1318,426
1317,426
1315,426
1314,426
1313,426
1312,426
1311,427
1310,427
1309,427
1308,427
1307,427
1307,427
1306,428
1306,428
1306,428
1306,428
