2419,273
2419,273
2419,273
2419,272
2419,272
2419,271
2419,271
2418,270
2418,269
2418,268
2418,267
2418,266
2418,265
2418,265
2417,264
2417,263
2417,263
2416,263
2416,262
2415,262
2414,263
2414,263
2413,263
2412,264
2411,265
2410,266
2409,267
2408,268
2407,269
2406,270
2406,271
2405,272
2404,273
2403,274
2402,276
2401,277
2400,278
2400,280
2399,281
2398,282
2398,284
2397,285
2396,287
2396,288
2395,290
2395,291
2394,293
2394,295
2394,296
2394,298
2394,299
2394,301
2393,303
2393,305
2393,307
2393,310
2393,313
2392,316
2391,320
2391,325
2390,330
2388,335
2387,341
2385,348
2384,355
2382,363
2379,372
2377,380
2375,389
2372,399
2370,409
2367,419
2364,429
2362,439
2359,450
2357,460
2354,470
2352,480
2350,490
2348,500
2346,509
2345,518
2344,527
2343,535
2342,543
2342,550
2342,556
2342,562
2343,568
2344,573
2345,577
2347,582
2349,585
2351,588
2353,591
2355,594
2358,596
2360,598
2363,600
2366,602
2369,605
2371,607
2374,609
2377,610
2381,612
2384,614
2387,615
2391,616
2395,616
2399,616
2404,616
2409,616
2414,615
2419,614
2425,612
2431,610
2437,608
2444,606
2450,603
2457,600
2464,598
2471,595
2478,592
2486,589
2493,586
2500,583
2507,581
2514,578
2521,576
2528,574
2534,573
2541,572
2547,571
2552,571
2558,571
2563,572
2568,573
2573,574
2577,576
2581,578
2585,581
2589,584
2592,587
2595,591
2598,594
2600,599
2603,603
2605,607
2608,611
2610,616
2612,620
2614,625
2616,629
2618,633
2620,637
2623,641
2625,646
2627,650
2629,654
2630,658
2632,662
2634,667
2636,671
2638,675
2639,679
2641,684
2643,688
2645,692
2646,696
2648,701
2650,705
2652,709
2654,713
2656,717
2658,721
2660,725
2662,729
2664,733
2666,737
2668,741
2671,745
2673,748
2676,752
2678,755
2681,759
2683,762
2686,766
2689,769
2691,772
2694,775
2697,778
2700,780
2703,783
2706,786
2709,788
2711,791
2714,793
2717,796
2720,798
2722,801
2725,803
2727,806
2729,808
2731,811
2733,813
2735,816
2737,818
2739,820
2740,823
2742,825
2743,827
2745,829
2746,831
2747,833
2748,835
2749,837
2750,838
2751,840
2752,841
2752,843
2753,844
2754,845
2755,846
2755,846
2756,847
2757,847
2758,847
2759,848
2759,847
2760,847
2761,847
2762,846
2763,845
2764,844
2764,843
2765,842
2766,841
2767,840
2768,838
2769,837
2769,835
2770,834
2771,832
2772,830
2772,828
2773,826
2773,825
2774,823
2774,821
2775,819
2775,817
2776,815
2776,813
2776,811
2776,809
2776,807
2776,805
2776,803
2776,801
2776,800
2776,798
2775,796
2775,794
2775,792
2775,790
2774,788
2774,786
2773,784
2773,782
2772,781
2771,779
2771,777
2770,775
2769,774
2768,772
2767,770
2766,769
2765,767
2764,766
2763,764
2762,763
2761,761
2759,760
2758,758
2757,757
2756,755
2754,754
2753,752
2752,750
2751,749
2749,747
2748,746
2746,744
2745,743
2744,741
2742,740
2741,738
2739,736
2738,735
2737,733
2735,731
2734,730
2732,728
2730,726
2729,725
2727,723
2725,721
2723,720
2721,718
2719,716
2717,715
2715,713
2713,712
2711,710
2708,709
2706,708
2703,706
2700,705
2698,704
2695,703
2692,701
2689,700
2686,699
2682,698
2679,697
2676,696
2672,695
2669,694
2665,693
2662,692
2658,691
2654,691
2650,690
2646,689
2642,688
2638,688
2634,687
2630,687
2626,686
2622,685
2618,684
2614,684
2610,683
2605,682
2601,682
2597,681
2592,681
2588,681
2583,681
2578,681
2573,682
2568,683
2562,684
2557,686
2551,688
2545,690
2539,693
2532,695
2526,699
2519,702
2512,705
2506,709
2499,712
2493,716
2486,719
2480,722
2474,725
2468,727
2462,729
2457,730
2452,731
2447,731
2443,731
2438,730
2435,729
2431,727
2428,724
2425,721
2422,718
2420,714
2418,710
2416,705
2414,700
2412,695
2410,690
2408,685
2406,680
2404,675
2402,671
2400,666
2397,662
2394,659
2391,655
2388,653
2385,650
2381,648
2377,646
2374,645
2370,644
2365,643
2361,642
2357,641
2353,641
2348,640
2344,640
2340,639
2336,639
2331,638
2327,637
2323,636
2319,635
2315,634
2311,633
2307,632
2303,631
2299,630
2295,629
2291,628
2287,626
2283,625
2279,624
2275,623
2271,622
2267,621
2263,620
2258,620
2254,619
2250,618
2246,617
2242,617
2237,616
2233,616
2229,616
2224,616
2220,615
2216,615
2211,615
2207,615
2202,615
2198,615
2194,615
2189,615
2185,615
2181,615
2176,615
2172,615
2168,615
2163,615
2159,616
2155,616
2150,616
2146,616
2142,616
2138,616
2134,616
2129,616
2125,616
2121,616
2117,616
2113,616
2109,616
2105,616
2101,616
2097,616
2093,617
2089,617
2085,617
2081,617
2077,617
2073,617
2069,617
2065,617
2061,617
2057,617
2053,618
2049,618
2045,618
2041,619
2037,619
2033,620
2029,620
2025,621
2021,621
2017,622
2014,622
2010,623
2006,623
2002,624
1998,624
1994,624
1991,625
1987,625
1983,626
1979,626
1976,626
1972,627
1968,627
1964,628
1961,628
1957,629
1953,629
1950,629
1946,630
1943,630
1939,631
1935,631
1932,631
1928,632
1925,632
1921,632
1918,633
1914,633
1911,633
1907,634
1904,634
1901,634
1897,634
1894,634
1891,635
1887,635
1884,635
1881,635
1878,635
1874,635
1871,635
1868,634
1865,634
1862,634
1859,634
1856,633
1853,633
1850,633
1847,632
1844,632
1842,632
1839,631
1836,631
1833,631
1830,630
1828,630
1825,630
1822,629
1820,629
1817,628
1815,628
1812,628
1810,627
1807,627
1805,626
1803,626
1800,625
1798,625
1796,625
1794,624
1792,624
1789,624
1787,624
1785,624
1783,624
1781,625
1779,625
1777,625
1775,626
1773,626
1771,627
1769,627
1767,628
1765,629
1764,629
1762,630
1760,631
1758,632
1756,632
1755,633
1753,634
1751,635
1750,635
1748,636
1747,637
1745,637
1743,638
1742,638
1740,639
1739,640
1737,640
1736,641
1734,641
1733,642
1732,643
1730,644
1729,644
1727,645
1726,646
1724,647
1723,648
1722,649
1720,650
1719,651
1717,652
1716,653
1715,655
1713,656
1712,657
1710,658
1709,659
1708,660
1706,661
1705,662
1704,663
1702,664
1701,665
1700,665
1699,666
1698,667
1697,667
1695,668
1694,669
1693,669
1692,670
1691,671
1690,671
1689,672
1688,673
1687,674
1686,675
1685,676
1684,677
1682,678
1681,679
1680,681
1679,682
1678,683
1677,685
1676,686
1675,688
1673,689
1672,691
1671,693
1670,694
1669,696
1668,698
1667,699
1665,701
1664,703
1663,704
1662,706
1661,708
1660,709
1658,711
1657,713
1656,714
1655,715
1654,717
1653,718
1652,720
1651,721
1650,722
1649,724
1648,725
1647,726
1646,727
1645,728
1644,729
1643,730
1642,731
1641,732
1640,733
1639,733
1639,734
1638,735
1637,735
1636,736
1635,736
1635,737
1634,737
1633,738
1632,738
1632,738
1631,739
1630,739
1629,740
1629,740
1628,740
1627,741
1627,741
1626,742
1625,743
1625,744
1624,744
1623,745
1622,746
1622,747
1621,748
1620,748
1619,749
1619,750
1618,751
1617,751
1616,752
1615,752
1615,753
1614,753
1613,754
1612,754
1612,754
1611,754
1610,754
1609,754
1609,754
1608,754
1607,754
1607,753
1606,753
1605,752
1605,751
1604,751
1603,750
1603,749
1602,748
1601,748
1601,747
1600,746
1599,745
1599,745
1598,744
1597,743
1597,743
1596,742
1595,742
1594,741
1594,741
1593,740
1592,740
1592,739
1591,739
1590,738
1590,737
1589,737
1588,736
1588,735
1587,734
1586,733
1586,732
1585,731
1584,730
1584,729
1583,728
1583,726
1582,725
1581,724
1581,723
1580,722
1579,721
1578,720
1578,719
1577,718
1576,717
1576,716
1575,716
1574,715
1573,714
1573,714
1572,713
1571,713
1570,712
1570,712
1569,711
1568,711
1567,711
1567,711
1566,710
1565,710
1564,710
1564,710
1563,710
1562,710
1562,709
1561,709
1560,709
1560,709
1559,708
1559,708
1558,707
1558,706
1558,705
1557,705
1557,703
1557,702
1557,701
1556,699
1556,698
1556,696
1556,694
1556,692
1556,689
1556,687
1556,684
1556,681
1556,678
1556,675
1557,672
1557,669
1557,665
1557,662
1557,658
1558,654
1558,650
1558,646
1558,642
1558,638
1559,634
1559,630
1559,626
1559,622
1560,618
1560,614
1560,610
1560,605
1560,601
1560,597
1560,593
1561,589
1561,585
1561,581
1561,576
1561,572
1561,568
1561,564
1561,560
1561,556
1560,552
1560,548
1560,545
1560,541
1560,537
1560,534
1560,530
1559,526
1559,523
1559,519
1559,515
1559,511
1559,508
1558,504
1558,500
1558,497
1558,493
1558,489
1558,485
1558,482
1557,478
1557,474
1557,470
1557,466
1557,463
1556,459
1556,455
1556,451
1556,448
1555,444
1555,441
1555,438
1554,435
1554,432
1553,429
1553,426
1552,423
1551,421
1551,418
1550,416
1549,414
1549,412
1548,410
1547,408
1546,406
1545,404
1545,403
1544,401
1543,400
1542,398
1541,397
1540,396
1539,395
1538,394
1537,393
1536,393
1535,392
1533,392
1532,391
1531,391
1530,391
1529,391
1528,391
1527,391
1526,391
1525,391
1523,391
1522,391
1521,392
1520,392
1519,393
1518,393
1516,394
1515,394
1514,395
1513,396
1511,397
1510,398
1509,398
1508,399
1506,400
1505,401
1504,402
1502,403
1501,404
1500,405
1498,406
1497,408
1496,409
1494,410
1493,411
1491,412
1490,414
1488,415
1487,416
1485,418
1484,419
1482,421
1481,422
1479,424
1478,425
1476,427
1475,428
1473,430
1472,431
1470,433
1469,434
1467,436
1466,437
1464,439
1463,440
1461,442
1460,443
1458,445
1457,446
1455,448
1454,450
1452,451
1451,453
1449,455
1448,457
1447,458
1445,460
1444,462
1442,464
1441,466
1439,468
1438,470
1436,471
1435,473
1433,475
1432,477
1430,479
1428,480
1427,482
1425,484
1424,485
1422,487
1421,488
1419,489
1418,491
1416,492
1415,493
1413,495
1412,496
1410,497
1408,498
1407,499
1405,500
1404,501
1402,502
1401,503
1399,505
1397,506
1396,507
1394,508
1392,509
1391,510
1389,511
1387,513
1386,514
1384,515
1383,517
1381,518
1379,519
1377,521
1376,522
1374,524
1372,526
1371,527
1369,529
1367,531
1366,532
1364,534
1362,536
1361,537
1359,539
1358,541
1356,542
1354,544
1353,546
1351,547
1350,549
1348,551
1347,552
1345,554
1344,556
1342,557
1341,559
1339,560
1338,562
1336,563
1335,565
1333,566
1332,568
1331,569
1329,571
1328,572
1326,573
1325,575
1324,576
1322,578
1321,579
1320,580
1318,582
1317,583
1316,584
1314,586
1313,587
1312,588
1310,589
1309,591
1308,592
1307,593
1305,594
1304,595
1303,596
1302,597
1300,599
1299,600
1298,601
1297,602
1296,603
1295,604
1293,606
1292,607
1291,608
1290,609
1289,611
1288,612
1287,614
1286,615
1285,616
1284,618
1283,619
1282,621
1281,622
1280,624
1279,626
1278,627
1277,629
1276,631
1275,632
1274,634
1273,636
1272,637
1271,638
1271,640
1270,641
1269,642
1268,643
1267,644
1266,645
1266,645
1265,646
1264,647
1263,647
1263,647
1262,648
1261,648
1261,648
1260,648
1259,648
1259,648
1258,647
1258,647
1257,647
1257,646
1256,646
1256,645
1255,645
1255,644
1255,643
1254,643
1254,642
1254,641
1253,640
1253,640
1253,639
1252,638
1252,638
1252,637
1251,636
1251,635
1251,635
1250,634
1250,633
1250,632
1249,631
1249,630
1249,629
1248,628
1248,627
1247,625
1247,624
1246,623
1246,621
1245,620
1245,618
1244,616
1244,615
1243,613
1243,611
1242,609
1242,608
1241,606
1241,604
1240,602
1239,600
1239,598
1238,596
1238,594
1237,592
1236,591
1236,589
1235,587
1234,585
1233,584
1233,582
1232,581
1231,579
1230,578
1229,577
1229,576
1228,574
1227,573
1226,572
1225,571
1224,570
1223,568
1223,567
1222,566
1221,564
1220,562
1219,561
1218,559
1217,557
1216,556
1216,554
1215,552
1214,550
1213,548
1212,546
1212,544
1211,542
1210,540
1210,538
1209,536
1208,534
1208,532
1207,530
1207,529
1206,527
1206,526
1206,524
1206,523
1205,522
1205,521
1205,519
1205,518
1205,517
1205,515
1205,514
1205,513
1205,511
1205,510
1205,508
1205,506
1205,504
1205,502
1205,500
1205,498
1205,496
1205,493
1206,491
1206,488
1206,485
1206,483
1206,480
1206,477
1206,474
1206,471
1206,468
1206,465
1206,462
1206,459
1206,455
1206,452
1206,449
1205,446
1205,442
1205,439
1205,436
1205,432
1205,429
1205,426
1205,422
1205,419
1205,415
1206,412
1206,408
1206,404
1206,401
1206,397
1206,393
1206,390
1206,386
1206,383
1206,379
1206,376
1207,373
1207,370
1207,366
1207,363
1207,360
1207,357
1207,354
1207,351
1207,348
1207,346
1208,343
1208,340
1208,337
1208,334
1208,331
1208,328
1208,326
1208,323
1208,320
1208,317
1207,314
1207,311
1207,309
1207,306
1207,303
1207,300
1207,297
1206,294
1206,291
1206,288
1206,285
1205,282
1205,278
1204,275
1204,271
1204,268
1203,264
1203,261
1202,257
1201,253
1201,249
1200,245
1200,241
1199,237
1198,233
1197,228
1197,224
1196,220
1195,216
1194,211
1194,207
1193,203
1192,199
1191,195
1191,191
1190,188
1189,184
1188,180
1188,177
1187,174
1186,171
1186,168
1185,165
1184,162
1184,159
1183,156
1182,154
1182,151
1181,149
1181,146
1180,144
1179,142
1179,139
1178,137
1178,135
1177,133
1177,131
1176,129
1175,127
1175,125
1174,124
1173,122
1173,120
1172,118
1171,117
1171,115
1170,114
1169,112
1169,111
1168,109
1167,108
1166,107
1166,106
1165,104
1164,103
1163,102
1163,101
1162,100
1161,98
1160,97
1160,96
1159,94
1158,93
1158,92
1157,90
1156,89
1155,87
1155,86
1154,84
1154,83
1153,81
1152,80
1152,78
1151,77
1151,76
1150,74
1150,73
1149,72
1149,71
1149,70
1148,69
1148,68
1148,67
1148,66
1148,65
1148,65
1147,64
1148,64
1148,63
1148,63
1148,63
1148,62
1149,62
1149,62
1149,62
1150,62
1150,62
1151,62
1152,62
1152,63
1153,63
1154,63
1155,63
1156,64
1157,64
1158,64
1159,64
1160,65
1161,65
1162,66
1163,66
1164,67
1165,67
1166,67
1168,68
1169,69
1170,69
1171,70
1172,70
1173,71
1174,72
1175,72
1176,73
1177,74
1178,75
1180,76
1181,76
1181,77
1182,78
1183,79
1184,80
1185,80
1186,81
1187,82
1188,83
1189,84
1189,85
1190,86
1191,88
1192,89
1192,90
1193,92
1194,93
1194,95
1195,96
1196,98
1196,99
1197,101
1198,103
1198,104
1199,106
1199,107
1200,109
1200,110
1201,112
1201,113
1201,115
1202,116
1202,117
1202,118
1202,119
1203,121
1203,122
1203,123
1203,124
1203,125
1203,126
1203,127
1203,128
1203,128
1203,129
1203,130
1203,130
1203,131
1202,132
1202,132
1202,133
1202,133
1201,134
1201,134
1201,135
1200,135
1200,136
1199,137
1199,138
1198,139
1198,140
1197,141
1197,142
1196,143
1196,145
1195,146
1194,148
1194,149
1193,151
1192,153
1192,155
1191,157
1190,160
1190,162
1189,164
1188,167
1188,169
1187,172
1186,174
1185,177
1185,179
1184,182
1183,184
1182,187
1182,189
1181,191
1180,194
1179,196
1179,198
1178,200
1177,202
1176,204
1175,206
1175,208
1174,210
1173,212
1172,214
1171,216
1171,218
1170,221
1169,223
1168,225
1167,227
1167,230
1166,232
1165,234
1164,236
1163,239
1162,241
1161,243
1161,246
1160,248
1159,251
1158,253
1157,256
1156,258
1155,260
1154,263
1153,265
1152,267
1151,269
1150,272
1149,274
1148,276
1146,278
1145,280
1144,282
1143,284
1142,287
1141,289
1140,291
1139,293
1137,295
1136,297
1135,299
1134,301
1133,304
1132,306
1130,308
1129,311
1128,313
1127,316
1126,318
1124,320
1123,323
1122,325
1121,328
1119,330
1118,333
1117,335
1115,338
1114,340
1113,343
1111,345
1110,348
1109,350
1107,352
1106,355
1104,357
1103,360
1102,362
1100,365
1099,367
1097,369
1096,372
1094,374
1093,376
1091,379
1090,381
1088,383
1087,386
1085,388
1084,391
1082,393
1081,395
1079,398
1077,400
1076,403
1074,405
1073,407
1071,409
1070,412
1068,414
1067,416
1065,418
1064,420
1062,422
1060,424
1059,426
1057,427
1056,429
1054,431
1053,433
1051,435
1050,436
1048,438
1047,440
1045,442
1044,443
1042,445
1041,447
1039,449
1038,451
1036,453
1035,454
1033,456
1032,458
1031,460
1029,462
1028,464
1027,466
1026,468
1024,470
1023,472
1022,475
1021,477
1020,479
1019,482
1018,484
1017,487
1016,489
1016,491
1015,494
1014,496
1014,499
1013,502
1013,504
1012,507
1012,510
1012,513
1012,515
1012,518
1012,521
1012,524
1012,526
1012,529
1012,531
1012,533
1013,535
1013,536
1014,538
1014,539
1015,540
1015,541
1016,542
1016,542
1017,542
1018,542
1019,542
1019,541
1020,541
1021,540
1022,539
1023,538
1024,537
1026,536
1027,535
1028,534
1030,532
1031,531
1032,530
1034,529
1036,527
1037,526
1039,525
1041,524
1043,523
1045,522
1047,522
1049,521
1051,521
1053,520
1056,520
1058,519
1061,519
1063,518
1066,518
1068,517
1071,517
1073,516
1076,516
1079,515
1082,515
1085,514
1088,514
1091,513
1094,513
1097,512
1100,512
1104,511
1107,511
1110,510
1114,509
1117,509
1121,508
1124,508
1128,507
1132,506
1136,506
1139,505
1143,504
1147,504
1151,503
1155,502
1159,501
1163,500
1168,499
1172,498
1176,497
1181,495
1185,494
1190,493
1194,491
1199,490
1203,488
1208,487
1213,485
1218,483
1223,481
1228,479
1233,477
1238,475
1243,473
1248,471
1254,468
1259,466
1264,463
1270,461
1275,458
1281,455
1286,453
1292,450
1297,447
1303,444
1308,441
1314,438
1320,435
1325,432
1331,429
1336,426
1342,424
1347,421
1353,418
1358,416
1364,413
1369,411
1374,408
1380,406
1385,404
1390,401
1395,399
1400,397
1405,395
1410,393
1415,391
1420,389
1424,387
1429,385
1433,383
1438,381
1442,379
1447,377
1451,375
1455,372
1460,370
1464,368
1468,365
1472,363
1476,361
1480,358
1484,356
1488,353
1492,351
1495,348
1499,346
1503,344
1507,341
1510,339
1514,337
1517,334
1521,332
1524,330
1528,328
1531,326
1535,324
1538,322
1541,320
1545,318
1548,317
1551,315
1554,313
1557,312
1560,311
1563,309
1566,308
1569,307
1572,306
1575,305
1577,304
1580,303
1583,302
1585,301
1588,300
1590,299
1593,298
1595,298
1598,297
1600,297
1602,296
1604,296
1607,295
1609,295
1611,295
1613,294
1615,294
1617,294
1619,294
1621,293
1623,293
1625,293
1627,293
1629,292
1631,292
1633,292
1635,292
1637,291
1638,291
1640,291
1642,290
1644,290
1646,290
1648,290
1650,289
1652,289
1653,289
1655,289
1657,288
1659,288
1661,288
1663,288
1665,287
1666,287
1668,287
1670,287
1672,287
1674,287
1676,287
1677,287
1679,287
1681,287
1683,287
1684,287
1686,287
1688,287
1690,288
1691,288
1693,288
1695,288
1696,288
1698,289
1700,289
1702,289
1703,289
1705,289
1707,290
1708,290
1710,290
1712,290
1714,290
1715,290
1717,290
1719,290
1721,290
1722,290
1724,289
1726,289
1728,289
1730,289
1731,288
1733,288
1735,288
1737,288
1739,287
1740,287
1742,287
1744,286
1746,286
1747,286
1749,286
1751,286
1753,286
1754,286
1756,286
1758,287
1759,287
1761,288
1763,289
1764,289
1766,290
1767,291
1769,292
1770,293
1772,294
1773,294
1775,295
1777,296
1778,296
1780,297
1782,297
1783,297
1785,297
1787,297
1788,297
1790,297
1792,297
1794,296
1795,296
1797,295
1799,295
1801,294
1802,294
1804,293
1806,293
1808,292
1809,292
1811,291
1813,291
1814,290
1816,290
1818,290
1819,290
1821,289
1823,289
1824,289
1826,289
1828,290
1829,290
1831,290
1832,290
1834,291
1836,291
1837,291
1839,291
1840,291
1842,292
1844,292
1845,292
1847,292
1848,292
1850,292
1852,292
1853,292
1855,292
1857,293
1858,293
1860,293
1862,293
1863,293
1865,293
1867,293
1868,292
1870,292
1872,292
1873,292
1875,292
1877,292
1878,292
1880,292
1882,291
1883,291
1885,291
1887,291
1888,291
1890,291
1892,291
1893,291
1895,291
1897,291
1898,291
1900,291
1901,291
1903,292
1904,292
1906,292
1908,292
1909,293
1911,293
1912,293
1914,294
1915,294
1917,295
1918,295
1920,296
1921,296
1923,297
1924,297
1925,298
1927,298
1929,299
1930,299
1932,299
1933,299
1935,300
1936,300
1938,300
1939,300
1941,300
1942,300
1944,301
1945,301
1947,301
1949,301
1950,301
1952,301
1953,302
1954,302
1956,302
1957,302
1959,303
1960,303
1962,303
1963,303
1965,303
1966,304
1968,304
1969,304
1970,304
1972,304
1973,304
1975,305
1976,305
1978,305
1979,305
1981,305
1982,305
1983,305
1985,305
1986,305
1988,304
1989,304
1991,304
1992,304
1993,304
1995,303
1996,303
1997,303
1999,303
2000,303
2001,303
2002,303
2003,303
2004,304
2005,304
2006,305
2006,305
2007,306
2008,306
2008,307
2009,308
2009,308
2010,309
2010,310
2010,311
2011,311
2011,312
2011,312
2012,312
2012,312
2012,312
2013,312
2013,312
2014,312
2014,311
2014,311
2015,310
2015,310
2016,309
2016,308
2017,307
2017,306
2018,305
2019,303
2019,302
2020,300
2021,298
2021,297
2022,295
2023,293
2023,291
2024,289
2025,287
2026,286
2026,284
2027,282
2028,280
2029,278
2029,276
2030,274
2031,271
2032,269
2033,267
2033,265
2034,263
2035,261
2036,259
2036,258
2037,256
2038,254
2039,252
2040,251
2040,249
2041,247
2042,246
2043,244
2043,242
2044,241
2045,239
2046,238
2047,236
2047,235
2048,233
2049,232
2050,230
2050,229
2051,228
2052,227
2052,226
2053,224
2054,223
2054,223
2055,222
2056,221
2056,220
2057,219
2058,218
2058,217
2059,216
2060,215
2060,214
2061,213
2062,212
2062,210
2063,209
2064,208
2065,206
2065,205
2066,204
2067,202
2068,201
2069,199
2069,198
2070,196
2071,194
2072,193
2073,192
2073,190
2074,189
2075,187
2075,186
2076,185
2077,184
2078,183
2078,182
2079,181
2079,180
2080,179
2081,178
2081,177
2082,177
2082,176
2083,175
2083,174
2084,173
2085,172
2085,171
2086,170
2087,169
2087,168
2088,167
2089,166
2090,164
2090,163
2091,162
2092,161
2093,159
2093,158
2094,157
2095,156
2095,155
2096,153
2097,152
2097,151
2098,150
2098,150
2099,149
2099,148
2100,147
2100,146
2101,145
2101,144
2102,144
2102,143
2103,142
2103,142
2103,141
2104,141
2104,140
2104,140
2104,140
2105,139
2105,139
2105,139
2105,139
2106,138
2106,138
2106,138
2106,137
2107,137
2107,136
2107,135
2108,135
2108,134
2109,133
2109,131
2110,130
2110,129
2111,127
2112,126
2112,124
2113,122
2114,120
2115,118
2116,116
2117,114
2118,112
2119,110
2119,108
2120,107
2121,105
2122,103
2123,102
2124,100
2125,99
2126,98
2126,97
2127,96
2128,95
2129,94
2129,94
2130,94
2130,94
2131,94
2131,94
2132,94
2132,95
2133,95
2133,96
2133,97
2133,98
2134,99
2134,100
2134,101
2134,102
2134,103
2134,104
2134,106
2134,107
2134,108
2134,110
2133,111
2133,112
2133,114
2132,115
2132,116
2132,118
2131,119
2130,120
2130,122
2129,123
2128,125
2127,126
2126,128
2125,130
2124,132
2122,134
2121,136
2119,138
2118,141
2116,143
2114,146
2112,149
2110,152
2108,155
2105,158
2103,161
2100,165
2097,169
2095,173
2092,177
2088,181
2085,185
2082,189
2079,193
2075,197
2072,201
2068,205
2064,209
2061,213
2057,217
2053,220
2049,224
2045,228
2041,231
2037,234
2033,238
2029,241
2024,244
2020,247
2016,250
2011,253
2007,256
2003,258
1998,261
1993,264
1989,267
1984,269
1980,272
1975,275
1970,277
1966,280
1961,282
1956,285
1952,287
1947,290
1942,292
1938,294
1933,297
1929,299
1924,301
1920,303
1915,305
1911,307
1906,309
1902,311
1897,313
1893,315
1889,317
1884,319
1880,321
1876,322
1871,324
1867,326
1863,328
1858,330
1854,332
1850,334
1845,335
1841,337
1837,339
1833,341
1828,343
1824,345
1820,346
1815,348
1811,350
1807,352
1803,353
1799,355
1794,357
1790,358
1786,360
1782,361
1779,362
1775,364
1771,365
1767,366
1764,367
1760,368
1757,370
1753,371
1750,372
1747,373
1744,374
1741,375
1738,377
1735,378
1733,379
1730,381
1728,382
1725,384
1723,385
1721,387
1719,389
1717,391
1715,392
1713,394
1712,396
1710,398
1709,400
1707,402
1706,405
1705,407
1704,409
1703,411
1702,413
1701,416
1700,418
1699,421
1699,423
1698,426
1698,428
1697,431
1697,433
1697,436
1696,439
1696,442
1696,444
1696,447
1697,450
1697,452
1697,455
1698,458
1698,461
1699,464
1699,467
1700,469
1701,472
1702,475
1703,478
1704,480
1705,483
1706,486
1708,488
1709,491
1710,493
1712,495
1713,498
1715,500
1717,502
1718,504
1720,506
1722,508
1723,510
1725,511
1727,513
1728,514
1730,515
1732,517
1733,518
1735,519
1737,519
1738,520
1740,521
1741,521
1743,521
1744,522
1745,522
1746,522
1748,522
1749,522
1750,521
1751,521
1752,521
1753,520
1754,520
1754,519
1755,519
1756,518
1757,518
1757,517
1758,517
1759,516
1759,516
1760,515
1760,515
1761,515
1761,514
1761,514
1762,514
1762,513
1762,513
1762,513
1763,513
1763,513
1763,513
1762,513
1762,513
1762,513
1762,514
1761,514
1761,514
1760,515
1759,515
1759,516
1758,517
1757,517
1756,518
1755,518
1754,519
1753,520
1751,520
1750,521
1749,521
1748,521
1746,521
1745,521
1744,521
1743,521
1742,520
1741,520
1740,519
1739,518
1738,516
1737,515
1736,513
1736,511
1735,509
1735,507
1734,505
1734,502
1734,500
1734,497
1734,494
1734,491
1734,488
1735,485
1735,482
1736,479
1737,476
1738,473
1739,470
1740,468
1741,465
1742,462
1743,459
1745,457
1746,454
1748,452
1750,450
1751,448
1753,446
1755,444
1757,442
1759,440
1760,439
1762,437
1764,436
1766,435
1768,434
1770,433
1771,432
1773,432
1775,431
1777,430
1778,430
1780,429
1781,429
1783,429
1784,428
1786,428
1787,427
1788,427
1790,426
1791,425
1792,424
1793,424
1794,423
1796,422
1797,420
1798,419
1799,418
1800,417
1801,416
1802,415
1802,413
1803,412
1804,411
1805,410
1806,409
1806,408
1807,407
1808,406
1808,405
1809,404
1810,404
1810,403
1811,403
1811,403
1812,402
1813,402
1813,402
1814,403
1814,403
1815,403
1815,403
1816,404
1816,404
1817,404
1817,404
1818,404
1818,404
1819,404
1819,403
1820,402
1821,402
1821,401
1822,400
1822,398
1822,397
1823,395
1823,393
1824,391
1824,389
1825,386
1825,384
1826,381
1826,378
1827,374
1828,370
1829,366
1830,362
1831,358
1833,353
1835,348
1837,342
1839,336
1841,330
1843,324
1845,318
1848,312
1850,306
1852,300
1854,295
1856,289
1858,284
1859,279
1861,274
1862,270
1862,266
1863,263
1863,260
1863,257
1863,255
1862,254
1861,252
1860,252
1859,252
1857,252
1855,252
1853,253
1851,254
1849,255
1847,257
1845,259
1842,260
1840,262
1838,264
1836,265
1834,267
1832,268
1831,270
1829,271
1828,271
1827,272
1826,272
1826,272
1825,272
1825,272
1824,271
1824,270
1824,269
1823,269
1823,268
1822,267
1821,266
1820,265
1820,265
1819,264
1817,264
1816,263
1815,263
1814,262
1812,262
1811,262
1809,262
1808,262
1806,262
1804,262
1802,262
1801,262
1799,262
1797,263
1795,264
1793,264
1790,265
1788,266
1786,267
1784,269
1782,270
1779,272
1777,273
1775,275
1773,276
1771,278
1768,280
1766,281
1764,283
1762,284
1760,285
1758,286
1756,287
1754,288
1752,288
1751,289
1749,289
1747,289
1746,288
1744,288
1743,288
1741,287
1740,286
1739,286
1738,285
1736,284
1735,284
1734,283
1733,282
1732,282
1731,281
1730,281
1729,281
1727,281
1726,281
1725,282
1724,283
1723,283
1722,284
1721,286
1720,287
1719,289
1717,291
1716,293
1715,295
1714,297
1713,299
1712,301
1711,303
1710,305
1710,308
1709,310
1708,312
1707,315
1706,317
1706,320
1705,323
1705,325
1704,328
1704,331
1703,334
1703,337
1703,340
1702,343
1702,346
1702,349
1702,352
1702,355
1702,358
1702,361
1703,364
1703,366
1704,368
1704,370
1705,372
1706,374
1707,375
1708,377
1709,378
1710,379
1711,380
1712,381
1714,381
1716,382
1717,383
1719,383
1721,383
1723,384
1725,384
1727,385
1729,385
1731,386
1733,386
1735,387
1737,388
1739,389
1741,390
1744,391
1746,393
1748,394
1750,396
1752,398
1754,400
1756,401
1758,403
1760,405
1762,407
1764,409
1765,411
1767,413
1769,415
1770,416
1772,418
1773,420
1775,421
1776,423
1777,425
1778,426
1780,428
1781,429
1782,431
1783,433
1783,434
1784,436
1785,438
1786,439
1787,441
1787,443
1788,444
1789,446
1789,448
1790,449
1791,451
1791,453
1792,454
1792,456
1793,458
1794,460
1794,462
1795,464
1795,467
1796,469
1796,471
1797,474
1797,476
1798,478
1798,481
1799,483
1799,485
1800,487
1800,489
1801,490
1802,492
1802,493
1803,495
1803,496
1804,498
1804,499
1805,500
1805,501
1806,502
1806,504
1807,505
1807,506
1808,507
1808,508
1808,509
1809,511
1809,512
1809,513
1809,515
1809,516
1809,518
1810,519
1810,520
1810,522
1810,523
1810,525
1810,527
1810,528
1810,530
1809,531
1809,533
1809,534
1809,535
1809,536
1809,537
1809,538
1809,539
1809,539
1809,540
1809,540
1809,540
1809,540
1809,540
1809,539
1809,539
1809,539
1809,538
1809,538
1809,538
1809,538
1808,537
1808,537
1808,537
1808,537
1807,537
1807,537
1807,537
1806,537
1806,537
1805,537
1805,537
1804,537
1804,538
1803,538
1802,538
1802,539
1801,539
1801,540
1800,540
1799,541
1799,541
1798,542
1797,543
1797,543
1796,544
1796,545
1795,546
1794,546
1794,547
1793,548
1793,549
1792,550
1792,551
1791,552
1791,552
1790,553
1790,554
1789,555
1789,555
1788,556
1788,556
1788,557
1787,557
1787,558
1787,558
1787,559
1786,559
1786,559
1786,560
1786,560
1786,560
1786,560
1786,560
1786,560
1786,560
1786,560
1786,560
1787,560
1787,559
1787,559
1788,558
1788,557
1788,557
1789,556
1789,555
1790,554
1790,554
1791,553
1792,552
1792,551
1793,550
1793,549
1794,548
1794,547
1795,546
1795,545
1796,544
1796,544
1797,543
1797,542
1798,541
1798,540
1799,540
1799,539
1800,538
1800,537
1801,537
1801,536
1802,535
1802,535
1803,534
1803,533
1804,533
1804,532
1805,531
1806,531
1806,530
1807,529
1807,528
1808,527
1809,526
1809,526
1810,525
1811,524
1811,523
1812,522
1813,521
1813,520
1814,519
1814,518
1815,518
1816,517
1816,516
1817,515
1817,515
1818,514
1819,513
1819,513
1820,512
1820,512
1821,511
1821,511
1822,511
1822,511
1823,510
1823,510
1824,510
1825,510
1825,509
1826,509
1826,509
1827,509
1828,509
1828,509
1829,509
1830,509
1830,510
1831,510
1832,510
1833,510
1833,510
1834,510
1835,511
1835,511
1836,511
1837,511
1838,511
1839,512
1839,512
1840,512
1841,512
1842,513
1843,513
1844,513
1844,513
1845,513
1846,514
1847,514
1848,514
1849,514
1850,514
1851,515
1852,515
1853,515
1854,515
1855,516
1856,516
1857,516
1858,517
1859,517
1860,517
1861,518
1862,518
1863,519
1864,519
1865,520
1866,521
1867,521
1868,522
1869,523
1869,524
1870,525
1871,526
1872,527
1873,527
1874,528
1875,529
1876,530
1876,531
1877,533
1878,534
1879,535
1880,536
1881,537
1882,538
1882,539
1883,540
1884,541
1885,542
1886,543
1887,544
1887,545
1888,546
1889,547
1890,548
1891,549
1892,550
1893,550
1893,551
1894,552
1895,553
1896,554
1897,555
1898,555
1899,556
1900,557
1901,558
1902,559
1903,559
1904,560
1905,561
1905,562
1906,563
1907,564
1908,565
1909,565
1910,566
1911,567
1912,568
1913,569
1914,570
1915,571
1916,572
1917,573
1918,574
1919,575
1920,576
1921,577
1922,578
1923,579
1924,579
1925,580
1927,581
1928,582
1929,582
1930,583
1931,584
1932,584
1934,585
1935,585
1936,586
1937,586
1938,587
1940,588
1941,588
1942,589
1944,589
1945,590
1946,591
1947,591
1949,592
1950,593
1951,594
1953,594
1954,595
1955,596
1957,597
1958,598
1959,599
1961,600
1962,601
1964,602
1965,603
1966,604
1968,605
1969,606
1971,607
1972,608
1974,609
1975,610
1977,611
1978,612
1980,613
1981,613
1983,614
1985,615
1986,615
1988,616
1990,617
1991,617
1993,618
1994,619
1996,620
1998,620
1999,621
2001,622
2002,623
2004,623
2005,624
2007,625
2008,626
2010,627
2011,628
2013,629
2014,630
2016,631
2017,632
2019,633
2020,634
2021,635
2023,636
2024,636
2026,637
2027,638
2029,639
2031,639
2032,640
2034,640
2035,641
2037,641
2039,641
2040,642
2042,642
2044,642
2045,642
2047,642
2049,642
2051,642
2052,642
2054,642
2056,642
2058,642
2059,642
2061,642
2063,642
2064,643
2066,643
2067,643
2069,643
2071,644
2072,644
2074,644
2075,645
2077,645
2079,646
2080,646
2082,647
2083,647
2085,648
2087,648
2088,648
2090,649
2092,649
2093,650
2095,650
2097,650
2098,651
2100,651
2102,652
2103,652
2105,653
2107,653
2108,654
2110,654
2112,655
2113,656
2115,656
2116,657
2118,657
2120,658
2121,659
2123,659
2124,660
2126,661
2128,661
2129,662
2131,663
2132,664
2134,665
2135,666
2137,666
2138,667
2140,668
2142,669
2143,669
2145,670
2146,671
2148,672
2150,672
2151,673
2153,674
2154,675
2156,675
2158,676
2159,677
2161,677
2163,678
2164,678
2166,679
2168,680
2170,680
2171,681
2173,681
2175,682
2177,682
2178,682
2180,683
2182,683
2184,683
2186,684
2187,684
2189,685
2191,685
2193,686
2194,686
2196,687
2198,687
2200,688
2201,688
2203,689
2205,690
2206,691
2208,692
2209,692
2211,693
2212,694
2214,696
2215,697
2216,698
2218,699
2219,701
2220,702
2222,703
2223,705
2224,706
2226,707
2227,709
2228,710
2229,712
2231,713
2232,714
2233,716
2234,717
2236,719
2237,720
2238,722
2239,723
2240,725
2242,726
2243,728
2244,729
2245,731
2246,732
2247,734
2248,736
2249,737
2251,739
2252,741
2253,742
2254,744
2255,746
2256,747
2257,749
2258,750
2259,752
2260,754
2261,755
2262,757
2263,758
2264,760
2265,761
2267,762
2268,764
2269,765
2270,766
2271,768
2272,769
2273,770
2274,771
2276,772
2277,773
2278,774
2279,775
2280,776
2281,777
2282,778
2283,780
2285,781
2286,782
2287,783
2288,784
2289,786
2290,787
2291,788
2291,790
2292,791
2293,792
2294,793
2295,795
2296,796
2297,797
2298,799
2299,800
2300,801
2301,802
2302,803
2303,804
2304,805
2305,806
2306,807
2307,808
2309,809
2310,810
2311,811
2312,812
2313,812
2314,813
2315,814
2316,815
2317,816
2319,816
2320,817
2321,818
2322,819
2323,820
2324,821
2325,821
2326,822
2327,823
2328,824
2329,825
2330,826
2330,827
2331,829
2332,830
2333,831
2334,832
2334,833
2335,834
2336,836
2337,837
2337,838
2338,839
2339,840
2340,842
2340,843
2341,844
2342,845
2343,846
2343,848
2344,849
2345,850
2345,851
2346,852
2347,853
2347,854
2348,856
2349,857
2349,858
2350,859
2350,860
2351,862
2351,863
2352,865
2352,866
2352,867
2353,869
2353,870
2353,872
2354,873
2354,874
2354,876
2355,877
2355,878
2355,880
2356,881
2356,882
2357,883
2357,884
2358,885
2358,885
2359,886
2360,887
2360,887
2361,887
2362,888
2363,888
2363,888
2364,888
2365,888
2366,888
2367,888
2367,888
2368,887
2369,887
2370,887
2370,887
2371,887
2371,886
2372,886
2372,886
2372,887
2373,887
2373,887
2372,888
2372,888
2372,889
2371,890
2371,891
2370,891
2369,892
2368,893
2367,894
2366,895
2365,896
2364,898
2363,899
2362,900
2361,901
2360,902
2359,903
2358,904
2357,905
2356,905
2355,906
2354,907
2352,908
2351,909
2350,910
2349,911
2348,912
2347,913
2345,915
2344,916
2343,917
2342,918
2340,919
2339,921
2338,922
2337,923
2335,925
2334,926
2333,927
2332,929
2330,930
2329,932
2328,933
2327,935
2325,936
2324,938
2323,939
2322,941
2321,942
2320,944
2319,945
2318,946
2316,948
2315,949
2314,951
2313,952
2312,954
2312,955
2311,957
2310,958
2309,959
2308,961
2307,962
2307,963
2306,965
2305,966
2305,967
2304,969
2303,970
2303,971
2303,972
2302,974
2302,975
2302,976
2302,977
2301,978
2301,980
2301,981
2301,982
2301,984
2301,985
2301,987
2302,988
2302,990
2301,992
2301,994
2301,997
2301,999
2301,1002
2301,1005
2300,1008
2300,1011
2300,1014
2299,1017
2299,1021
2299,1024
2298,1028
2298,1032
2297,1036
2297,1040
2296,1044
2296,1048
2296,1052
2295,1056
2295,1060
2295,1064
2295,1068
2294,1072
2294,1076
2294,1080
2294,1084
2294,1088
2294,1092
2294,1096
2294,1100
2294,1104
2295,1109
2295,1113
2295,1117
2295,1121
2296,1125
2296,1129
2297,1133
2297,1137
2297,1142
2298,1146
2298,1150
2299,1154
2299,1159
2300,1163
2300,1167
2301,1171
2301,1176
2302,1180
2303,1184
2303,1188
2304,1192
2304,1196
2305,1201
2306,1205
2307,1209
2307,1213
2308,1217
2309,1221
2310,1225
2310,1229
2311,1233
2312,1236
2313,1240
2314,1244
2315,1247
2316,1251
2317,1254
2318,1257
2319,1261
2319,1264
2320,1267
2321,1270
2322,1273
2323,1277
2323,1280
2324,1283
2325,1286
2325,1289
2326,1292
2326,1295
2327,1298
2327,1301
2327,1304
2327,1307
2327,1309
2327,1312
2327,1315
2327,1318
2327,1321
2327,1324
2327,1327
2326,1330
2326,1333
2325,1336
2325,1339
2324,1342
2323,1346
2323,1349
2322,1352
2322,1355
2321,1358
2320,1362
2320,1365
2319,1368
2319,1372
2318,1375
2318,1379
2318,1382
2317,1386
2317,1389
2317,1393
2317,1396
2317,1400
2318,1403
2318,1407
2318,1411
2319,1414
2319,1418
2320,1421
2320,1425
2321,1428
2322,1432
2323,1435
2323,1439
2324,1442
2325,1446
2325,1449
2326,1453
2326,1456
2326,1460
2326,1463
2326,1467
2326,1470
2326,1474
2325,1478
2325,1481
2324,1485
2323,1489
2322,1492
2321,1496
2320,1500
2318,1503
2317,1507
2316,1511
2314,1514
2312,1518
2311,1521
2309,1525
2308,1528
2307,1531
2305,1534
2304,1537
2303,1540
2302,1542
2302,1544
2301,1547
2301,1549
2301,1551
2302,1552
2302,1554
2303,1555
2304,1556
2305,1557
2306,1558
2308,1559
2310,1560
2312,1561
2314,1562
2316,1562
2318,1563
2321,1564
2324,1565
2326,1565
2329,1566
2332,1567
2335,1568
2337,1570
2340,1571
2343,1573
2345,1575
2348,1577
2350,1579
2352,1581
2354,1584
2356,1587
2358,1590
2360,1593
2361,1596
2362,1600
2363,1603
2363,1607
2364,1611
2364,1615
2364,1619
2364,1623
2363,1628
2362,1632
2362,1636
2360,1640
2359,1645
2358,1649
2356,1653
2355,1657
2353,1661
2351,1665
2349,1669
2346,1673
2344,1676
2342,1680
2339,1683
2336,1686
2334,1689
2331,1692
2328,1695
2326,1698
2323,1700
2320,1702
2317,1705
2314,1707
2311,1709
2308,1710
2305,1712
2303,1714
2300,1715
2297,1717
2294,1718
2291,1719
2288,1720
2285,1721
2282,1722
2279,1723
2276,1724
2273,1725
2271,1725
2268,1726
2265,1727
2263,1727
2260,1727
2257,1728
2255,1728
2253,1728
2250,1728
2248,1728
2246,1728
2244,1728
2242,1727
2240,1727
2238,1727
2236,1726
2234,1726
2233,1725
2231,1724
2229,1724
2228,1723
2226,1722
2225,1722
2223,1721
2221,1720
2220,1719
2218,1719
2217,1718
2215,1717
2214,1716
2212,1715
2211,1714
2209,1714
2208,1713
2206,1712
2205,1711
2203,1710
2202,1709
2201,1708
2199,1707
2198,1705
2197,1704
2196,1703
2194,1701
2193,1700
2192,1698
2191,1697
2191,1695
2190,1693
2189,1691
2188,1690
2188,1688
2187,1685
2187,1683
2186,1681
2186,1679
2186,1677
2185,1675
2185,1672
2185,1670
2184,1668
2184,1666
2184,1664
2183,1661
2183,1659
2183,1657
2182,1655
2181,1653
2181,1651
2180,1649
2180,1648
2179,1646
2178,1644
2177,1642
2176,1641
2176,1639
2175,1637
2174,1636
2173,1634
2172,1633
2171,1631
2170,1629
2169,1628
2168,1626
2167,1625
2166,1623
2165,1622
2164,1620
2163,1618
2162,1617
2160,1615
2159,1614
2158,1612
2157,1610
2156,1609
2155,1607
2154,1606
2153,1604
2152,1602
2150,1601
2149,1599
2148,1598
2147,1596
2146,1594
2145,1593
2144,1591
2142,1589
2141,1588
2140,1586
2139,1585
2137,1583
2136,1582
2135,1580
2134,1578
2132,1577
2131,1575
2130,1573
2128,1572
2127,1570
2126,1568
2124,1567
2123,1565
2122,1563
2120,1561
2119,1560
2118,1558
2116,1556
2115,1554
2113,1552
2112,1550
2111,1548
2109,1546
2108,1544
2106,1543
2105,1541
2103,1539
2102,1537
2100,1534
2099,1532
2097,1530
2096,1528
2094,1526
2092,1524
2091,1522
2089,1520
2087,1518
2086,1516
2084,1514
2082,1512
2081,1510
2079,1508
2077,1506
2076,1504
2074,1502
2072,1500
2070,1497
2068,1495
2067,1493
2065,1491
2063,1489
2061,1487
2059,1485
2058,1483
2056,1481
2054,1479
2052,1477
2050,1475
2049,1473
2047,1471
2045,1469
2043,1467
2042,1465
2040,1463
2038,1461
2037,1459
2035,1457
2033,1455
2032,1452
2030,1450
2028,1448
2027,1446
2025,1444
2024,1442
2022,1440
2020,1437
2019,1435
2017,1433
2015,1432
2013,1430
2012,1428
2010,1426
2008,1424
2006,1423
2004,1421
2002,1419
2000,1418
1998,1416
1996,1415
1994,1413
1992,1412
1990,1410
1988,1409
1986,1407
1984,1405
1982,1404
1980,1402
1977,1400
1975,1398
1973,1396
1971,1394
1969,1392
1967,1390
1965,1387
1963,1385
1961,1383
1959,1380
1957,1377
1955,1375
1953,1372
1952,1369
1950,1366
1948,1364
1946,1361
1944,1358
1942,1355
1940,1352
1938,1350
1937,1347
1935,1344
1933,1342
1931,1339
1929,1336
1928,1334
1926,1332
1924,1329
1922,1327
1920,1324
1919,1322
1917,1320
1915,1317
1913,1315
1911,1313
1910,1311
1908,1309
1906,1307
1904,1305
1902,1303
1900,1301
1898,1299
1896,1297
1894,1295
1892,1293
1890,1291
1888,1289
1886,1287
1884,1285
1882,1283
1880,1281
1878,1279
1876,1277
1874,1275
1872,1272
1870,1270
1869,1268
1867,1266
1865,1264
1864,1261
1862,1259
1861,1257
1859,1254
1858,1252
1857,1250
1855,1247
1854,1245
1853,1243
1852,1240
1850,1238
1849,1236
1848,1234
1847,1232
1846,1229
1845,1227
1844,1225
1842,1223
1841,1221
1840,1219
1839,1217
1838,1215
1837,1213
1836,1211
1835,1209
1834,1207
1833,1205
1832,1203
1831,1201
1831,1199
1830,1197
1829,1195
1828,1192
1827,1190
1827,1188
1826,1186
1825,1184
1824,1182
1823,1180
1823,1178
1822,1176
1821,1174
1820,1172
1819,1170
1818,1168
1818,1166
1817,1165
1816,1163
1815,1161
1814,1160
1813,1158
1812,1156
1811,1155
1810,1153
1809,1152
1808,1150
1807,1149
1806,1147
1805,1146
1804,1145
1803,1143
1802,1142
1801,1140
1800,1139
1799,1138
1798,1136
1797,1135
1796,1133
1795,1132
1794,1130
1793,1128
1792,1127
1791,1125
1790,1123
1789,1122
1788,1120
1788,1119
1787,1117
1786,1115
1785,1114
1784,1112
1783,1111
1782,1109
1781,1108
1781,1106
1780,1104
1779,1103
1778,1101
1777,1100
1776,1098
1775,1096
1775,1095
1774,1093
1773,1091
1772,1089
1771,1088
1770,1086
1770,1084
1769,1082
1768,1080
1767,1078
1766,1076
1766,1074
1765,1072
1764,1070
1764,1068
1763,1065
1762,1063
1762,1061
1761,1058
1760,1055
1760,1053
1759,1050
1759,1047
1758,1044
1758,1041
1758,1038
1757,1036
1757,1033
1756,1030
1756,1027
1755,1024
1755,1021
1754,1018
1754,1015
1753,1012
1752,1010
1752,1007
1751,1004
1750,1002
1749,999
1749,997
1748,995
1747,992
1746,990
1745,988
1744,985
1742,983
1741,981
1740,978
1739,976
1737,973
1736,971
1735,969
1733,966
1732,963
1730,961
1729,958
1727,956
1725,953
1723,950
1722,948
1720,945
1718,942
1716,939
1714,936
1712,934
1710,931
1708,928
1705,926
1703,923
1701,921
1698,918
1696,916
1694,914
1691,912
1689,909
1686,907
1684,906
1681,904
1678,902
1676,900
1673,898
1671,896
1668,895
1666,893
1664,891
1661,889
1659,887
1657,885
1654,883
1652,880
1650,878
1648,876
1646,873
1644,871
1642,868
1640,866
1639,863
1637,860
1635,858
1634,855
1632,852
1631,849
1629,846
1628,843
1626,840
1625,838
1624,835
1623,832
1621,829
1620,826
1619,823
1618,820
1617,817
1616,815
1615,812
1614,809
1614,806
1613,804
1612,801
1611,798
1610,795
1610,793
1609,790
1609,787
1608,784
1607,781
1607,778
1606,775
1606,772
1606,769
1605,766
1605,763
1605,760
1604,757
1604,754
1604,751
1603,748
1603,745
1603,742
1603,739
1603,736
1603,733
1602,731
1602,728
1602,726
1602,723
1602,720
1602,718
1602,715
1602,713
1602,710
1602,708
1602,705
1602,702
1602,700
1602,697
1602,694
1602,691
1602,688
1602,686
1602,683
1602,680
1602,677
1603,674
1603,671
1603,669
1603,666
1603,663
1603,660
1603,657
1603,655
1604,652
1604,650
1604,647
1604,645
1604,642
1604,640
1604,638
1604,636
1604,634
1604,632
1604,630
1604,629
1604,627
1604,625
1603,624
1603,622
1603,621
1603,619
1603,618
1603,616
1603,614
1603,613
1602,611
1602,609
1602,607
1602,605
1602,603
1602,601
1601,599
1601,597
1601,595
1601,593
1600,591
1600,589
1600,587
1600,585
1599,582
1599,580
1599,578
1599,576
1598,573
1598,571
1598,569
1597,567
1597,564
1596,562
1596,560
1596,558
1595,556
1595,554
1594,552
1594,551
1593,549
1593,547
1592,546
1592,544
1591,543
1591,541
1590,540
1590,538
1589,537
1589,535
1588,534
1588,532
1587,531
1587,529
1587,528
1586,526
1586,524
1585,522
1585,521
1584,519
1584,517
1583,515
1583,513
1582,512
1582,510
1581,508
1581,507
1580,505
1580,503
1579,502
1579,500
1579,499
1578,497
1578,495
1577,494
1577,492
1576,491
1576,489
1575,488
1575,486
1574,485
1574,483
1573,482
1572,481
1572,479
1571,478
1571,477
1570,476
1570,474
1569,473
1569,472
1568,471
1568,469
1567,468
1567,467
1566,465
1566,464
1565,462
1565,461
1564,459
1563,458
1563,456
1562,455
1562,453
1561,452
1561,450
1560,449
1560,448
1559,446
1559,445
1558,444
1557,443
1557,442
1556,441
1556,441
1556,440
1555,439
1555,439
1554,438
1554,438
1554,437
1553,437
1553,437
1553,436
1553,436
1552,435
1552,435
1552,434
1552,433
1552,433
1552,432
1552,431
1552,429
1553,428
1553,427
1553,425
1553,423
1553,422
1554,420
1554,418
1554,416
1554,414
1555,411
1555,409
1555,407
1556,405
1556,403
1556,401
1556,399
1556,397
1557,396
1557,394
1557,393
1557,392
1557,391
1557,390
1557,389
1558,389
1558,388
1558,388
1558,388
1558,388
1558,388
1558,388
1558,388
1559,388
1559,389
1559,389
1559,389
1559,390
1560,390
1560,391
1560,391
1561,391
1561,392
1562,392
1562,393
1563,394
1563,394
1564,395
1564,395
1565,396
1566,396
1566,397
1567,397
1567,398
1568,398
1569,398
1570,399
1570,399
1571,400
1572,401
1572,401
1573,402
1574,403
1574,403
1575,404
1576,405
1576,406
1577,407
1577,408
1578,409
1578,410
1579,412
1579,413
1580,414
1580,415
1581,416
1581,417
1581,419
1581,420
1582,421
1582,422
1582,423
1582,425
1582,426
1582,427
1582,429
1581,430
1581,431
1580,433
1580,434
1579,436
1578,437
1578,439
1577,441
1576,443
1575,444
1573,446
1572,448
1570,450
1569,452
1567,454
1565,456
1564,458
1562,460
1559,463
1557,465
1555,467
1552,469
1550,471
1547,473
1544,475
1542,477
1539,479
1536,480
1533,482
1529,484
1526,486
1523,487
1519,489
1516,490
1512,492
1508,493
1505,495
1501,497
1497,498
1493,500
1489,501
1485,503
1481,505
1477,506
1473,508
1468,510
1464,512
1460,513
1456,515
1451,517
1447,519
1442,521
1438,523
1434,525
1429,527
1425,529
1421,531
1416,533
1412,535
1407,537
1403,539
1399,541
1394,543
1390,546
1386,548
1382,550
1377,552
1373,554
1369,556
1365,558
1360,560
1356,562
1352,564
1348,566
1344,568
1340,570
1336,572
1332,574
1328,576
1324,577
1320,579
1316,581
1312,582
1308,584
1305,585
1301,587
1297,588
1293,589
1290,590
1286,591
1283,592
1279,593
1276,594
1272,594
1269,595
1265,596
1262,596
1259,597
1256,597
1252,597
1249,598
1246,598
1243,599
1240,599
1237,599
1234,600
1231,600
1229,601
1226,601
1223,602
1220,602
1218,603
1215,603
1213,604
1210,604
1208,605
1206,605
1203,606
1201,606
1199,606
1197,607
1195,607
1193,607
1191,607
1189,608
1187,608
1185,608
1183,608
1181,608
1179,609
1177,609
1176,609
1174,609
1172,610
1170,610
1169,611
1167,611
1165,611
1164,612
1162,612
1160,613
1159,614
1157,614
1156,615
1154,616
1152,617
1151,617
1149,618
1148,619
1146,620
1145,621
1143,622
1142,623
1140,624
1139,626
1137,627
1136,628
1135,629
1133,629
1132,630
1130,631
1129,632
1127,633
1126,634
1125,634
1123,635
1122,636
1121,636
1119,637
1118,638
1117,638
1115,639
1114,640
1113,640
1112,641
1111,642
1109,642
1108,643
1107,644
1106,644
1105,645
1104,645
1103,646
1102,647
1101,647
1100,648
1099,649
1099,649
1098,650
1097,651
1096,651
1095,652
1095,653
1094,654
1093,654
1093,655
1092,656
1092,657
1091,658
1091,659
1090,659
1090,660
1089,661
1089,662
1088,663
1088,664
1087,664
1087,665
1087,666
1086,666
1086,667
1085,668
1085,668
1085,669
1084,669
1084,669
1083,670
1083,670
1083,670
1082,671
1082,671
1081,671
1081,672
1081,672
1080,672
1080,673
1079,673
1079,674
1079,674
1078,674
1078,675
1077,675
1077,676
1077,677
1076,677
1076,678
1076,678
1076,679
1075,679
1075,680
1075,680
1074,680
1074,680
1074,680
1073,680
1073,680
1073,679
1072,679
1072,678
1071,678
1071,677
1071,676
1070,675
1070,675
1069,674
1069,673
1068,672
1068,671
1067,670
1066,669
1066,669
1065,668
1065,667
1064,667
1064,667
1063,666
1062,666
1062,666
1061,666
1061,665
1060,665
1060,665
1059,665
1058,665
1058,666
1057,666
1057,666
1056,666
1056,666
1055,666
1054,666
1054,665
1053,665
1053,665
1052,665
1051,664
1051,664
1050,663
1049,663
1049,662
1048,662
1047,661
1046,660
1046,660
1045,659
1044,659
1044,658
1043,657
1042,657
1041,656
1041,656
1040,655
1039,655
1038,655
1038,654
1037,654
1036,654
1036,654
1035,654
1035,654
1034,654
1033,654
1033,655
1032,655
1032,655
1031,656
1031,656
1030,656
1030,656
1029,657
1029,657
1028,657
1028,657
1027,657
1026,657
1026,656
1025,656
1025,656
1024,655
1024,655
1023,654
1022,653
1022,653
1021,652
1020,651
1020,650
1019,650
1019,649
1018,648
1018,648
1017,647
1016,647
1016,647
1015,646
1015,646
1015,646
1014,646
1014,646
1013,646
1013,646
1013,646
1012,646
1012,646
1012,646
1012,646
1011,646
1011,646
1011,647
1011,647
1011,647
1011,647
1010,647
1010,647
1010,647
1010,647
1010,647
1010,647
1010,647
1010,647
1010,647
1010,647
1010,647
1010,647
1010,647
1010,647
1011,647
1011,647
1011,648
1011,648
1011,648
1011,648
1011,648
1011,649
1011,649
1011,649
1011,649
1011,650
1011,650
1011,650
1011,650
1011,651
1011,651
1011,651
1011,652
1011,652
1011,652
1011,653
1011,653
1011,654
1010,654
1010,654
1010,655
1010,655
1010,655
1010,656
1009,656
1009,656
1009,657
1009,657
1008,657
1008,657
1008,657
1008,657
1007,657
1007,657
1006,657
1006,657
1005,657
1005,657
1004,656
1004,656
1003,656
1003,656
1002,655
1002,655
1001,655
1000,654
1000,654
999,654
998,654
997,654
996,654
996,653
995,653
994,653
993,653
992,653
991,652
990,652
989,652
989,652
988,652
987,652
986,652
985,652
984,652
983,653
982,653
981,653
980,654
979,654
978,655
978,655
977,656
976,657
975,657
974,658
974,658
973,659
972,659
971,659
971,660
970,660
969,660
968,660
968,660
967,660
966,660
965,660
965,659
964,659
963,658
962,657
962,656
961,656
960,654
959,653
959,652
958,651
957,649
956,648
955,646
955,645
954,643
953,642
952,641
952,639
951,638
950,637
949,635
949,634
948,633
947,631
947,630
946,628
945,626
945,625
944,623
943,621
942,619
942,617
941,615
940,613
939,611
939,608
938,606
937,603
936,601
935,598
935,595
934,593
933,590
932,587
931,584
930,581
929,578
928,575
927,572
926,569
925,566
924,563
923,559
922,556
921,553
920,550
918,547
917,543
916,540
915,537
914,534
912,530
911,527
910,524
908,521
907,518
906,514
904,511
903,508
902,505
900,502
899,499
897,496
896,493
894,490
893,487
891,484
889,481
888,478
886,475
884,472
883,470
881,467
879,464
878,462
876,459
874,457
872,454
871,452
869,450
867,447
865,445
864,443
862,440
860,438
858,435
856,433
855,431
853,428
851,426
849,424
847,421
846,419
844,417
842,414
840,412
839,410
837,408
835,406
834,403
832,401
830,399
829,398
827,396
826,394
824,392
822,390
821,388
819,387
818,385
816,383
815,382
813,380
811,378
810,376
808,375
806,373
805,371
803,369
802,368
800,366
798,364
797,363
795,361
793,360
792,358
790,357
788,356
787,354
785,353
783,352
782,351
780,351
778,350
777,349
775,349
774,349
772,349
771,349
769,350
768,350
766,351
765,351
764,352
763,353
761,354
760,356
759,357
758,359
757,360
756,362
755,363
754,365
753,366
752,368
751,370
750,371
749,373
748,375
747,376
746,378
745,380
744,382
743,384
742,385
742,387
741,389
740,391
739,393
738,395
738,397
737,399
736,401
736,402
735,404
734,406
733,408
733,410
732,411
731,413
731,415
730,417
730,419
729,420
728,422
728,424
727,425
727,427
726,429
726,431
725,432
725,434
725,436
724,438
724,440
724,442
723,443
723,445
723,447
722,449
722,451
722,453
722,455
721,457
721,459
721,461
721,463
720,465
720,467
720,469
720,471
719,473
719,475
719,477
719,479
718,480
718,482
718,484
717,486
717,488
717,490
716,491
716,493
716,495
715,497
715,498
714,500
714,502
714,503
713,505
713,507
712,508
712,510
711,512
711,513
710,515
710,517
709,518
709,520
709,521
708,523
708,525
707,526
707,528
706,529
705,531
705,532
704,533
704,535
703,536
702,537
702,539
701,540
701,541
700,543
699,544
699,545
698,547
697,548
697,549
696,551
696,552
695,553
694,555
694,556
693,558
693,559
692,561
692,562
691,564
690,565
690,567
689,568
689,569
688,571
688,572
687,574
687,576
687,577
686,579
686,580
686,582
685,584
685,586
685,587
684,589
684,591
684,592
684,594
684,596
684,597
684,599
684,601
684,602
684,604
684,605
684,606
684,608
684,609
684,610
684,612
684,613
684,614
684,615
684,616
685,617
685,618
685,619
685,620
685,621
686,622
686,623
686,624
687,626
687,627
688,628
688,630
688,631
689,633
690,634
690,636
691,637
691,638
692,640
692,641
693,643
694,644
694,645
695,646
696,648
696,649
697,649
698,650
698,651
699,652
700,652
700,653
701,653
702,654
702,654
703,654
704,655
704,655
705,655
706,655
706,655
707,655
708,656
709,656
710,656
710,656
711,657
712,657
713,657
714,657
715,658
716,658
716,658
717,658
718,658
719,658
720,658
720,658
721,659
722,659
723,659
724,658
724,658
725,658
726,658
727,658
727,658
728,658
729,658
729,658
730,658
731,657
732,657
732,657
733,657
734,657
734,657
735,657
736,657
737,657
737,656
738,656
739,656
739,656
740,656
741,656
742,655
742,655
743,655
744,654
744,654
745,653
745,653
746,652
746,651
747,651
747,650
748,649
748,648
749,647
749,646
749,645
749,644
750,643
750,642
750,641
750,640
750,638
750,637
750,636
750,635
750,633
750,632
750,631
749,631
749,630
749,629
749,629
749,628
749,628
749,628
749,627
749,627
749,627
749,626
748,626
748,625
748,625
748,624
747,624
747,623
747,622
746,622
746,621
745,620
744,619
744,618
743,616
742,615
742,614
741,613
740,612
740,611
739,610
739,610
738,609
737,608
737,607
736,607
736,606
735,606
735,606
734,605
734,605
733,605
733,605
732,605
732,605
732,605
731,605
731,605
730,604
730,604
729,604
729,604
728,603
728,603
727,603
727,602
726,602
726,602
725,601
725,601
724,601
724,601
724,601
723,601
723,602
723,602
722,602
722,603
722,603
722,604
721,605
721,606
721,607
721,608
721,609
721,610
720,611
720,612
720,613
720,614
720,615
719,616
719,617
719,618
718,619
718,620
718,621
717,622
717,623
717,624
716,625
716,626
716,628
715,629
715,630
714,631
714,633
713,634
713,635
713,637
712,638
712,640
711,641
711,643
710,644
710,645
709,647
709,648
708,650
708,651
707,653
706,654
706,655
705,656
704,657
704,659
703,660
702,661
701,662
701,663
700,663
699,664
698,665
697,666
696,666
695,667
694,668
693,669
692,669
691,670
690,671
689,671
688,672
687,673
686,673
685,674
684,675
683,675
682,676
681,677
680,678
679,678
678,679
677,680
676,681
675,682
674,683
674,684
673,685
672,686
671,687
670,689
669,690
668,691
667,692
666,693
665,695
664,696
663,697
662,698
661,699
660,700
659,701
657,702
656,703
655,704
654,705
653,706
652,707
651,708
649,709
648,710
647,711
646,711
645,712
643,713
642,713
641,714
640,714
638,714
637,714
636,715
634,715
633,715
632,715
630,715
629,715
628,715
627,714
625,714
624,714
623,714
622,715
621,715
620,715
619,715
618,715
617,715
616,715
615,715
614,715
613,716
612,716
611,716
610,716
609,716
608,716
607,716
606,716
606,716
605,716
604,716
603,716
602,716
601,716
600,716
599,716
598,716
597,715
596,715
595,715
594,714
592,713
591,713
590,712
589,711
588,711
586,710
585,709
584,709
583,708
581,707
580,707
579,706
577,705
576,705
575,704
574,704
572,703
571,703
570,702
568,702
567,701
566,701
564,700
563,700
562,699
561,699
559,698
558,698
557,698
556,697
555,697
554,697
553,697
552,697
551,696
550,696
549,696
548,696
548,695
547,695
546,695
545,694
545,694
544,694
543,693
543,693
542,692
542,692
542,691
541,691
541,691
541,690
541,690
541,689
541,689
541,688
542,688
542,687
542,687
543,686
543,685
544,685
545,684
545,683
546,682
547,682
548,681
549,680
551,679
552,679
554,678
555,677
557,677
559,676
561,675
563,675
565,674
567,673
569,672
571,672
574,671
576,670
579,669
582,668
584,667
587,666
590,665
593,664
596,663
599,662
602,660
605,659
608,658
611,656
614,654
617,653
621,651
624,649
627,647
630,645
633,643
637,640
640,638
643,636
647,633
650,631
653,628
656,625
660,623
663,620
666,617
669,614
673,611
676,609
679,606
683,603
686,600
689,597
693,594
696,591
699,588
703,585
706,583
710,580
713,577
716,574
720,572
723,569
727,567
730,564
734,562
738,559
741,557
745,555
748,552
752,550
756,548
759,546
763,544
767,542
771,541
774,539
778,537
782,536
786,534
790,532
793,531
797,529
801,528
805,526
809,525
813,523
816,522
820,520
824,519
828,517
832,515
836,514
840,512
844,510
848,508
852,506
855,504
859,502
863,501
867,499
871,497
875,495
879,493
883,491
887,489
891,487
895,485
899,483
902,481
906,479
910,477
914,475
918,474
922,472
926,470
930,468
934,466
938,465
942,463
946,461
950,460
954,458
958,457
962,456
965,454
969,453
973,452
977,451
981,450
985,449
989,448
993,447
997,447
1001,446
1005,446
1009,446
1013,446
1017,446
1021,446
1025,446
1029,447
1033,448
1037,448
1041,449
1045,450
1048,451
1052,451
1056,452
1060,453
1064,453
1068,454
1071,454
1075,454
1079,454
1083,454
1086,453
1090,453
1093,452
1097,450
1100,449
1104,448
1107,446
1110,444
1114,442
1117,440
1120,438
1124,436
1127,434
1130,431
1133,429
1137,427
1140,424
1143,422
1146,419
1150,417
1153,415
1156,412
1160,410
1163,408
1166,406
1170,404
1173,402
1177,400
1180,398
1183,396
1187,394
1190,391
1194,389
1197,387
1200,385
1204,383
1207,381
1211,379
1214,377
1217,375
1221,373
1224,371
1227,369
1231,367
1234,365
1237,363
1241,361
1244,359
1247,357
1250,356
1253,354
1256,352
1259,351
1262,349
1265,347
1268,346
1271,344
1274,342
1276,340
1279,338
1282,336
1284,334
1287,332
1289,329
1292,327
1294,324
1296,321
1299,318
1301,315
1303,312
1305,309
1307,306
1309,302
1311,299
1313,295
1315,292
1317,289
1319,285
1321,282
1323,278
1325,275
1326,271
1328,268
1330,264
1332,261
1333,258
1335,254
1337,251
1338,248
1340,244
1342,241
1343,238
1345,235
1347,232
1348,229
1350,226
1352,223
1353,220
1355,217
1356,214
1358,211
1359,209
1361,206
1363,203
1364,200
1366,198
1367,195
1369,192
1370,189
1372,187
1373,184
1374,181
1376,179
1377,176
1378,174
1380,171
1381,168
1382,166
1383,163
1384,160
1385,157
1386,155
1387,152
1388,149
1389,146
1390,143
1391,140
1392,137
1392,134
1393,131
1394,128
1395,126
1395,123
1396,120
1396,117
1397,114
1397,112
1398,109
1398,107
1398,104
1399,101
1399,99
1399,96
1399,93
1399,91
1399,88
1399,85
1399,83
1399,80
1399,77
1399,74
1399,72
1399,69
1399,66
1398,63
1398,61
1398,58
1397,55
1397,52
1397,50
1397,47
1396,45
1396,42
1396,40
1395,38
1395,36
1395,34
1395,32
1394,30
1394,28
1394,27
1394,26
1394,24
1393,23
1393,22
1393,21
1393,21
1393,20
1393,19
1393,18
1393,18
1392,18
1392,17
1392,18
1392,18
1392,18
1392,19
1392,20
1392,21
1392,22
1392,23
1392,25
1392,26
1392,28
1392,30
1392,32
1392,34
1392,35
1392,37
1393,39
1393,41
1393,43
1393,45
1393,46
1393,48
1394,50
1394,51
1394,52
1394,53
1395,54
1395,54
1395,55
1396,54
1396,54
1397,53
1397,52
1398,50
1399,48
1400,47
1400,44
1401,42
1402,40
1403,37
1404,34
1405,32
1406,29
1407,26
1409,24
1410,21
1411,18
1412,16
1413,13
1414,10
1416,8
1417,5
1418,2
1419,0
1420,-2
1421,-4
1423,-6
1424,-9
1425,-11
1426,-13
1427,-15
1429,-17
1430,-19
1431,-20
1432,-22
1433,-24
1434,-25
1436,-26
1437,-27
1438,-27
1439,-28
1440,-28
1441,-28
1443,-28
1444,-28
1445,-28
1446,-27
1447,-26
1448,-24
1449,-22
1449,-19
1450,-15
1451,-10
1451,-5
1451,0
1452,7
1452,15
1452,23
1452,32
1452,41
1452,50
1452,59
1452,67
1452,76
1452,84
1452,91
1453,98
1453,104
1454,109
1454,113
1455,116
1456,119
1457,120
1458,121
1459,121
1461,119
1462,117
1464,114
1466,110
1468,105
1470,100
1472,94
1474,87
1477,80
1479,73
1482,65
1484,57
1486,49
1489,41
1491,33
1494,25
1496,18
1498,12
1500,6
1503,0
1505,-3
1507,-7
1508,-11
1510,-14
1512,-16
1514,-18
1516,-20
1517,-21
1519,-23
1521,-24
1523,-25
1524,-26
1526,-27
1528,-28
1530,-28
1531,-28
1533,-28
1535,-28
1537,-28
1538,-27
1540,-27
1542,-26
1544,-26
1545,-25
1547,-24
1549,-24
1551,-23
1552,-23
1554,-22
1556,-22
1558,-22
1560,-22
1561,-22
1563,-22
1565,-22
1567,-22
1569,-22
1570,-23
1572,-23
1574,-23
1576,-23
1577,-23
1579,-23
1581,-23
1583,-23
1584,-23
1586,-23
1588,-22
1589,-22
1591,-21
1593,-20
1594,-20
1596,-19
1598,-18
1600,-17
1601,-17
1603,-16
1605,-15
1606,-14
1608,-14
1610,-13
1612,-12
1614,-11
1615,-10
1617,-9
1619,-9
1621,-8
1623,-7
1625,-5
1627,-4
1629,-3
1631,-2
1634,0
1636,0
1638,1
1640,3
1643,4
1645,6
1648,7
1650,9
1653,10
1655,12
1658,13
1661,15
1663,16
1666,18
1669,19
1672,21
1675,22
1678,23
1681,25
1684,26
1687,28
1690,29
1694,31
1697,32
1700,33
1704,35
1707,36
1710,38
1714,40
1717,42
1721,43
1724,45
1728,47
1731,49
1735,52
1738,54
1742,56
1746,59
1749,61
1753,64
1757,66
1760,69
1764,72
1768,75
1771,77
1775,80
1779,83
1783,86
1787,89
1790,93
1794,96
1798,99
1802,102
1806,105
1810,108
1813,112
1817,115
1821,118
1825,122
1829,125
1833,129
1836,132
1840,136
1844,139
1848,143
1852,147
1855,151
1859,155
1863,158
1867,162
1870,166
1874,170
1878,174
1882,178
1885,182
1889,186
1893,190
1897,194
1900,197
1904,201
1908,205
1912,208
1915,211
1919,215
1923,218
1927,221
1931,224
1934,228
1938,231
1942,234
1946,236
1950,239
1954,242
1957,245
1961,248
1965,250
1969,253
1973,256
1977,259
1980,262
1984,265
1988,268
1991,271
1995,274
1999,277
2002,280
2006,283
2010,286
2013,288
2017,291
2021,294
2024,297
2028,300
2031,303
2035,305
2039,308
2042,310
2046,312
2050,315
2053,317
2057,319
2060,321
2064,323
2068,324
2071,326
2075,328
2078,330
2082,331
2085,333
2088,334
2092,336
2095,338
2098,339
2101,341
2105,343
2108,345
2110,346
2113,348
2116,350
2119,352
2121,354
2124,356
2126,358
2129,360
2131,362
2133,365
2135,367
2137,369
2139,371
2141,372
2143,374
2145,376
2147,378
2148,380
2150,382
2152,384
2153,385
2154,387
2156,389
2157,390
2158,392
2160,393
2161,395
2162,396
2163,397
2164,399
2165,400
2165,401
2166,403
2167,404
2167,405
2168,407
2168,408
2169,409
2169,411
2170,412
2170,414
2170,415
2170,417
2170,418
2170,420
2170,422
2170,423
2170,424
2170,426
2170,427
2170,429
2170,430
2169,431
2169,432
2169,434
2168,435
2168,436
2167,437
2167,439
2166,440
2165,442
2165,443
2164,444
2163,446
2162,447
2161,449
2160,451
2159,452
2158,454
2157,455
2156,457
2155,459
2153,460
2152,462
2150,464
2149,466
2148,468
2146,470
2145,471
2143,473
2141,475
2140,477
2138,479
2137,480
2135,482
2134,483
2132,485
2131,486
2129,487
2128,488
2126,490
2125,490
2123,491
2122,492
2121,493
2119,494
2118,495
2117,495
2115,496
2114,497
2113,498
2111,499
2110,500
2108,501
2107,501
2106,502
2104,503
2103,504
2102,504
2100,505
2099,506
2098,507
2097,507
2095,508
2094,509
2093,509
2091,510
2090,510
2089,511
2087,512
2086,512
2084,513
2083,514
2082,515
2080,515
2079,516
2077,517
2076,517
2074,518
2073,518
2072,519
2070,520
2069,520
2067,521
2066,521
2064,522
2063,523
2061,523
2060,524
2058,525
2057,525
2055,526
2054,527
2052,527
2051,528
2049,529
2047,530
2046,530
2044,531
2043,532
2041,532
2039,533
2038,533
2036,534
2034,535
2033,535
2031,536
2030,537
2028,537
2026,538
2024,539
2023,539
2021,540
2019,540
2018,541
2016,542
2014,542
2013,543
2011,543
2009,544
2008,544
2006,544
2004,545
2003,545
2001,545
2000,546
1998,546
1996,546
1995,547
1993,547
1991,547
1990,548
1988,548
1987,548
1985,549
1983,549
1982,550
1980,551
1979,551
1977,552
1975,553
1973,554
1972,555
1970,556
1968,557
1967,558
1965,560
1963,561
1962,562
1960,563
1959,564
1957,565
1955,565
1954,566
1952,567
1951,568
1950,568
1948,569
1947,569
1945,570
1944,570
1942,571
1941,571
1940,572
1938,572
1937,573
1935,573
1934,574
1932,574
1931,575
1930,575
1928,576
1927,576
1925,577
1924,577
1923,578
1921,578
1920,579
1919,579
1917,579
1916,580
1915,580
1913,581
1912,581
1911,582
1909,582
1908,582
1907,583
1905,583
1904,584
1903,584
1902,585
1900,585
1899,586
1898,586
1896,587
1895,588
1893,588
1892,589
1891,590
1889,591
1888,592
1886,593
1885,594
1883,595
1882,596
1880,597
1878,598
1877,600
1875,601
1873,602
1872,603
1870,605
1868,606
1867,607
1865,609
1863,610
1861,611
1860,613
1858,615
1856,616
1854,618
1852,620
1850,621
1848,623
1846,625
1844,627
1842,629
1840,631
1838,633
1836,635
1834,637
1832,640
1830,642
1828,644
1826,646
1824,648
1822,650
1820,652
1818,654
1815,656
1813,658
1811,660
1809,662
1807,664
1805,666
1803,668
1801,671
1798,673
1796,675
1794,677
1792,679
1790,681
1787,683
1785,685
1783,687
1781,690
1779,692
1776,694
1774,696
1772,698
1770,700
1768,702
1765,704
1763,706
1761,707
1759,709
1757,711
1755,713
1752,714
1750,716
1748,718
1746,719
1744,721
1741,722
1739,724
1737,726
1735,727
1733,729
1730,730
1728,732
1726,733
1724,735
1721,736
1719,738
1717,739
1715,741
1712,742
1710,744
1708,746
1705,747
1703,749
1700,750
1698,752
1696,753
1693,755
1691,757
1688,758
1686,760
1683,762
1681,764
1678,765
1675,767
1673,769
1670,771
1668,772
1665,774
1662,776
1660,778
1657,780
1654,782
1652,784
1649,785
1647,787
1644,789
1641,791
1639,792
1636,794
1633,796
1631,797
1628,799
1626,800
1623,801
1620,803
1618,804
1615,805
1613,806
1610,807
1608,808
1605,809
1603,810
1600,811
1598,812
1595,813
1593,814
1590,815
1588,816
1585,817
1583,818
1580,819
1578,820
1576,821
1573,822
1571,824
1568,825
1566,826
1564,828
1561,829
1559,830
1557,832
1555,833
1552,834
1550,835
1548,836
1546,837
1544,839
1542,840
1540,840
1538,841
1536,842
1534,843
1532,844
1530,844
1529,845
1527,845
1525,845
1523,846
1522,846
1520,846
1519,846
1517,845
1515,845
1514,845
1512,844
1511,844
1510,843
1508,842
1507,841
1505,841
1504,840
1503,839
1501,838
1500,837
1499,836
1497,835
1496,835
1495,834
1493,833
1492,832
1491,832
1490,831
1488,830
1487,830
1486,829
1484,828
1483,828
1482,827
1481,826
1479,825
1478,825
1477,824
1476,823
1474,822
1473,820
1472,819
1471,818
1470,816
1468,815
1467,813
1466,811
1465,809
1463,807
1462,804
1461,802
1460,799
1459,797
1457,794
1456,791
1455,789
1453,786
1452,783
1451,780
1449,778
1448,775
1447,772
1445,769
1444,767
1442,764
1441,761
1439,758
1437,756
1436,753
1434,750
1432,748
1430,745
1429,742
1427,739
1425,736
1423,733
1421,730
1419,727
1417,724
1415,721
1413,718
1411,715
1409,712
1406,709
1404,706
1402,703
1400,700
1398,697
1395,694
1393,692
1391,689
1389,686
1386,683
1384,681
1382,678
1380,676
1377,673
1375,671
1373,668
1371,666
1368,664
1366,662
1364,660
1361,658
1359,656
1357,654
1354,652
1352,650
1349,647
1347,645
1344,644
1342,642
1339,640
1337,638
1334,636
1332,634
1329,632
1326,630
1324,628
1321,626
1318,624
1316,622
1313,620
1310,618
1308,616
1305,615
1302,613
1299,611
1297,609
1294,607
1291,605
1288,603
1286,601
1283,599
1280,597
1277,594
1275,592
1272,590
1269,588
1266,586
1264,584
1261,581
1258,579
1256,577
1253,575
1250,573
1248,570
1245,568
1242,566
1239,564
1237,562
1234,559
1231,557
1229,555
1226,553
1223,551
1221,549
1218,547
1215,545
1213,543
1210,542
1207,540
1205,538
1202,536
1199,535
1197,533
1194,531
1191,529
1189,528
1186,526
1183,524
1180,522
1178,520
1175,518
1172,516
1169,514
1167,512
1164,510
1161,508
1158,505
1156,503
1153,501
1150,498
1148,496
1145,493
1142,491
1139,488
1137,485
1134,483
1131,480
1129,477
1126,474
1124,471
1121,468
1118,466
1116,463
1113,460
1111,457
1108,455
1106,452
1104,449
1101,446
1099,444
1097,441
1094,439
1092,436
1090,434
1088,431
1085,429
1083,427
1081,424
1079,422
1077,420
1075,418
1073,416
1071,413
1069,411
1067,410
1065,408
1063,407
1061,406
1060,406
1058,406
1057,407
1055,409
1054,411
1053,414
1052,418
1051,422
1050,427
1050,433
1049,439
1048,446
1048,453
1047,461
1047,469
1046,477
1046,486
1046,495
1045,504
1045,512
1044,521
1043,530
1043,538
1042,546
1041,553
1040,560
1039,567
1038,573
1036,578
1035,582
1033,586
1031,589
1029,591
1027,592
1025,592
1022,591
1020,589
1017,586
1014,582
1010,578
1006,573
1003,567
998,561
994,555
989,548
984,541
979,534
973,527
967,519
961,511
955,503
948,495
941,487
934,479
927,471
919,463
911,455
903,448
895,441
887,434
879,427
871,421
862,416
854,411
846,406
838,402
830,399
821,396
814,394
806,392
798,390
790,389
783,388
776,388
769,387
762,388
755,388
748,388
741,389
735,389
729,390
722,391
716,393
710,394
704,396
698,398
692,400
686,402
680,404
675,406
669,409
664,411
658,413
653,416
648,418
643,420
637,422
632,424
628,427
623,429
618,431
614,433
609,436
605,438
601,440
596,442
593,444
589,446
585,448
582,450
579,452
576,453
573,455
571,456
569,457
567,458
566,459
565,459
564,460
563,460
563,460
