2409,1254
2410,1254
2410,1254
2411,1255
2411,1256
2412,1257
2414,1258
2415,1259
2417,1260
2418,1262
2420,1263
2423,1265
2425,1267
2427,1268
2430,1270
2433,1272
2436,1274
2440,1276
2443,1278
2447,1280
2451,1282
2455,1285
2459,1287
2463,1289
2468,1291
2472,1293
2477,1296
2482,1298
2487,1300
2492,1303
2498,1305
2503,1307
2509,1309
2515,1312
2521,1314
2527,1316
2533,1319
2540,1321
2546,1323
2553,1325
2560,1328
2567,1330
2574,1332
2581,1334
2589,1336
2596,1338
2604,1340
2612,1342
2620,1344
2628,1346
2636,1348
2644,1350
2652,1352
2660,1354
2669,1356
2677,1357
2685,1359
2693,1361
2701,1363
2709,1365
2717,1367
2724,1369
2732,1372
2740,1374
2747,1376
2754,1378
2761,1380
2768,1382
2774,1384
2781,1386
2787,1388
2794,1390
2799,1392
2805,1394
2811,1396
2816,1398
2821,1399
2826,1401
2831,1402
2835,1404
2839,1406
2843,1407
2847,1409
2851,1410
2854,1412
2857,1413
2859,1415
2862,1416
2864,1418
2866,1420
2867,1422
2869,1424
2870,1426
2871,1428
2872,1430
2872,1433
2873,1435
2873,1438
2873,1440
2873,1442
2873,1445
2873,1447
2872,1450
2872,1452
2872,1455
2872,1457
2872,1459
2871,1461
2871,1463
2871,1465
2871,1467
2871,1469
2872,1470
2872,1472
2872,1473
2872,1475
2873,1476
2873,1477
2873,1478
2874,1479
2874,1480
2874,1480
2875,1481
2875,1482
2875,1483
2875,1483
2876,1484
2876,1484
2876,1484
2876,1485
2877,1485
2877,1485
2877,1485
2877,1485
2877,1486
2877,1486
2877,1486
2877,1486
2877,1486
2878,1486
2878,1486
2878,1486
2878,1486
2878,1485
2878,1485
2878,1485
2879,1485
2879,1486
2879,1486
2879,1486
2879,1486
2880,1486
2880,1486
2880,1487
2880,1487
2880,1487
2880,1488
2880,1488
2880,1489
2880,1490
2880,1490
2880,1491
2880,1491
2880,1492
2880,1493
2880,1493
2879,1494
2879,1495
2879,1495
2879,1496
2878,1496
2878,1497
2878,1497
2877,1497
2877,1498
2877,1498
2876,1498
2876,1498
2875,1498
2875,1498
2874,1498
2874,1498
2873,1498
2873,1498
2872,1498
2872,1498
2871,1497
2870,1497
2870,1497
2869,1497
2868,1496
2867,1496
2866,1495
2865,1495
2864,1495
2863,1494
2862,1494
2861,1493
2860,1493
2859,1493
2858,1492
2857,1492
2856,1491
2854,1490
2853,1490
2852,1489
2851,1489
2850,1488
2849,1487
2847,1486
2846,1486
2845,1485
2844,1484
2843,1483
2842,1482
2840,1481
2839,1480
2838,1479
2837,1478
2835,1477
2834,1476
2833,1475
2832,1474
2830,1474
2829,1473
2827,1472
2826,1471
2824,1470
2823,1469
2821,1468
2819,1467
2817,1467
2816,1466
2814,1465
2812,1465
2810,1464
2808,1463
2805,1463
2803,1462
2801,1462
2798,1461
2796,1461
2793,1461
2791,1460
2788,1460
2785,1460
2782,1459
2780,1459
2777,1459
2774,1458
2771,1458
2769,1457
2766,1457
2763,1457
2760,1456
2757,1456
2755,1455
2752,1454
2749,1454
2746,1453
2744,1453
2741,1452
2738,1451
2735,1450
2733,1450
2730,1449
2727,1448
2724,1447
2722,1447
2719,1446
2716,1445
2713,1445
2710,1444
2707,1444
2703,1443
2700,1443
2697,1442
2694,1442
2690,1441
2687,1441
2683,1441
2680,1441
2676,1440
2672,1440
2669,1440
2665,1440
2662,1440
2658,1440
2654,1440
2650,1439
2647,1439
2643,1439
2639,1439
2636,1439
2632,1439
2628,1439
2624,1439
2621,1439
2617,1439
2613,1439
2609,1439
2605,1439
2601,1439
2596,1440
2592,1440
2588,1441
2583,1441
2579,1442
2574,1443
2569,1444
2564,1445
2559,1446
2555,1447
2549,1448
2544,1449
2539,1450
2534,1452
2529,1453
2524,1454
2519,1456
2514,1457
2509,1458
2504,1460
2499,1461
2494,1462
2489,1463
2484,1464
2479,1466
2474,1467
2469,1468
2465,1469
2460,1470
2455,1471
2450,1473
2446,1474
2441,1475
2436,1476
2431,1477
2427,1478
2422,1479
2417,1480
2413,1482
2408,1483
2404,1483
2399,1484
2395,1485
2390,1486
2386,1486
2381,1487
2377,1487
2373,1487
2369,1487
2365,1487
2361,1487
2357,1487
2354,1486
2350,1486
2346,1485
2343,1485
2339,1484
2335,1483
2332,1482
2328,1481
2325,1480
2321,1479
2317,1479
2313,1478
2310,1477
2306,1477
2302,1476
2298,1476
2294,1475
2289,1475
2285,1475
2281,1475
2276,1475
2272,1476
2267,1476
2263,1477
2258,1477
2253,1478
2248,1478
2243,1479
2239,1480
2234,1481
2229,1481
2224,1482
2219,1483
2214,1484
2209,1485
2204,1486
2199,1487
2194,1487
2189,1488
2184,1489
2179,1490
2174,1491
2169,1492
2164,1493
2159,1494
2154,1495
2149,1496
2144,1497
2139,1498
2134,1499
2130,1499
2125,1500
2120,1501
2115,1502
2110,1503
2106,1504
2101,1505
2096,1506
2092,1507
2087,1508
2083,1509
2078,1510
2074,1511
2070,1512
2066,1513
2061,1514
2057,1515
2053,1516
2049,1517
2045,1518
2042,1519
2038,1520
2034,1521
2030,1522
2027,1523
2023,1524
2020,1525
2016,1525
2013,1526
2010,1527
2006,1528
2003,1528
2000,1529
1997,1530
1993,1530
1990,1531
1987,1531
1984,1532
1981,1533
1979,1533
1976,1533
1973,1534
1970,1534
1967,1535
1965,1535
1962,1535
1960,1536
1957,1536
1954,1536
1952,1537
1949,1537
1947,1538
1944,1538
1942,1538
1939,1539
1937,1539
1935,1539
1932,1540
1930,1540
1927,1540
1925,1541
1923,1541
1920,1541
1918,1541
1916,1542
1914,1542
1911,1542
1909,1542
1907,1542
1905,1543
1903,1543
1901,1543
1899,1543
1897,1543
1895,1543
1893,1542
1891,1542
1889,1542
1888,1542
1886,1542
1884,1542
1882,1542
1881,1541
1879,1541
1877,1541
1876,1541
1874,1541
1872,1541
1871,1541
1869,1541
1867,1541
1866,1541
1864,1541
1862,1541
1861,1541
1859,1541
1857,1541
1856,1541
1854,1542
1852,1542
1851,1542
1849,1542
1848,1542
1846,1543
1844,1543
1843,1543
1841,1543
1840,1543
1838,1544
1836,1544
1835,1544
1833,1544
1832,1544
1830,1544
1829,1545
1827,1545
1826,1545
1824,1545
1823,1545
1821,1545
1820,1546
1818,1546
1817,1546
1815,1546
1814,1547
1812,1547
1811,1547
1809,1548
1808,1548
1806,1548
1805,1549
1803,1549
1802,1549
1800,1550
1799,1550
1798,1550
1796,1551
1795,1551
1793,1551
1792,1551
1791,1552
1789,1552
1788,1552
1787,1552
1785,1552
1784,1553
1783,1553
1782,1553
1780,1553
1779,1553
1778,1553
1777,1554
1776,1554
1775,1554
1773,1554
1772,1555
1771,1555
1770,1555
1769,1556
1768,1556
1767,1557
1766,1557
1764,1557
1763,1558
1762,1558
1761,1559
1760,1559
1759,1560
1758,1560
1757,1561
1756,1561
1755,1561
1754,1562
1753,1562
1752,1562
1751,1563
1750,1563
1749,1563
1749,1563
1748,1564
1747,1564
1746,1564
1745,1564
1744,1565
1743,1565
1742,1565
1741,1565
1740,1565
1739,1566
1738,1566
1737,1566
1736,1567
1735,1567
1734,1567
1732,1568
1731,1568
1730,1568
1729,1569
1728,1569
1726,1570
1725,1570
1724,1571
1723,1571
1721,1571
1720,1572
1719,1572
1718,1572
1716,1573
1715,1573
1714,1573
1713,1574
1712,1574
1711,1574
1710,1575
1709,1575
1708,1575
1707,1575
1706,1575
1705,1576
1704,1576
1703,1576
1702,1577
1702,1577
1701,1577
1700,1577
1699,1578
1699,1578
1698,1579
1698,1579
1697,1579
1697,1580
1696,1580
1696,1581
1696,1581
1695,1582
1695,1583
1695,1583
1695,1584
1694,1585
1694,1585
1694,1586
1694,1587
1694,1588
1694,1588
1694,1589
1694,1590
1694,1591
1693,1592
1693,1593
1693,1594
1693,1594
1693,1595
1693,1596
1693,1597
1692,1598
1692,1599
1692,1600
1691,1600
1691,1601
1690,1602
1690,1603
1689,1604
1689,1605
1688,1606
1687,1607
1687,1608
1686,1609
1685,1610
1684,1611
1683,1612
1682,1613
1681,1614
1680,1615
1679,1616
1678,1617
1676,1618
1675,1619
1674,1620
1672,1621
1671,1622
1670,1623
1668,1624
1667,1625
1665,1626
1664,1626
1662,1627
1661,1628
1659,1628
1657,1629
1656,1630
1654,1630
1652,1630
1651,1631
1649,1631
1647,1632
1645,1632
1644,1632
1642,1632
1640,1632
1638,1632
1636,1632
1635,1632
1633,1632
1631,1632
1629,1632
1627,1632
1625,1632
1624,1632
1622,1632
1620,1631
1618,1631
1616,1631
1614,1630
1613,1630
1611,1630
1609,1629
1607,1629
1605,1628
1603,1628
1602,1627
1600,1627
1598,1626
1596,1625
1594,1625
1592,1624
1590,1623
1588,1622
1587,1622
1585,1621
1583,1620
1581,1619
1579,1618
1577,1617
1575,1617
1573,1616
1571,1615
1569,1614
1567,1613
1565,1612
1563,1611
1561,1610
1560,1609
1558,1609
1556,1608
1554,1607
1552,1606
1550,1605
1548,1605
1547,1604
1545,1604
1543,1603
1542,1603
1540,1602
1538,1602
1537,1602
1535,1601
1534,1601
1532,1601
1531,1601
1530,1601
1528,1601
1527,1601
1526,1600
1525,1600
1524,1600
1523,1600
1523,1600
1522,1600
1521,1600
1521,1600
1520,1599
1520,1599
1520,1599
1520,1598
1520,1597
1520,1597
1520,1596
1520,1595
1520,1594
1521,1594
1521,1593
1522,1592
1522,1591
1523,1590
1524,1589
1525,1587
1526,1586
1526,1585
1527,1584
1528,1583
1529,1582
1530,1580
1531,1579
1532,1578
1534,1577
1535,1575
1536,1574
1537,1573
1538,1572
1539,1570
1540,1569
1541,1568
1542,1566
1543,1565
1545,1563
1546,1562
1547,1561
1548,1559
1549,1558
1550,1556
1551,1555
1552,1553
1553,1552
1554,1550
1554,1548
1555,1547
1556,1545
1557,1543
1558,1541
1559,1540
1560,1538
1561,1536
1561,1534
1562,1532
1563,1530
1564,1529
1564,1527
1565,1525
1566,1523
1567,1521
1567,1520
1568,1518
1569,1516
1569,1514
1570,1512
1570,1511
1571,1509
1571,1507
1572,1506
1572,1504
1573,1503
1573,1501
1574,1500
1574,1499
1574,1498
1575,1497
1575,1496
1575,1495
1575,1495
1575,1494
1575,1494
1575,1493
1575,1493
1575,1493
1575,1493
1575,1493
1575,1493
1575,1493
1575,1493
1575,1493
1574,1493
1574,1493
1574,1493
1574,1493
1573,1493
1573,1493
1573,1493
1572,1494
1572,1494
1571,1494
1571,1494
1570,1494
1570,1494
1569,1494
1569,1495
1568,1495
1567,1495
1567,1495
1566,1495
1565,1496
1564,1496
1563,1496
1562,1497
1561,1497
1560,1498
1559,1498
1557,1499
1556,1499
1555,1500
1554,1500
1552,1501
1551,1501
1549,1502
1548,1502
1546,1503
1545,1503
1543,1503
1542,1504
1540,1504
1538,1505
1536,1505
1535,1505
1533,1506
1531,1506
1529,1506
1527,1507
1525,1507
1523,1507
1521,1508
1519,1508
1517,1509
1515,1509
1513,1510
1510,1510
1508,1511
1506,1511
1503,1512
1501,1512
1499,1513
1496,1514
1494,1514
1491,1515
1489,1516
1487,1517
1484,1518
1482,1519
1479,1520
1477,1521
1474,1522
1472,1523
1469,1525
1467,1526
1464,1528
1462,1530
1459,1531
1457,1533
1454,1535
1452,1538
1449,1540
1447,1542
1445,1545
1442,1548
1440,1550
1437,1553
1435,1556
1433,1560
1430,1563
1428,1566
1426,1570
1424,1573
1421,1577
1419,1580
1417,1584
1415,1588
1414,1591
1412,1595
1410,1599
1408,1602
1407,1606
1405,1609
1404,1613
1403,1617
1402,1620
1401,1624
1400,1627
1399,1631
1398,1634
1398,1637
1397,1640
1397,1644
1397,1647
1397,1650
1397,1653
1397,1656
1398,1658
1398,1661
1398,1664
1399,1666
1400,1668
1400,1670
1401,1673
1402,1674
1402,1676
1403,1678
1404,1679
1405,1680
1406,1681
1407,1681
1407,1682
1408,1682
1409,1682
1409,1682
1410,1681
1410,1681
1411,1680
1411,1679
1411,1678
1412,1676
1412,1675
1412,1673
1412,1671
1412,1669
1411,1667
1411,1665
1411,1663
1410,1661
1410,1658
1409,1656
1409,1654
1408,1652
1407,1650
1407,1647
1406,1645
1405,1643
1404,1642
1403,1640
1403,1638
1402,1637
1401,1635
1400,1634
1399,1633
1398,1632
1397,1631
1396,1629
1394,1628
1393,1627
1392,1626
1391,1625
1390,1624
1389,1623
1388,1622
1387,1621
1386,1620
1385,1619
1384,1618
1383,1617
1382,1616
1381,1615
1380,1613
1379,1612
1378,1611
1378,1609
1377,1608
1376,1606
1375,1605
1374,1603
1373,1602
1373,1600
1372,1599
1371,1597
1370,1596
1369,1594
1369,1593
1368,1591
1367,1590
1366,1588
1366,1587
1365,1586
1364,1584
1363,1583
1363,1582
1362,1581
1361,1580
1361,1579
1360,1578
1360,1577
1359,1576
1358,1575
1358,1574
1357,1573
1357,1572
1356,1572
1356,1571
1355,1570
1355,1570
1354,1569
1354,1569
1354,1568
1353,1568
1353,1568
1353,1567
1352,1567
1352,1567
1352,1567
1352,1566
1352,1566
1352,1566
1352,1566
1352,1566
1352,1566
1352,1566
1352,1566
1353,1567
1353,1567
1353,1567
1354,1567
1354,1567
1355,1568
1355,1568
1355,1568
1356,1569
1356,1569
1357,1570
1357,1570
1358,1570
1358,1571
1358,1571
1359,1571
1359,1572
1359,1572
1359,1572
1359,1572
1360,1572
1360,1572
1360,1571
1359,1571
1359,1570
1359,1570
1359,1569
1358,1568
1358,1568
1357,1567
1357,1566
1356,1564
1355,1563
1354,1562
1354,1561
1353,1560
1352,1558
1351,1557
1350,1555
1349,1554
1347,1553
1346,1551
1345,1550
1344,1549
1342,1547
1341,1546
1340,1545
1338,1543
1337,1542
1335,1541
1334,1540
1332,1538
1331,1537
1329,1536
1328,1535
1326,1533
1325,1532
1323,1531
1322,1529
1320,1528
1319,1526
1317,1524
1316,1522
1314,1520
1313,1518
1311,1516
1310,1513
1308,1511
1307,1509
1305,1507
1304,1504
1303,1502
1301,1500
1300,1498
1299,1496
1298,1494
1297,1493
1296,1491
1295,1490
1294,1488
1293,1487
1292,1486
1291,1485
1290,1484
1289,1484
1288,1483
1287,1482
1287,1482
1286,1482
1285,1481
1284,1481
1283,1481
1283,1481
1282,1480
1281,1480
1280,1480
1279,1479
1278,1479
1278,1478
1277,1478
1276,1477
1275,1476
1274,1475
1273,1474
1272,1472
1271,1471
1270,1469
1269,1468
1268,1466
1267,1465
1266,1463
1265,1461
1264,1460
1263,1458
1261,1456
1260,1455
1259,1453
1258,1451
1257,1450
1256,1448
1256,1446
1255,1445
1254,1443
1253,1441
1252,1440
1250,1438
1249,1436
1248,1434
1247,1433
1246,1431
1245,1429
1244,1427
1243,1426
1242,1424
1241,1423
1240,1421
1238,1419
1237,1418
1236,1416
1235,1415
1234,1413
1233,1412
1231,1411
1230,1409
1229,1408
1228,1406
1226,1405
1225,1403
1224,1402
1223,1401
1221,1399
1220,1398
1219,1396
1217,1395
1216,1393
1215,1392
1213,1390
1212,1388
1211,1386
1209,1384
1208,1382
1206,1380
1205,1378
1203,1376
1202,1374
1200,1371
1199,1369
1197,1366
1196,1363
1194,1361
1192,1358
1191,1356
1189,1353
1187,1350
1186,1348
1184,1345
1182,1342
1181,1340
1179,1337
1177,1335
1175,1333
1174,1330
1172,1328
1170,1326
1168,1323
1166,1321
1165,1319
1163,1317
1161,1315
1159,1313
1157,1311
1156,1309
1154,1307
1152,1305
1150,1303
1148,1301
1146,1299
1144,1297
1142,1294
1140,1292
1138,1290
1136,1288
1134,1286
1132,1284
1130,1282
1128,1279
1126,1277
1124,1275
1122,1273
1120,1271
1118,1269
1116,1267
1114,1265
1112,1263
1111,1261
1109,1259
1107,1258
1105,1256
1103,1254
1101,1253
1100,1251
1098,1250
1096,1249
1095,1248
1093,1247
1091,1246
1090,1245
1089,1244
1087,1243
1086,1243
1085,1242
1083,1241
1082,1241
1081,1240
1080,1239
1079,1239
1078,1238
1076,1237
1075,1237
1074,1236
1073,1235
1072,1234
1071,1234
1070,1233
1069,1232
1069,1231
1068,1230
1067,1229
1066,1228
1065,1228
1064,1227
1063,1226
1063,1225
1062,1224
1061,1223
1060,1222
1060,1221
1059,1220
1058,1219
1058,1219
1057,1218
1057,1217
1056,1217
1056,1216
1055,1215
1055,1215
1055,1214
1054,1214
1054,1213
1054,1213
1054,1212
1053,1211
1053,1211
1053,1210
1053,1209
1053,1208
1053,1207
1053,1206
1053,1205
1053,1204
1053,1202
1053,1201
1053,1199
1053,1198
1053,1196
1053,1195
1054,1193
1054,1192
1054,1190
1054,1188
1055,1187
1055,1185
1055,1184
1056,1182
1056,1181
1057,1179
1057,1178
1058,1176
1059,1175
1059,1174
1060,1172
1061,1171
1061,1170
1062,1169
1063,1168
1064,1167
1065,1166
1066,1165
1067,1164
1068,1163
1069,1163
1070,1162
1071,1161
1072,1161
1073,1161
1075,1160
1076,1160
1077,1160
1078,1160
1080,1160
1081,1160
1082,1161
1084,1161
1085,1161
1087,1162
1088,1163
1090,1163
1091,1164
1093,1165
1094,1166
1096,1167
1097,1169
1099,1170
1100,1171
1102,1173
1103,1174
1105,1176
1106,1177
1108,1179
1109,1181
1111,1182
1112,1184
1114,1186
1115,1188
1116,1190
1118,1191
1119,1194
1120,1196
1122,1198
1123,1200
1124,1202
1126,1205
1127,1207
1128,1210
1130,1213
1131,1215
1132,1218
1133,1221
1135,1224
1136,1227
1137,1230
1138,1234
1140,1237
1141,1240
1142,1244
1143,1247
1144,1251
1146,1254
1147,1258
1148,1261
1149,1265
1150,1268
1151,1272
1152,1275
1153,1279
1154,1282
1155,1286
1156,1289
1157,1293
1158,1296
1159,1299
1160,1303
1161,1306
1162,1310
1163,1313
1163,1316
1164,1320
1165,1323
1166,1327
1167,1330
1167,1334
1168,1338
1169,1341
1170,1345
1170,1348
1171,1352
1172,1356
1172,1359
1173,1363
1173,1367
1174,1371
1174,1374
1175,1378
1175,1382
1176,1385
1176,1389
1176,1393
1176,1396
1176,1400
1176,1403
1176,1407
1176,1410
1176,1413
1175,1416
1175,1419
1174,1422
1174,1425
1173,1428
1172,1431
1171,1433
1170,1436
1169,1438
1168,1440
1167,1443
1165,1445
1164,1447
1163,1449
1161,1451
1160,1453
1158,1455
1157,1457
1156,1458
1154,1460
1153,1462
1151,1464
1150,1466
1148,1467
1147,1469
1146,1471
1145,1473
1143,1475
1142,1477
1141,1479
1140,1481
1139,1483
1138,1485
1137,1488
1136,1490
1135,1492
1133,1495
1132,1497
1131,1499
1130,1502
1129,1504
1128,1506
1126,1509
1125,1511
1123,1513
1122,1515
1120,1517
1119,1519
1117,1521
1115,1523
1113,1525
1111,1527
1109,1529
1107,1531
1105,1533
1103,1535
1101,1537
1099,1539
1097,1541
1095,1543
1093,1545
1090,1547
1088,1550
1086,1552
1084,1554
1082,1557
1079,1559
1077,1562
1075,1564
1073,1567
1070,1569
1068,1572
1065,1574
1063,1576
1060,1579
1058,1581
1055,1583
1052,1585
1049,1587
1046,1589
1043,1591
1040,1592
1037,1593
1033,1594
1030,1595
1026,1596
1022,1597
1018,1597
1014,1597
1010,1598
1006,1597
1001,1597
997,1597
992,1596
988,1596
983,1595
978,1595
974,1594
969,1593
964,1593
959,1592
955,1591
950,1591
946,1590
941,1589
937,1589
933,1588
929,1588
925,1588
921,1588
918,1588
914,1588
911,1588
908,1588
906,1589
903,1589
901,1590
899,1591
897,1592
896,1592
895,1593
894,1594
893,1596
893,1597
892,1598
893,1599
893,1600
893,1602
894,1603
895,1604
896,1605
898,1607
900,1608
901,1609
903,1610
906,1612
908,1613
911,1614
914,1615
917,1617
920,1618
923,1620
926,1621
930,1622
934,1624
938,1625
942,1627
946,1628
950,1630
955,1631
959,1633
964,1635
969,1636
974,1638
979,1640
984,1642
989,1644
994,1645
1000,1647
1005,1649
1011,1651
1016,1653
1022,1655
1028,1656
1034,1658
1040,1660
1045,1662
1051,1663
1057,1665
1064,1667
1070,1668
1076,1670
1082,1672
1088,1673
1094,1675
1101,1676
1107,1678
1114,1679
1120,1681
1126,1682
1133,1684
1139,1685
1146,1687
1153,1688
1159,1689
1166,1691
1173,1692
1180,1694
1186,1695
1193,1696
1200,1698
1207,1699
1214,1700
1221,1702
1228,1703
1235,1704
1242,1705
1249,1707
1256,1708
1263,1709
1270,1710
1276,1711
1283,1712
1290,1713
1297,1713
1304,1714
1311,1715
1318,1715
1325,1716
1331,1716
1338,1717
1345,1717
1352,1718
1358,1718
1365,1718
1371,1718
1378,1718
1384,1719
1391,1719
1397,1719
1404,1718
1410,1718
1416,1718
1423,1718
1429,1718
1435,1717
1441,1717
1447,1716
1453,1716
1459,1715
1465,1715
1471,1714
1477,1713
1482,1712
1488,1712
1494,1711
1499,1710
1505,1709
1510,1708
1516,1707
1521,1706
1526,1704
1531,1703
1536,1702
1541,1701
1546,1700
1551,1698
1556,1697
1561,1696
1565,1695
1570,1693
1574,1692
1579,1691
1583,1690
1587,1689
1591,1687
1596,1686
1600,1685
1604,1684
1608,1683
1612,1682
1616,1681
1619,1680
1623,1679
1627,1678
1631,1677
1634,1676
1638,1675
1642,1674
1645,1673
1649,1673
1653,1672
1656,1671
1660,1670
1663,1669
1667,1668
1670,1668
1673,1667
1677,1666
1680,1665
1684,1665
1687,1664
1690,1663
1694,1663
1697,1662
1700,1661
1703,1660
1706,1660
1710,1659
1713,1659
1716,1658
1719,1657
1722,1657
1725,1656
1728,1656
1731,1655
1734,1654
1737,1654
1740,1653
1743,1653
1745,1652
1748,1651
1751,1651
1754,1650
1757,1649
1759,1649
1762,1648
1765,1647
1768,1646
1771,1646
1773,1645
1776,1644
1779,1643
1782,1642
1784,1641
1787,1640
1790,1639
1792,1638
1795,1637
1798,1636
1801,1635
1803,1634
1806,1633
1809,1632
1811,1631
1814,1630
1817,1629
1819,1628
1822,1626
1825,1625
1827,1624
1830,1623
1832,1622
1835,1621
1837,1620
1840,1619
1842,1618
1845,1617
1847,1616
1850,1615
1852,1614
1855,1613
1857,1612
1859,1611
1862,1610
1864,1608
1866,1607
1868,1606
1871,1605
1873,1604
1875,1603
1877,1602
1879,1601
1881,1599
1883,1598
1885,1597
1887,1596
1889,1594
1890,1593
1892,1592
1894,1590
1896,1589
1897,1588
1899,1586
1901,1585
1902,1584
1904,1582
1905,1581
1907,1580
1908,1578
1909,1577
1911,1576
1912,1574
1913,1573
1915,1572
1916,1570
1917,1569
1918,1568
1919,1566
1921,1565
1922,1563
1923,1562
1924,1561
1925,1559
1927,1558
1928,1557
1929,1555
1930,1554
1931,1552
1933,1551
1934,1550
1935,1548
1936,1547
1937,1545
1938,1544
1940,1542
1941,1541
1942,1539
1943,1538
1944,1536
1946,1535
1947,1533
1948,1532
1949,1530
1951,1528
1952,1527
1953,1525
1954,1523
1956,1522
1957,1520
1958,1519
1959,1517
1961,1516
1962,1514
1963,1513
1964,1511
1965,1510
1967,1509
1968,1507
1969,1506
1970,1505
1971,1504
1972,1502
1974,1501
1975,1500
1976,1499
1977,1498
1978,1496
1979,1495
1980,1494
1981,1493
1983,1492
1984,1491
1985,1490
1986,1489
1987,1487
1988,1486
1989,1485
1990,1484
1991,1483
1992,1482
1994,1481
1995,1480
1996,1478
1997,1477
1998,1476
1999,1475
2000,1474
2001,1473
2002,1472
2003,1471
2004,1470
2005,1469
2006,1469
2007,1468
2008,1467
2009,1466
2010,1465
2011,1465
2012,1464
2013,1463
2014,1463
2015,1462
2015,1462
2016,1461
2017,1461
2018,1460
2018,1460
2019,1459
2020,1459
2020,1459
2021,1458
2022,1458
2022,1458
2023,1458
2023,1458
2023,1458
2024,1458
2024,1458
2024,1458
2024,1459
2024,1459
2025,1459
2025,1460
2025,1460
2025,1461
2025,1461
2025,1462
2025,1462
2025,1463
2025,1463
2025,1464
2025,1464
2025,1465
2025,1465
2025,1466
2025,1466
2026,1467
2026,1467
2026,1468
2026,1468
2027,1468
2027,1469
2027,1469
2028,1470
2028,1471
2028,1471
2029,1472
2029,1472
2029,1473
2030,1474
2030,1475
2030,1475
2031,1476
2031,1477
2031,1478
2032,1479
2032,1480
2032,1481
2033,1482
2033,1483
2033,1484
2034,1485
2034,1487
2034,1488
2035,1489
2035,1490
2036,1491
2036,1492
2036,1494
2037,1495
2037,1496
2038,1497
2038,1498
2039,1499
2039,1501
2040,1502
2041,1503
2041,1504
2042,1505
2042,1507
2043,1508
2044,1509
2044,1510
2045,1512
2045,1513
2046,1514
2047,1516
2047,1517
2048,1518
2048,1520
2049,1521
2050,1522
2050,1524
2051,1525
2052,1526
2053,1528
2053,1529
2054,1530
2055,1531
2056,1532
2057,1533
2057,1534
2058,1535
2059,1536
2060,1537
2061,1538
2062,1539
2063,1540
2064,1540
2066,1541
2067,1542
2068,1543
2069,1544
2070,1544
2071,1545
2072,1546
2073,1547
2074,1548
2075,1549
2076,1550
2077,1551
2077,1552
2078,1553
2079,1555
2080,1556
2081,1557
2081,1558
2082,1560
2082,1561
2083,1563
2084,1564
2084,1566
2085,1567
2085,1568
2085,1570
2086,1571
2086,1573
2087,1574
2087,1575
2088,1577
2088,1578
2089,1579
2090,1580
2090,1582
2091,1583
2091,1584
2092,1585
2093,1586
2093,1587
2094,1588
2094,1589
2095,1590
2096,1591
2096,1592
2097,1593
2097,1594
2098,1595
2098,1597
2099,1598
2100,1599
2100,1600
2101,1601
2101,1602
2102,1603
2103,1604
2103,1605
2104,1606
2105,1607
2105,1608
2106,1609
2107,1610
2107,1611
2108,1612
2109,1613
2110,1613
2110,1614
2111,1615
2112,1616
2113,1617
2113,1617
2114,1618
2115,1619
2115,1620
2116,1621
2117,1622
2117,1622
2118,1623
2119,1624
2119,1625
2120,1626
2120,1627
2121,1628
2121,1629
2122,1630
2122,1631
2123,1632
2124,1633
2124,1634
2125,1635
2126,1636
2126,1636
2127,1637
2128,1638
2128,1639
2129,1639
2130,1640
2131,1640
2132,1641
2132,1641
2133,1642
2134,1642
2135,1643
2136,1643
2137,1643
2138,1643
2139,1644
2140,1644
2141,1644
2142,1644
2143,1644
2144,1644
2145,1643
2146,1643
2147,1643
2148,1643
2149,1642
2150,1642
2151,1641
2152,1641
2154,1640
2155,1640
2156,1639
2157,1639
2158,1638
2159,1637
2160,1636
2161,1636
2162,1635
2164,1634
2165,1633
2166,1633
2167,1632
2168,1631
2169,1630
2170,1629
2170,1628
2171,1627
2172,1626
2173,1625
2174,1624
2175,1623
2176,1622
2177,1621
2178,1619
2179,1618
2180,1617
2182,1615
2183,1614
2184,1612
2185,1611
2186,1609
2187,1608
2187,1607
2188,1605
2189,1604
2190,1602
2191,1601
2192,1599
2192,1598
2193,1597
2194,1595
2194,1594
2195,1593
2195,1592
2196,1590
2197,1589
2197,1588
2197,1587
2198,1585
2198,1584
2199,1583
2199,1582
2200,1581
2200,1579
2200,1578
2201,1577
2201,1575
2202,1574
2202,1573
2203,1571
2203,1570
2203,1569
2204,1567
2204,1566
2205,1565
2205,1563
2205,1562
2206,1561
2206,1559
2206,1558
2207,1556
2207,1555
2208,1554
2208,1552
2208,1551
2209,1549
2209,1548
2209,1546
2209,1545
2210,1543
2210,1542
2210,1540
2210,1539
2211,1537
2211,1536
2211,1534
2211,1533
2211,1531
2211,1530
2211,1529
2211,1527
2211,1526
2211,1525
2211,1523
2210,1522
2210,1521
2210,1520
2209,1519
2209,1518
2208,1517
2208,1516
2207,1515
2207,1514
2206,1513
2205,1512
2205,1511
2204,1510
2203,1509
2202,1508
2201,1507
2201,1506
2200,1505
2199,1504
2198,1503
2198,1502
2197,1501
2196,1500
2196,1499
2195,1497
2194,1496
2193,1495
2193,1494
2192,1493
2192,1491
2191,1490
2190,1489
2190,1487
2189,1486
2189,1484
2188,1483
2188,1481
2188,1479
2187,1478
2187,1476
2187,1474
2187,1472
2187,1470
2187,1468
2186,1466
2186,1464
2186,1462
2186,1460
2186,1458
2186,1456
2186,1454
2186,1452
2186,1450
2186,1448
2186,1446
2186,1444
2186,1442
2186,1440
2186,1438
2186,1437
2185,1435
2185,1433
2185,1432
2185,1430
2184,1429
2184,1428
2183,1426
2183,1425
2182,1424
2181,1423
2181,1422
2180,1421
2179,1421
2178,1420
2177,1419
2176,1418
2176,1418
2175,1417
2174,1417
2173,1416
2172,1416
2171,1415
2170,1415
2170,1414
2169,1414
2168,1414
2167,1413
2167,1413
2166,1413
2165,1413
2164,1413
2164,1413
2163,1413
2163,1414
2162,1414
2161,1415
2161,1415
2160,1416
2160,1417
2159,1418
2159,1419
2158,1420
2158,1422
2157,1423
2157,1425
2156,1427
2155,1429
2155,1431
2154,1433
2153,1435
2153,1437
2152,1440
2151,1442
2151,1445
2150,1447
2149,1450
2149,1453
2148,1455
2148,1458
2147,1460
2146,1463
2146,1465
2145,1468
2145,1470
2144,1473
2144,1475
2143,1477
2143,1479
2142,1482
2142,1484
2142,1486
2141,1488
2141,1490
2141,1491
2140,1493
2140,1495
2140,1496
2139,1498
2139,1500
2139,1501
2139,1502
2139,1503
2139,1505
2139,1506
2139,1507
2139,1508
2139,1509
2139,1510
2139,1510
2139,1511
2139,1512
2139,1512
2139,1513
2140,1513
2140,1514
2140,1514
2141,1514
2141,1514
2142,1515
2142,1515
2142,1515
2143,1515
2143,1515
2144,1515
2144,1515
2145,1515
2145,1515
2145,1515
2146,1515
2146,1515
2147,1515
2147,1515
2147,1514
2148,1514
2148,1514
2148,1514
2149,1514
2149,1514
2149,1514
2150,1514
2150,1514
2150,1513
2150,1513
2150,1513
2151,1513
2151,1513
2151,1513
2151,1513
2152,1512
2152,1512
2152,1512
2153,1511
2153,1511
2153,1511
2154,1510
2154,1510
2155,1510
2155,1509
2155,1509
2156,1508
2156,1508
2156,1507
2157,1506
2157,1506
2158,1505
2158,1505
2158,1504
2159,1503
2159,1503
2159,1502
2160,1501
2160,1501
2160,1500
2161,1499
2161,1498
2161,1498
2162,1497
2162,1496
2162,1495
2162,1495
2163,1494
2163,1493
2163,1493
2163,1492
2163,1492
2164,1491
2164,1490
2164,1490
2164,1489
2164,1488
2164,1488
2164,1487
2164,1486
2164,1486
2164,1485
2164,1485
2164,1484
2164,1483
2164,1483
2164,1482
2164,1482
2164,1481
2163,1480
2163,1480
2163,1479
2163,1478
2163,1478
2163,1477
2163,1476
2163,1475
2163,1474
2163,1473
2163,1472
2163,1471
2163,1470
2163,1469
2163,1468
2163,1467
2163,1465
2164,1464
2164,1463
2164,1462
2164,1460
2165,1459
2165,1458
2165,1457
2166,1455
2166,1454
2166,1453
2167,1452
2167,1451
2167,1449
2168,1448
2168,1447
2168,1446
2169,1445
2169,1444
2170,1443
2170,1442
2171,1441
2171,1440
2172,1439
2172,1438
2172,1437
2173,1436
2173,1435
2174,1435
2175,1434
2175,1433
2176,1432
2176,1431
2177,1430
2177,1429
2178,1429
2179,1428
2179,1427
2180,1426
2180,1425
2181,1424
2182,1423
2182,1423
2183,1422
2183,1421
2184,1420
2184,1419
2185,1419
2185,1418
2186,1417
2186,1416
2187,1415
2187,1415
2188,1414
2188,1413
2189,1412
2189,1411
2190,1410
2191,1409
2191,1409
2192,1408
2193,1407
2193,1406
2194,1405
2195,1404
2195,1403
2196,1402
2197,1401
2198,1399
2199,1398
2200,1397
2201,1396
2201,1394
2202,1393
2203,1392
2204,1390
2205,1389
2206,1387
2207,1386
2208,1384
2210,1383
2211,1381
2211,1380
2212,1379
2213,1377
2214,1376
2215,1375
2216,1374
2216,1373
2217,1372
2218,1371
2218,1370
2218,1370
2219,1370
2219,1369
2219,1369
2219,1369
2218,1370
2218,1370
2218,1371
2217,1371
2217,1372
2216,1373
2215,1374
2214,1375
2213,1376
2213,1378
2212,1379
2210,1380
2209,1381
2208,1383
2207,1384
2206,1386
2205,1387
2203,1389
2202,1390
2200,1392
2199,1393
2197,1395
2196,1397
2194,1398
2192,1400
2191,1401
2189,1403
2187,1405
2185,1406
2183,1408
2182,1410
2180,1412
2178,1413
2175,1415
2173,1417
2171,1418
2169,1420
2167,1422
2165,1424
2162,1425
2160,1427
2158,1429
2155,1430
2153,1432
2151,1433
2148,1435
2146,1436
2144,1438
2141,1439
2139,1440
2137,1441
2134,1442
2132,1443
2130,1444
2128,1445
2125,1446
2123,1446
2121,1447
2119,1447
2116,1448
2114,1448
2112,1449
2110,1449
2108,1449
2106,1449
2103,1449
2101,1449
2100,1449
2098,1449
2096,1449
2094,1449
2092,1449
2091,1449
2089,1449
2088,1449
2086,1449
2085,1449
2084,1449
2082,1449
2081,1449
2080,1449
2079,1450
2078,1450
2077,1450
2077,1450
2076,1451
2075,1451
2075,1451
2074,1452
2074,1452
2074,1453
2073,1453
2073,1454
2073,1454
2072,1455
2072,1455
2072,1456
2072,1457
2071,1457
2071,1458
2071,1459
2071,1459
2070,1460
2070,1461
2070,1461
2070,1462
2069,1463
2069,1463
2069,1464
2068,1465
2068,1465
2068,1466
2068,1466
2067,1467
2067,1467
2067,1468
2066,1468
2066,1469
2066,1469
2065,1470
2065,1470
2065,1470
2065,1470
2065,1471
2065,1471
2064,1471
2064,1471
2064,1471
2064,1471
2064,1471
2064,1471
2064,1471
2064,1471
2064,1471
2064,1471
2064,1471
2064,1471
2063,1472
2063,1472
2063,1472
2063,1472
2063,1473
2063,1473
2063,1473
2062,1474
2062,1474
2062,1475
2061,1475
2061,1476
2061,1476
2060,1477
2060,1478
2059,1479
2058,1480
2058,1481
2057,1482
2056,1483
2055,1485
2054,1486
2054,1488
2053,1489
2052,1491
2050,1493
2049,1495
2048,1497
2047,1499
2046,1501
2045,1503
2043,1506
2042,1508
2041,1511
2039,1513
2038,1516
2037,1519
2035,1521
2034,1524
2032,1527
2031,1530
2029,1533
2028,1536
2026,1539
2025,1542
2023,1545
2022,1548
2020,1551
2019,1554
2017,1557
2015,1560
2014,1564
2012,1567
2010,1570
2009,1574
2007,1577
2005,1580
2003,1584
2001,1587
1999,1590
1997,1594
1995,1597
1993,1601
1991,1604
1989,1608
1987,1611
1985,1615
1983,1618
1981,1621
1979,1624
1977,1628
1975,1631
1973,1634
1970,1637
1968,1640
1966,1643
1964,1645
1962,1648
1960,1651
1957,1653
1955,1656
1953,1658
1951,1660
1948,1663
1946,1665
1944,1667
1941,1670
1939,1672
1936,1674
1934,1676
1931,1679
1928,1681
1925,1683
1922,1686
1919,1688
1916,1691
1913,1693
1910,1696
1907,1698
1904,1701
1900,1704
1897,1707
1893,1710
1890,1713
1886,1716
1882,1719
1879,1722
1875,1725
1871,1728
1867,1731
1864,1734
1860,1737
1856,1740
1852,1743
1848,1747
1845,1750
1841,1753
1837,1756
1833,1759
1829,1762
1826,1765
1822,1768
1818,1771
1814,1775
1810,1778
1806,1781
1803,1784
1799,1787
1795,1791
1791,1794
1787,1797
1783,1800
1779,1803
1775,1806
1771,1810
1767,1813
1764,1816
1760,1819
1756,1822
1752,1825
1748,1828
1744,1831
1740,1834
1736,1837
1732,1840
1728,1843
1724,1847
1720,1850
1716,1853
1712,1856
1708,1859
1704,1861
1700,1864
1696,1867
1692,1870
1688,1873
1685,1876
1681,1879
1677,1881
1673,1884
1669,1887
1665,1890
1661,1892
1657,1895
1653,1897
1649,1900
1645,1902
1641,1905
1637,1907
1633,1909
1629,1911
1625,1913
1621,1915
1617,1917
1613,1919
1609,1921
1605,1922
1602,1924
1598,1925
1594,1927
1590,1928
1586,1929
1582,1930
1578,1931
1575,1932
1571,1933
1567,1934
1563,1934
1559,1935
1556,1935
1552,1936
1548,1936
1544,1936
1541,1937
1537,1937
1533,1937
1530,1937
1526,1937
1523,1936
1519,1936
1515,1936
1512,1936
1508,1935
1505,1935
1502,1934
1498,1934
1495,1933
1491,1933
1488,1932
1485,1931
1481,1931
1478,1930
1475,1929
1472,1928
1468,1928
1465,1927
1462,1926
1459,1925
1456,1924
1453,1923
1449,1922
1446,1921
1443,1921
1440,1920
1437,1919
1435,1918
1432,1917
1429,1916
1426,1915
1424,1914
1421,1914
1419,1913
1416,1912
1414,1911
1412,1911
1410,1910
1408,1909
1407,1909
1405,1908
1404,1908
1403,1908
1402,1907
1402,1907
1401,1907
1401,1907
1401,1907
1401,1907
1401,1907
1402,1907
1402,1907
1403,1907
1404,1907
1405,1908
1407,1908
1408,1909
1410,1909
1412,1910
1414,1911
1416,1911
1418,1912
1420,1913
1422,1913
1424,1914
1427,1915
1429,1916
1432,1916
1434,1917
1437,1918
1439,1918
1442,1919
1444,1920
1447,1920
1450,1921
1452,1921
1455,1922
1457,1922
1460,1923
1462,1923
1465,1923
1467,1924
1470,1924
1472,1924
1475,1924
1477,1925
1480,1925
1482,1925
1485,1925
1488,1926
1490,1926
1493,1926
1496,1926
1498,1927
1501,1927
1504,1927
1507,1928
1510,1928
1513,1929
1517,1929
1520,1930
1524,1930
1528,1931
1531,1931
1535,1932
1540,1932
1544,1933
1548,1933
1553,1934
1558,1935
1563,1935
1568,1936
1573,1936
1578,1936
1584,1937
1590,1937
1596,1938
1602,1938
1608,1938
1614,1939
1621,1939
1627,1939
1634,1939
1641,1939
1648,1939
1655,1939
1662,1939
1670,1939
1677,1939
1685,1939
1692,1938
1700,1938
1708,1937
1716,1937
1723,1936
1731,1936
1740,1935
1748,1934
1756,1933
1764,1932
1773,1931
1781,1930
1790,1929
1798,1928
1807,1926
1816,1925
1824,1923
1833,1921
1842,1919
1851,1918
1860,1915
1869,1913
1879,1911
1888,1909
1897,1906
1906,1904
1916,1901
1925,1898
1935,1896
1944,1893
1954,1890
1964,1887
1973,1883
1983,1880
1993,1877
2003,1873
2013,1870
2023,1866
2033,1863
2043,1859
2053,1856
2063,1852
2073,1848
2083,1845
2093,1841
2103,1838
2113,1834
2123,1831
2133,1827
2143,1824
2153,1820
2162,1817
2172,1813
2181,1810
2191,1806
2200,1803
2209,1799
2219,1796
2228,1792
2236,1788
2245,1785
2254,1781
2262,1777
2271,1774
2279,1770
2287,1766
2295,1762
2302,1758
2310,1754
2317,1751
2324,1747
2331,1743
2338,1739
2345,1735
2351,1731
2358,1728
2364,1724
2370,1720
2376,1717
2382,1713
2388,1710
2394,1707
2399,1703
2405,1700
2410,1698
2415,1695
2421,1693
2426,1690
2431,1688
2436,1686
2440,1684
2445,1683
2450,1681
2454,1680
2459,1679
2463,1678
2468,1677
2472,1676
2476,1676
2480,1676
2484,1676
2488,1676
2492,1676
2496,1676
2499,1677
2503,1677
2506,1678
2510,1679
2513,1680
2516,1681
2519,1683
2522,1684
2525,1686
2527,1688
2530,1690
2533,1692
2535,1694
2538,1696
2540,1698
2542,1700
2544,1703
2546,1705
2548,1708
2550,1710
2552,1713
2554,1716
2555,1719
2557,1722
2558,1724
2560,1727
2561,1730
2563,1734
2564,1737
2565,1740
2566,1743
2567,1746
2568,1749
2569,1753
2570,1756
2571,1760
2571,1763
2572,1767
2572,1770
2573,1774
2573,1778
2573,1781
2573,1785
2573,1789
2573,1793
2573,1797
2573,1801
2572,1805
2572,1810
2571,1814
2570,1818
2569,1823
2568,1827
2567,1832
2566,1837
2565,1841
2563,1846
2562,1851
2560,1856
2558,1861
2557,1866
2555,1871
2553,1876
2551,1881
2549,1886
2547,1891
2545,1896
2543,1901
2541,1906
2539,1911
2537,1916
2535,1921
2534,1925
2532,1930
2531,1934
2529,1938
2528,1943
2527,1947
2526,1950
2526,1954
2525,1957
2525,1960
2524,1963
2524,1966
2524,1969
2524,1972
2525,1974
2525,1976
2525,1978
2526,1980
2526,1982
2527,1983
2528,1984
2528,1986
2529,1987
2530,1988
2531,1989
2532,1989
2533,1990
2534,1990
2535,1991
2536,1991
2536,1991
2537,1991
2538,1991
2539,1991
2540,1991
2541,1991
2542,1991
2543,1991
2544,1990
2544,1990
2545,1990
2546,1989
2546,1989
2547,1988
2547,1987
2548,1987
2548,1986
2548,1985
2548,1985
2548,1984
2547,1983
2547,1983
2546,1982
2545,1981
2544,1981
2543,1980
2541,1979
2540,1979
2538,1978
2537,1977
2535,1976
2533,1976
2532,1975
2530,1974
2528,1973
2526,1972
2525,1971
2523,1970
2521,1969
2520,1968
2518,1967
2516,1966
2515,1965
2513,1963
2512,1962
2511,1961
2509,1960
2508,1959
2507,1958
2506,1956
2504,1955
2503,1954
2502,1953
2501,1952
2500,1950
2499,1949
2498,1948
2497,1946
2496,1945
2494,1944
2493,1943
2492,1941
2491,1940
2490,1939
2489,1937
2488,1936
2487,1935
2485,1933
2484,1932
2483,1931
2482,1929
2481,1928
2480,1927
2479,1925
2478,1924
2476,1923
2475,1921
2474,1920
2473,1918
2472,1917
2471,1916
2470,1914
2469,1913
2468,1911
2467,1910
2466,1909
2465,1907
2464,1906
2463,1904
2462,1903
2461,1901
2460,1900
2459,1898
2458,1897
2457,1896
2456,1894
2455,1893
2454,1891
2453,1890
2452,1888
2451,1887
2450,1885
2449,1884
2448,1882
2447,1881
2446,1879
2446,1878
2445,1876
2444,1875
2443,1874
2442,1872
2441,1871
2440,1869
2439,1868
2438,1866
2438,1865
2437,1863
2436,1862
2435,1860
2435,1859
2434,1857
2433,1856
2432,1855
2432,1853
2431,1852
2430,1850
2430,1849
2429,1848
2429,1846
2428,1845
2427,1844
2426,1842
2426,1841
2425,1840
2424,1839
2423,1838
2422,1837
2422,1836
2421,1836
2419,1835
2418,1834
2417,1834
2416,1834
2415,1833
2414,1833
2412,1833
2411,1833
2409,1833
2408,1833
2406,1833
2405,1834
2403,1834
2402,1835
2400,1835
2398,1836
2397,1837
2395,1838
2393,1839
2392,1840
2390,1841
2388,1842
2387,1843
2385,1844
2384,1845
2382,1846
2380,1848
2379,1849
2377,1850
2376,1852
2374,1853
2373,1854
2372,1856
2370,1857
2369,1859
2368,1860
2366,1861
2365,1863
2364,1864
2363,1866
2362,1867
2361,1868
2360,1870
2359,1871
2358,1872
2357,1873
2357,1874
2356,1876
2355,1877
2355,1878
2354,1879
2354,1879
2353,1880
2353,1881
2352,1882
2352,1882
2352,1883
2352,1883
2351,1884
2351,1884
2351,1884
2351,1885
2351,1885
2351,1885
2351,1885
2351,1885
2352,1885
2352,1885
2352,1884
2353,1884
2353,1884
2353,1884
2354,1883
2354,1883
2355,1883
2356,1882
2356,1882
2357,1882
2357,1881
2358,1881
2358,1881
2359,1881
2359,1881
2360,1881
2360,1881
2360,1881
2361,1881
2361,1881
2361,1881
2361,1882
2361,1882
2361,1883
2361,1884
2361,1884
2360,1885
2360,1886
2360,1887
2359,1888
2359,1889
2358,1890
2358,1892
2358,1893
2357,1894
2357,1895
2356,1896
2356,1898
2355,1899
2355,1900
2355,1902
2354,1903
2354,1904
2354,1905
2354,1907
2354,1908
2354,1909
2354,1910
2354,1912
2354,1913
2354,1914
2354,1915
2354,1916
2354,1917
2355,1918
2355,1919
2355,1921
2356,1922
2356,1923
2357,1924
2357,1925
2358,1926
2358,1926
2359,1927
2359,1928
2360,1929
2360,1930
2361,1931
2361,1932
2362,1932
2362,1933
2363,1933
2363,1934
2364,1934
2364,1935
2364,1935
2365,1936
2365,1936
2366,1936
2366,1936
2366,1936
2366,1936
2366,1936
2366,1937
2366,1937
2366,1937
2366,1937
2366,1937
2366,1937
2365,1937
2365,1937
2364,1938
2364,1938
2363,1938
2363,1939
2362,1939
2361,1939
2361,1940
2360,1940
2360,1941
2359,1941
2358,1942
2358,1942
2357,1943
2357,1943
2357,1944
2357,1944
2356,1945
2356,1945
2357,1946
2357,1946
2357,1946
2358,1947
2358,1947
2359,1947
2360,1947
2360,1947
2361,1948
2362,1948
2363,1948
2364,1948
2365,1948
2366,1948
2367,1949
2368,1949
2369,1949
2370,1949
2370,1950
2371,1950
2371,1951
2371,1951
2371,1952
2371,1952
2371,1952
2371,1953
2370,1953
2369,1954
2368,1954
2367,1954
2366,1954
2365,1955
2363,1954
2361,1954
2360,1954
2358,1954
2355,1953
2353,1952
2351,1951
2348,1950
2346,1949
2343,1948
2340,1946
2338,1945
2335,1943
2332,1941
2330,1939
2327,1937
2324,1935
2321,1932
2319,1930
2316,1927
2313,1924
2310,1921
2308,1918
2305,1915
2302,1912
2299,1908
2296,1905
2293,1902
2289,1899
2286,1896
2282,1893
2278,1890
2274,1887
2270,1885
2266,1882
2262,1880
2258,1877
2253,1875
2249,1872
2245,1870
2242,1867
2238,1864
2235,1861
2233,1858
2230,1855
2228,1851
2227,1847
2226,1843
2225,1839
2225,1835
2225,1830
2225,1825
2226,1820
2227,1814
2228,1809
2230,1803
2232,1798
2234,1792
2236,1786
2239,1780
2241,1774
2243,1769
2245,1763
2247,1758
2249,1753
2250,1748
2251,1743
2252,1738
2253,1734
2253,1731
2252,1727
2252,1724
2251,1721
2250,1719
2248,1716
2246,1715
2244,1713
2242,1711
2240,1710
2238,1708
2235,1707
2233,1706
2231,1704
2229,1703
2227,1702
2225,1700
2223,1699
2221,1697
2220,1696
2218,1694
2217,1693
2215,1691
2214,1690
2212,1689
2211,1688
2210,1686
2208,1685
2207,1685
2205,1684
2204,1683
2202,1683
2201,1682
2199,1682
2198,1682
2196,1683
2194,1683
2192,1684
2191,1684
2189,1685
2187,1686
2185,1688
2183,1689
2181,1691
2179,1692
2177,1694
2175,1696
2173,1698
2171,1701
2169,1703
2167,1706
2165,1709
2163,1711
2161,1714
2159,1717
2157,1720
2155,1723
2153,1726
2151,1729
2149,1733
2147,1736
2146,1739
2144,1742
2142,1745
2140,1748
2138,1752
2136,1755
2134,1758
2132,1761
2130,1764
2128,1767
2126,1770
2125,1773
2123,1776
2121,1779
2119,1781
2117,1784
2115,1787
2113,1789
2111,1792
2109,1795
2107,1797
2105,1800
2103,1803
2101,1805
2099,1808
2097,1810
2095,1813
2092,1816
2090,1818
2088,1821
2086,1823
2083,1826
2081,1829
2078,1831
2076,1834
2073,1836
2071,1839
2068,1842
2066,1844
2063,1847
2060,1849
2057,1851
2055,1854
2052,1856
2049,1858
2046,1861
2044,1863
2041,1865
2038,1867
2035,1869
2033,1871
2030,1873
2027,1875
2024,1876
2021,1878
2019,1880
2016,1882
2013,1883
2010,1885
2007,1886
2005,1888
2002,1889
1999,1891
1996,1892
1994,1894
1991,1895
1988,1896
1986,1897
1983,1899
1981,1900
1978,1901
1976,1902
1973,1903
1971,1904
1969,1904
1966,1905
1964,1906
1962,1907
1960,1907
1958,1908
1955,1909
1953,1909
1951,1910
1949,1910
1947,1911
1945,1911
1943,1912
1942,1912
1940,1912
1938,1913
1936,1913
1934,1913
1932,1914
1930,1914
1929,1914
1927,1914
1925,1914
1923,1915
1921,1915
1920,1915
1918,1915
1916,1915
1914,1916
1913,1916
1911,1916
1909,1916
1908,1916
1906,1916
1904,1917
1902,1917
1901,1917
1899,1917
1897,1917
1896,1917
1894,1917
1892,1918
1891,1918
1889,1918
1888,1918
1886,1918
1884,1918
1883,1919
1881,1919
1880,1919
1878,1919
1876,1919
1875,1919
1873,1920
1872,1920
1870,1920
1869,1920
1867,1920
1865,1921
1864,1921
1862,1921
1861,1921
1859,1921
1858,1922
1856,1922
1855,1922
1853,1922
1852,1922
1850,1922
1849,1923
1847,1923
1846,1923
1844,1923
1843,1923
1841,1923
1840,1924
1838,1924
1837,1924
1835,1924
1834,1924
1832,1924
1831,1924
1829,1925
1828,1925
1826,1925
1825,1925
1823,1925
1822,1925
1820,1925
1819,1925
1817,1925
1816,1925
1814,1925
1813,1925
1812,1925
1810,1925
1809,1925
1808,1925
1806,1924
1805,1924
1804,1924
1802,1924
1801,1923
1800,1923
1799,1923
1797,1923
1796,1922
1795,1922
1794,1922
1792,1921
1791,1921
1790,1921
1788,1920
1787,1920
1786,1920
1785,1920
1783,1919
1782,1919
1781,1919
1779,1919
1778,1919
1777,1918
1775,1918
1774,1918
1773,1918
1771,1918
1770,1918
1768,1918
1767,1918
1765,1918
1764,1918
1763,1918
1761,1918
1760,1918
1758,1918
1757,1918
1756,1918
1754,1918
1753,1918
1751,1918
1750,1918
1749,1918
1747,1918
1746,1918
1744,1918
1743,1919
1742,1919
1740,1919
1739,1919
1737,1919
1736,1919
1735,1919
1733,1919
1732,1919
1731,1919
1729,1919
1728,1919
1727,1919
1725,1919
1724,1919
1722,1920
1721,1920
1720,1920
1718,1920
1717,1920
1716,1920
1714,1920
1713,1921
1712,1921
1710,1921
1709,1921
1707,1921
1706,1922
1705,1922
1703,1922
1702,1922
1700,1923
1699,1923
1698,1923
1696,1923
1695,1924
1693,1924
1692,1925
1690,1925
1689,1925
1687,1926
1686,1926
1685,1926
1683,1927
1682,1927
1680,1928
1679,1928
1677,1928
1676,1929
1674,1929
1673,1929
1671,1930
1670,1930
1668,1930
1667,1931
1666,1931
1664,1931
1663,1932
1661,1932
1660,1932
1658,1932
1657,1933
1655,1933
1654,1933
1653,1933
1651,1933
1650,1934
1648,1934
1647,1934
1645,1934
1644,1934
1643,1935
1641,1935
1640,1935
1638,1935
1637,1935
1636,1935
1634,1936
1633,1936
1631,1936
1630,1936
1629,1936
1627,1936
1626,1937
1625,1937
1623,1937
1622,1937
1621,1937
1619,1937
1618,1937
1616,1937
1615,1937
1614,1937
1612,1938
1611,1938
1610,1938
1609,1938
1607,1938
1606,1938
1605,1938
1603,1938
1602,1938
1601,1938
1600,1937
1598,1937
1597,1937
1596,1937
1595,1937
1593,1937
1592,1937
1591,1937
1590,1937
1588,1937
1587,1937
1586,1937
1585,1936
1584,1936
1582,1936
1581,1936
1580,1936
1579,1936
1578,1936
1577,1936
1575,1936
1574,1936
1573,1936
1572,1936
1571,1936
1570,1936
1568,1936
1567,1936
1566,1936
1565,1937
1564,1937
1563,1937
1562,1937
1561,1937
1560,1937
1559,1937
1558,1937
1557,1938
1556,1938
1555,1938
1554,1938
1554,1938
1553,1938
1552,1939
1552,1939
1551,1939
1550,1939
1550,1939
1549,1939
1549,1939
1549,1939
1548,1939
1548,1939
1548,1939
1547,1939
1547,1939
1547,1939
1547,1939
1547,1939
1547,1939
1547,1939
1547,1939
1547,1939
1547,1939
1547,1939
1547,1939
1547,1939
1548,1939
1548,1939
1548,1939
1548,1939
1548,1939
1549,1939
1549,1939
1549,1939
1550,1939
1550,1940
1550,1940
1551,1940
1551,1940
1552,1941
1552,1941
1552,1941
1553,1941
1553,1942
1554,1942
1554,1942
1555,1942
1555,1943
1556,1943
1556,1943
1557,1943
1558,1943
1558,1944
1559,1944
1559,1944
1560,1944
1561,1944
1561,1944
1562,1943
1563,1943
1563,1943
1564,1943
1565,1942
1565,1942
1566,1942
1567,1941
1567,1941
1568,1940
1569,1939
1570,1939
1570,1938
1571,1937
1572,1937
1573,1936
1573,1935
1574,1934
1575,1933
1576,1932
1577,1931
1577,1930
1578,1929
1579,1928
1580,1927
1581,1926
1582,1925
1583,1924
1583,1923
1584,1921
1585,1920
1586,1919
1587,1918
1588,1916
1589,1915
1590,1914
1591,1912
1592,1911
1593,1909
1593,1908
1594,1906
1595,1905
1596,1903
1597,1902
1598,1900
1598,1899
1599,1897
1600,1896
1601,1894
1601,1892
1602,1891
1603,1889
1603,1888
1604,1886
1604,1884
1605,1883
1605,1881
1606,1880
1606,1878
1606,1877
1607,1875
1607,1873
1607,1872
1607,1870
1607,1869
1607,1867
1607,1866
1607,1864
1607,1863
1607,1861
1607,1859
1607,1858
1606,1856
1606,1855
1606,1853
1606,1851
1605,1850
1605,1848
1605,1847
1604,1845
1604,1844
1603,1842
1603,1841
1603,1839
1602,1838
1602,1837
1601,1836
1601,1834
1601,1833
1600,1832
1600,1831
1599,1830
1599,1829
1599,1828
1598,1828
1598,1827
1597,1826
1597,1826
1596,1825
1596,1825
1595,1824
1595,1823
1594,1823
1594,1822
1593,1822
1593,1822
1592,1821
1591,1820
1591,1820
1590,1819
1589,1819
1588,1818
1588,1818
1587,1817
1586,1816
1585,1815
1584,1814
1583,1814
1582,1813
1581,1812
1580,1811
1579,1810
1578,1809
1577,1808
1576,1807
1575,1806
1573,1805
1572,1804
1571,1802
1570,1801
1569,1800
1567,1799
1566,1798
1565,1797
1564,1796
1562,1795
1561,1794
1560,1794
1559,1793
1557,1792
1556,1791
1555,1791
1553,1790
1552,1790
1551,1789
1550,1789
1548,1788
1547,1788
1546,1788
1545,1788
1543,1788
1542,1788
1541,1788
1540,1788
1539,1789
1538,1789
1537,1790
1536,1790
1535,1791
1534,1792
1533,1793
1531,1793
1530,1794
1529,1795
1528,1797
1527,1798
1526,1799
1525,1801
1524,1802
1523,1804
1522,1805
1521,1807
1520,1809
1518,1810
1517,1812
1516,1814
1514,1816
1513,1818
1511,1820
1510,1822
1508,1824
1507,1826
1505,1828
1503,1830
1502,1832
1500,1834
1498,1836
1496,1839
1495,1841
1493,1843
1491,1845
1489,1847
1487,1849
1485,1851
1483,1853
1481,1855
1479,1857
1477,1859
1475,1861
1473,1863
1471,1864
1469,1866
1467,1868
1464,1870
1462,1871
1460,1873
1458,1875
1456,1876
1454,1878
1452,1879
1449,1880
1447,1882
1445,1883
1443,1884
1440,1885
1438,1886
1436,1887
1434,1888
1432,1889
1429,1889
1427,1890
1425,1890
1423,1890
1421,1891
1418,1891
1416,1891
1414,1891
1412,1891
1410,1890
1408,1890
1406,1890
1404,1890
1402,1889
1401,1889
1399,1888
1397,1887
1395,1887
1394,1886
1392,1885
1390,1885
1389,1884
1387,1883
1386,1882
1384,1881
1383,1880
1381,1879
1380,1879
1379,1878
1377,1877
1376,1876
1374,1875
1373,1874
1372,1873
1371,1873
1369,1872
1368,1871
1367,1870
1366,1869
1365,1869
1364,1868
1363,1867
1362,1866
1361,1865
1360,1864
1359,1863
1358,1861
1358,1860
1357,1859
1357,1857
1356,1855
1356,1854
1356,1852
1356,1850
1356,1847
1356,1845
1356,1842
1356,1840
1357,1837
1358,1834
1358,1831
1359,1828
1360,1824
1361,1821
1362,1817
1363,1814
1365,1810
1366,1806
1367,1803
1369,1799
1370,1795
1372,1792
1373,1788
1375,1784
1376,1781
1378,1778
1379,1775
1381,1772
1382,1769
1384,1766
1385,1764
1386,1762
1387,1760
1388,1758
1389,1756
1390,1754
1391,1753
1392,1751
1392,1750
1393,1749
1394,1748
1394,1747
1395,1746
1395,1745
1396,1744
1397,1743
1397,1742
1398,1740
1399,1739
1400,1738
1401,1737
1402,1735
1403,1734
1405,1733
1406,1731
1408,1730
1410,1728
1411,1727
1413,1726
1415,1724
1417,1723
1420,1722
1422,1721
1424,1720
1426,1719
1429,1718
1431,1717
1433,1716
1435,1716
1438,1715
1440,1715
1442,1714
1444,1714
1446,1714
1447,1713
1449,1713
1450,1713
1452,1713
1453,1713
1454,1712
1454,1712
1455,1712
1455,1711
1455,1711
1455,1710
1455,1710
1455,1709
1454,1708
1453,1708
1452,1707
1451,1706
1450,1705
1448,1704
1446,1703
1445,1702
1443,1700
1440,1699
1438,1698
1436,1697
1433,1696
1430,1694
1428,1693
1425,1692
1422,1691
1419,1689
1415,1688
1412,1687
1409,1686
1405,1685
1402,1684
1398,1682
1394,1681
1391,1680
1387,1679
1383,1678
1379,1677
1375,1676
1371,1675
1367,1675
1363,1674
1359,1673
1355,1672
1350,1672
1346,1671
1342,1670
1338,1670
1334,1669
1329,1668
1325,1668
1321,1667
1317,1667
1312,1666
1308,1666
1304,1665
1300,1664
1295,1664
1291,1663
1287,1662
1283,1661
1279,1661
1275,1660
1271,1659
1266,1658
1262,1657
1258,1656
1254,1655
1250,1654
1246,1653
1243,1652
1239,1650
1235,1649
1231,1648
1227,1647
1224,1645
1220,1644
1216,1642
1213,1641
1209,1639
1206,1638
1202,1636
1199,1635
1196,1633
1193,1632
1189,1630
1186,1628
1183,1627
1180,1625
1177,1623
1174,1621
1171,1620
1169,1618
1166,1616
1164,1614
1161,1612
1159,1610
1156,1608
1154,1606
1152,1604
1150,1602
1149,1600
1147,1598
1145,1596
1144,1594
1143,1591
1141,1589
1140,1586
1140,1584
1139,1582
1138,1579
1138,1576
1138,1574
1138,1571
1138,1569
1138,1566
1138,1564
1138,1561
1139,1559
1139,1556
1140,1554
1141,1552
1142,1550
1143,1548
1144,1546
1145,1544
1146,1542
1147,1540
1148,1539
1150,1537
1151,1536
1152,1534
1153,1533
1155,1532
1156,1531
1157,1529
1158,1528
1159,1527
1160,1527
1161,1526
1162,1525
1163,1524
1164,1524
1164,1523
1165,1522
1166,1522
1166,1521
1167,1521
1167,1520
1167,1520
1167,1519
1167,1519
1167,1518
1167,1518
1167,1518
1167,1517
1166,1517
1166,1517
1165,1516
1165,1516
1164,1515
1163,1515
1162,1515
1161,1514
1160,1514
1159,1513
1158,1513
1157,1513
1155,1512
1154,1512
1152,1511
1151,1511
1150,1511
1148,1510
1146,1510
1145,1510
1143,1509
1141,1509
1140,1509
1138,1509
1136,1509
1134,1509
1133,1509
1131,1509
1129,1509
1127,1509
1125,1510
1124,1510
1122,1510
1120,1511
1118,1511
1116,1512
1114,1512
1113,1513
1111,1513
1109,1514
1107,1514
1105,1515
1104,1515
1102,1516
1100,1517
1098,1517
1096,1518
1095,1518
1093,1519
1091,1520
1090,1520
1088,1521
1086,1521
1085,1522
1083,1523
1082,1523
1080,1524
1079,1524
1077,1525
1076,1526
1074,1526
1073,1527
1071,1528
1070,1528
1069,1529
1067,1530
1066,1530
1065,1531
1063,1532
1062,1532
1061,1533
1060,1533
1058,1534
1057,1535
1056,1535
1054,1536
1053,1536
1052,1537
1051,1537
1049,1538
1048,1538
1047,1539
1046,1539
1044,1540
1043,1540
1042,1541
1041,1541
1040,1541
1039,1541
1037,1542
1036,1542
1035,1542
1034,1543
1033,1543
1032,1543
1031,1543
1030,1544
1029,1544
1028,1545
1027,1545
1026,1546
1026,1546
1025,1547
1024,1547
1023,1548
1023,1548
1022,1549
1021,1550
1021,1551
1020,1552
1020,1553
1019,1554
1019,1555
1018,1556
1018,1557
1018,1558
1017,1559
1017,1561
1017,1562
1016,1563
1016,1565
1016,1566
1015,1567
1015,1568
1015,1570
1014,1571
1014,1572
1014,1573
1013,1574
1013,1576
1013,1577
1012,1578
1012,1579
1011,1580
1011,1581
1011,1582
1010,1583
1010,1585
1010,1586
1009,1587
1009,1588
1009,1589
1008,1590
1008,1591
1007,1592
1007,1593
1007,1595
1006,1596
1006,1597
1006,1598
1005,1599
1005,1601
1005,1602
1005,1603
1004,1604
1004,1605
1004,1606
1003,1608
1003,1609
1003,1610
1003,1611
1002,1612
1002,1613
1002,1615
1002,1616
1002,1617
1001,1618
1001,1619
1001,1620
1001,1621
1001,1622
1001,1623
1000,1624
1000,1625
1000,1626
1000,1627
1000,1628
1000,1629
1000,1630
999,1630
999,1631
999,1632
999,1632
999,1633
998,1633
998,1634
998,1634
998,1634
997,1634
997,1635
997,1635
997,1635
996,1635
996,1635
996,1635
995,1635
995,1635
994,1635
994,1635
994,1635
993,1635
993,1635
992,1635
992,1635
992,1635
991,1635
991,1635
990,1635
990,1635
990,1635
989,1635
989,1636
988,1636
988,1636
987,1636
987,1637
987,1637
986,1637
986,1637
985,1637
985,1637
984,1637
984,1637
983,1637
983,1637
982,1637
982,1637
981,1637
981,1637
980,1637
980,1637
979,1637
978,1637
978,1637
977,1637
977,1637
976,1637
975,1637
975,1637
974,1636
974,1636
973,1636
972,1636
972,1636
971,1636
971,1636
970,1636
970,1636
969,1636
968,1636
968,1636
967,1636
967,1636
966,1637
966,1637
965,1637
964,1637
964,1637
963,1637
963,1637
962,1637
962,1637
961,1637
961,1637
960,1637
960,1638
959,1638
958,1638
958,1638
957,1638
957,1638
956,1638
955,1638
955,1638
954,1638
954,1638
953,1638
952,1638
952,1638
951,1638
951,1638
950,1638
949,1638
949,1638
948,1638
947,1638
947,1638
946,1638
946,1638
945,1638
944,1638
944,1638
943,1638
942,1638
942,1638
941,1638
941,1638
940,1638
940,1638
939,1638
938,1638
938,1638
937,1638
937,1638
936,1638
935,1638
935,1638
934,1637
934,1637
933,1637
933,1637
932,1637
932,1637
931,1637
930,1636
930,1636
929,1636
929,1636
928,1635
928,1635
927,1635
927,1634
926,1634
925,1633
925,1633
924,1632
924,1631
923,1631
922,1630
921,1629
921,1628
920,1627
919,1626
918,1625
918,1624
917,1623
916,1621
915,1620
914,1619
913,1618
912,1616
911,1615
910,1613
909,1612
908,1611
907,1609
906,1608
904,1606
903,1605
902,1603
901,1602
900,1600
898,1599
897,1597
896,1596
895,1594
893,1592
892,1591
891,1589
890,1588
888,1586
887,1585
886,1583
884,1582
883,1580
882,1579
881,1577
879,1576
878,1574
877,1573
876,1571
874,1570
873,1568
872,1567
871,1565
870,1564
868,1562
867,1561
866,1559
865,1558
864,1556
862,1555
861,1553
860,1552
859,1550
858,1548
857,1547
856,1545
854,1544
853,1542
852,1541
851,1539
850,1537
849,1536
848,1534
847,1533
846,1531
845,1529
843,1527
842,1526
841,1524
840,1522
839,1521
838,1519
837,1517
836,1516
835,1514
833,1512
832,1511
831,1509
830,1507
829,1506
828,1504
827,1502
826,1501
825,1499
823,1497
822,1496
821,1494
820,1492
819,1491
817,1489
816,1487
815,1486
814,1484
813,1482
811,1481
810,1479
809,1477
808,1476
806,1474
805,1472
804,1471
802,1469
801,1467
800,1465
798,1463
797,1462
795,1460
794,1458
793,1456
791,1454
790,1452
788,1451
787,1449
785,1447
784,1445
782,1443
781,1442
779,1440
778,1438
776,1436
775,1434
773,1432
772,1430
770,1429
769,1427
767,1425
766,1423
764,1421
762,1419
761,1417
759,1415
758,1413
756,1411
754,1409
753,1407
751,1405
749,1403
748,1401
746,1399
744,1397
743,1395
741,1393
740,1391
738,1389
737,1388
735,1386
734,1384
732,1382
731,1381
730,1379
728,1378
727,1376
726,1375
725,1373
723,1372
722,1371
721,1369
720,1368
719,1366
718,1365
717,1364
716,1362
715,1361
714,1360
713,1359
712,1357
711,1356
710,1355
709,1353
708,1352
707,1351
706,1349
705,1348
704,1346
703,1345
702,1343
701,1342
701,1341
700,1339
699,1338
698,1337
698,1336
697,1335
696,1334
696,1333
695,1332
695,1331
694,1331
694,1330
694,1330
693,1329
693,1329
693,1328
692,1328
692,1328
692,1328
692,1327
691,1327
691,1327
691,1326
690,1326
690,1326
690,1325
690,1325
689,1325
689,1324
689,1324
688,1323
688,1323
688,1322
687,1322
687,1322
687,1321
687,1321
687,1320
686,1320
686,1320
686,1320
686,1319
686,1319
686,1319
686,1319
686,1319
686,1320
686,1320
686,1320
686,1321
686,1321
687,1322
687,1323
687,1323
687,1324
687,1325
687,1326
687,1327
688,1329
688,1330
688,1331
688,1332
688,1334
688,1335
689,1337
689,1338
689,1340
689,1342
690,1344
690,1346
691,1348
691,1350
692,1352
693,1354
694,1357
695,1359
696,1361
697,1364
698,1367
699,1369
701,1372
702,1375
704,1377
705,1380
707,1383
709,1386
711,1388
713,1391
715,1394
717,1397
720,1399
722,1402
725,1405
727,1408
730,1411
733,1414
736,1417
739,1420
742,1423
745,1426
748,1429
751,1432
754,1436
758,1439
761,1442
764,1445
768,1448
771,1452
775,1455
778,1458
782,1461
785,1464
789,1467
792,1470
796,1473
799,1475
802,1478
806,1480
809,1482
812,1484
814,1486
817,1487
820,1489
822,1490
825,1491
827,1491
829,1492
831,1492
832,1493
834,1493
835,1493
837,1492
838,1492
839,1492
840,1491
841,1490
841,1490
842,1489
842,1489
842,1488
842,1487
842,1487
842,1486
842,1485
842,1485
841,1484
841,1484
840,1484
840,1483
839,1483
839,1483
838,1483
837,1483
836,1483
835,1483
835,1483
834,1483
833,1483
832,1483
831,1484
830,1484
829,1484
828,1484
827,1485
826,1485
825,1485
823,1486
822,1486
821,1486
820,1486
819,1486
818,1486
817,1486
816,1486
814,1486
813,1486
812,1485
811,1485
810,1485
808,1484
807,1484
806,1483
805,1482
804,1482
802,1481
801,1480
800,1480
799,1479
798,1478
797,1477
796,1477
794,1476
793,1476
792,1475
791,1474
790,1474
789,1473
789,1472
788,1472
787,1471
786,1471
785,1470
784,1469
783,1469
782,1468
781,1467
780,1467
779,1466
778,1466
777,1465
776,1464
775,1464
775,1463
774,1463
773,1462
772,1462
771,1461
770,1461
769,1460
768,1460
767,1460
766,1460
765,1460
765,1459
764,1459
763,1459
762,1459
761,1459
760,1459
760,1459
759,1459
758,1459
757,1459
756,1459
755,1459
754,1458
753,1458
752,1458
751,1458
750,1457
749,1457
748,1456
747,1456
746,1455
745,1455
744,1454
742,1454
741,1453
740,1453
739,1452
738,1452
736,1451
735,1450
734,1450
732,1449
731,1449
730,1448
728,1447
727,1447
725,1446
724,1445
722,1445
721,1444
719,1443
717,1442
716,1441
714,1440
712,1439
710,1438
708,1436
706,1435
704,1434
702,1432
700,1431
698,1429
695,1428
693,1426
691,1424
688,1423
686,1421
683,1419
681,1417
678,1416
676,1414
673,1412
671,1410
668,1408
666,1407
664,1405
661,1403
659,1401
657,1400
654,1398
652,1397
650,1395
648,1394
646,1393
644,1391
643,1390
641,1390
640,1389
638,1388
637,1387
635,1387
634,1387
633,1386
632,1386
631,1386
630,1386
630,1387
629,1387
628,1388
628,1388
627,1389
627,1390
626,1391
626,1392
626,1394
626,1395
626,1397
626,1399
626,1400
626,1402
626,1405
627,1407
627,1409
628,1412
628,1414
629,1417
630,1420
630,1423
631,1426
632,1429
633,1432
634,1435
636,1439
637,1442
638,1446
640,1450
641,1454
643,1458
645,1462
646,1466
648,1470
650,1475
652,1479
654,1484
656,1488
658,1493
660,1498
662,1502
664,1507
666,1512
668,1516
670,1521
671,1525
673,1530
674,1534
676,1538
677,1542
678,1545
679,1549
680,1552
680,1555
680,1557
680,1560
680,1562
680,1564
679,1565
679,1567
678,1568
677,1568
676,1569
674,1569
673,1570
671,1570
669,1569
667,1569
666,1569
664,1568
662,1568
660,1567
658,1567
656,1566
654,1566
652,1566
651,1566
649,1566
647,1566
646,1566
644,1566
643,1566
642,1567
640,1568
639,1568
638,1569
637,1570
636,1571
635,1572
634,1573
633,1575
633,1576
632,1578
631,1579
631,1581
630,1583
629,1584
629,1586
628,1588
627,1589
627,1591
626,1593
626,1594
625,1596
624,1597
624,1599
623,1600
622,1602
621,1603
620,1604
619,1605
618,1606
617,1607
616,1608
615,1609
614,1610
613,1611
612,1612
611,1613
609,1613
608,1614
607,1615
606,1615
604,1616
603,1616
602,1617
601,1618
599,1618
598,1619
596,1619
595,1620
594,1620
592,1621
591,1621
589,1621
588,1622
586,1622
585,1623
583,1623
582,1624
580,1624
579,1624
577,1625
575,1625
574,1625
572,1626
571,1626
569,1626
567,1626
566,1626
564,1626
563,1626
561,1626
559,1626
558,1626
556,1626
555,1626
553,1626
551,1626
550,1625
548,1625
547,1625
545,1624
544,1624
542,1623
541,1623
539,1622
538,1622
537,1621
535,1620
534,1620
533,1619
532,1618
530,1617
529,1616
528,1616
527,1615
526,1614
525,1613
523,1612
522,1611
521,1610
520,1609
519,1609
518,1608
517,1607
516,1606
515,1605
514,1604
513,1603
512,1602
511,1601
510,1600
509,1599
507,1597
506,1596
505,1595
504,1594
503,1593
502,1592
501,1591
501,1590
500,1589
499,1588
499,1588
498,1587
498,1586
497,1585
497,1585
497,1584
497,1584
497,1583
497,1583
497,1583
498,1582
498,1582
499,1582
500,1582
500,1582
501,1582
503,1582
504,1582
505,1582
507,1582
508,1583
510,1583
512,1583
514,1584
516,1584
519,1585
521,1585
524,1586
527,1587
530,1587
533,1588
536,1589
539,1590
543,1591
547,1592
550,1593
554,1594
559,1595
563,1596
567,1597
572,1598
576,1599
581,1600
585,1601
590,1602
595,1603
600,1604
605,1605
610,1606
615,1607
621,1608
626,1609
631,1609
636,1610
642,1610
647,1611
652,1611
658,1612
663,1612
669,1613
674,1613
680,1613
686,1614
691,1614
697,1614
703,1614
709,1615
715,1615
721,1615
727,1616
733,1616
739,1617
745,1617
751,1618
758,1618
764,1619
770,1619
777,1620
783,1620
789,1621
796,1621
802,1622
809,1622
815,1623
822,1623
828,1624
835,1625
841,1625
848,1626
855,1626
861,1626
868,1627
874,1627
881,1628
887,1629
893,1629
900,1630
906,1630
913,1631
919,1632
926,1633
932,1634
939,1635
945,1636
952,1637
958,1638
964,1640
971,1641
977,1643
983,1645
989,1646
995,1648
1001,1650
1007,1653
1013,1655
1019,1657
1024,1660
1030,1663
1035,1665
1040,1668
1045,1671
1050,1674
1055,1677
1059,1680
1063,1683
1067,1687
1071,1690
1075,1693
1078,1697
1081,1700
1084,1704
1087,1707
1090,1711
1092,1714
1095,1718
1097,1721
1099,1725
1101,1729
1102,1732
1104,1736
1105,1739
1106,1743
1107,1747
1108,1751
1109,1754
1110,1758
1111,1762
1111,1765
1112,1769
1112,1773
1112,1776
1112,1780
1112,1783
1112,1787
1112,1790
1111,1794
1111,1797
1110,1801
1110,1804
1109,1807
1108,1810
1107,1813
1106,1816
1104,1819
1103,1822
1102,1825
1100,1827
1099,1830
1097,1832
1096,1835
1094,1837
1093,1839
1091,1842
1090,1844
1088,1846
1087,1848
1086,1850
1084,1852
1083,1854
1082,1856
1081,1858
1081,1859
1080,1861
1080,1863
1079,1865
1079,1867
1079,1869
1079,1870
1079,1872
1080,1874
1080,1876
1081,1878
1081,1879
1082,1881
1083,1883
1084,1884
1086,1886
1087,1887
1089,1889
1090,1890
1092,1892
1094,1893
1095,1894
1097,1895
1100,1896
1102,1897
1104,1898
1106,1899
1109,1900
1111,1900
1114,1901
1117,1902
1119,1902
1122,1902
1125,1903
1128,1903
1131,1903
1134,1903
1137,1903
1141,1904
1144,1903
1147,1903
1151,1903
1154,1903
1158,1903
1161,1903
1165,1902
1168,1902
1172,1902
1176,1901
1180,1901
1183,1900
1187,1900
1191,1899
1195,1899
1199,1898
1203,1897
1207,1897
1212,1896
1216,1895
1220,1894
1224,1893
1229,1892
1233,1892
1237,1891
1242,1890
1246,1889
1251,1888
1255,1886
1260,1885
1264,1884
1269,1883
1273,1882
1278,1881
1282,1880
1287,1879
1292,1878
1296,1876
1301,1875
1305,1874
1310,1873
1315,1872
1319,1870
1324,1869
1329,1868
1333,1867
1338,1865
1342,1864
1347,1863
1352,1861
1356,1860
1361,1859
1365,1857
1370,1856
1375,1854
1379,1853
1384,1851
1388,1850
1393,1848
1398,1846
1402,1845
1407,1843
1411,1841
1416,1840
1421,1838
1425,1836
1430,1835
1435,1833
1439,1831
1444,1829
1449,1828
1454,1826
1458,1824
1463,1822
1468,1820
1472,1818
1477,1817
1482,1815
1487,1813
1491,1811
1496,1809
1501,1807
1505,1805
1510,1803
1514,1801
1519,1799
1523,1797
1528,1795
1532,1793
1537,1790
1541,1788
1545,1786
1549,1784
1554,1781
1558,1779
1562,1776
1566,1774
1570,1771
1574,1769
1577,1766
1581,1763
1585,1761
1589,1758
1592,1755
1596,1753
1599,1750
1603,1747
1606,1744
1610,1742
1613,1739
1616,1736
1620,1733
1623,1730
1626,1728
1629,1725
1632,1722
1635,1719
1638,1716
1641,1713
1644,1710
1647,1707
1650,1705
1653,1702
1655,1699
1658,1696
1661,1693
1664,1690
1667,1687
1669,1684
1672,1681
1675,1678
1677,1675
1680,1672
1683,1669
1685,1666
1688,1663
1690,1660
1693,1657
1695,1654
1698,1651
1700,1648
1703,1645
1705,1642
1708,1639
1710,1636
1713,1633
1715,1631
1717,1628
1720,1625
1722,1622
1724,1619
1727,1616
1729,1613
1731,1611
1734,1608
1736,1605
1738,1602
1740,1599
1742,1597
1744,1594
1746,1592
1748,1589
1750,1587
1752,1584
1754,1582
1756,1580
1758,1578
1759,1576
1761,1574
1762,1573
1764,1571
1765,1570
1766,1568
1767,1567
1768,1566
1769,1565
1770,1564
1771,1564
1772,1563
1772,1563
1773,1562
1773,1562
1774,1562
1774,1562
1774,1562
1775,1562
1775,1562
1775,1563
1775,1563
1775,1563
1775,1563
1775,1564
1775,1564
1775,1565
1775,1565
1775,1566
1775,1566
1775,1567
1775,1567
1775,1568
1775,1569
1775,1569
1775,1570
1774,1571
1774,1572
1774,1573
1774,1573
1774,1574
1774,1575
1773,1576
1773,1577
1773,1578
1773,1579
1773,1580
1772,1581
1772,1582
1772,1583
1772,1584
1772,1586
1772,1587
1771,1588
1771,1589
1771,1590
1771,1591
1771,1593
1770,1594
1770,1595
1770,1596
1770,1597
1770,1598
1770,1599
1770,1600
1770,1601
1770,1601
1770,1602
1770,1603
1770,1604
1770,1604
1770,1605
1770,1606
1770,1606
1770,1607
1770,1607
1770,1608
1770,1608
1771,1609
1771,1609
1771,1610
1771,1610
1771,1611
1771,1611
1771,1612
1771,1612
1771,1613
1771,1613
1771,1614
1771,1615
1771,1616
1771,1616
1771,1617
1770,1618
1770,1619
1770,1620
1770,1621
1769,1623
1769,1624
1768,1625
1768,1626
1767,1628
1767,1629
1766,1630
1765,1632
1765,1633
1764,1635
1763,1636
1763,1638
1762,1640
1761,1641
1760,1643
1759,1645
1758,1647
1757,1648
1756,1650
1755,1652
1754,1654
1753,1656
1752,1658
1751,1660
1750,1662
1749,1664
1748,1667
1747,1669
1746,1671
1745,1673
1743,1676
1742,1678
1741,1681
1740,1683
1739,1686
1737,1688
1736,1691
1735,1694
1734,1697
1733,1699
1731,1702
1730,1705
1729,1708
1728,1711
1726,1714
1725,1718
1724,1721
1723,1724
1722,1727
1721,1730
1720,1734
1719,1737
1718,1741
1717,1744
1716,1747
1715,1751
1714,1754
1713,1758
1712,1762
1711,1765
1711,1769
1710,1772
1709,1776
1709,1780
1708,1783
1708,1787
1707,1791
1707,1794
1707,1798
1707,1801
1707,1805
1706,1809
1706,1812
1707,1816
1707,1820
1707,1823
1707,1827
1708,1830
1708,1834
1709,1837
1710,1841
1710,1844
1711,1848
1712,1851
1713,1854
1715,1858
1716,1861
1717,1864
1719,1867
1720,1870
1722,1873
1724,1876
1726,1879
1728,1882
1730,1884
1732,1887
1734,1890
1737,1892
1739,1894
1742,1897
1744,1899
1747,1901
1750,1903
1753,1905
1756,1907
1759,1909
1762,1911
1765,1912
1769,1914
1772,1915
1776,1917
1779,1918
1783,1920
1787,1921
1791,1922
1795,1923
1799,1924
1803,1925
1807,1926
1811,1927
1815,1928
1820,1929
1824,1930
1829,1930
1833,1931
1838,1931
1843,1932
1847,1932
1852,1933
1857,1933
1862,1933
1867,1933
1872,1934
1877,1934
1882,1934
1887,1934
1893,1934
1898,1934
1903,1933
1908,1933
1914,1933
1919,1932
1924,1932
1930,1932
1935,1931
1941,1931
1946,1930
1952,1929
1957,1929
1963,1928
1968,1927
1974,1927
1979,1926
1985,1925
1990,1924
1996,1923
2002,1922
2007,1921
2013,1920
2018,1919
2024,1918
2029,1917
2035,1916
2040,1914
2046,1913
2051,1912
2057,1911
2062,1910
2067,1908
2072,1907
2077,1906
2082,1905
2087,1904
2092,1903
2097,1902
2101,1901
2106,1900
2110,1898
2114,1897
2118,1896
2122,1896
2125,1895
2129,1894
2132,1893
2135,1892
2138,1891
2141,1890
2144,1889
2147,1888
2149,1888
2151,1887
2153,1886
2155,1885
2157,1885
2158,1884
2160,1883
2161,1883
2163,1882
2164,1882
2165,1881
2166,1881
2166,1880
2167,1880
2168,1879
2168,1879
2169,1878
2169,1878
2170,1878
2170,1877
2170,1877
2170,1877
2170,1877
2170,1877
2170,1876
2170,1876
2170,1876
2170,1876
2170,1876
2170,1876
2170,1876
2170,1876
2169,1876
2169,1876
2169,1875
2169,1875
2169,1875
2168,1875
2168,1875
2168,1875
2168,1874
2168,1874
2167,1874
2167,1874
2167,1873
2167,1873
2166,1873
2166,1872
2166,1872
2166,1872
2165,1871
2165,1871
2165,1870
2165,1870
2164,1869
2164,1868
2164,1868
2163,1867
2163,1866
2163,1866
2162,1865
2162,1864
2162,1864
2161,1863
2161,1862
2161,1861
2160,1860
2160,1860
2159,1859
2159,1858
2158,1857
2158,1856
2157,1855
2157,1855
2156,1854
2155,1853
2155,1852
2154,1851
2153,1850
2153,1850
2152,1849
2151,1848
2150,1847
2149,1846
2148,1846
2147,1845
2146,1844
2145,1843
2144,1843
2143,1842
2142,1841
2141,1840
2140,1840
2139,1839
2138,1838
2136,1837
2135,1836
2134,1836
2133,1835
2131,1834
2130,1833
2129,1832
2127,1832
2126,1831
2125,1830
2123,1829
2122,1828
2121,1827
2119,1827
2118,1826
2116,1825
2115,1824
2114,1823
2112,1823
2111,1822
2109,1821
2108,1820
2106,1819
2105,1819
2104,1818
2102,1817
2101,1816
2099,1815
2098,1815
2096,1814
2095,1813
2093,1812
2092,1812
2091,1811
2089,1810
2088,1809
2086,1809
2085,1808
2083,1807
2082,1806
2080,1806
2079,1805
2077,1804
2076,1804
2074,1803
2073,1802
2071,1802
2070,1801
2068,1800
2067,1799
2065,1799
2064,1798
2062,1797
2061,1796
2060,1796
2058,1795
2057,1794
2055,1793
2054,1792
2053,1791
2051,1790
2050,1790
2049,1789
2047,1788
2046,1787
2045,1785
2044,1784
2042,1783
2041,1782
2040,1781
2039,1780
2038,1779
2036,1777
2035,1776
2034,1775
2033,1774
2032,1773
2031,1772
2029,1770
2028,1769
2027,1768
2026,1767
2025,1766
2023,1765
2022,1764
2021,1763
2019,1762
2018,1761
2017,1760
2015,1759
2014,1758
2013,1757
2011,1757
2010,1756
2008,1755
2007,1754
2006,1753
2004,1752
2003,1751
2002,1750
2000,1749
1999,1749
1998,1748
1997,1747
1995,1746
1994,1744
1993,1743
1992,1742
1991,1741
1990,1740
1989,1739
1988,1738
1987,1737
1987,1736
1986,1735
1985,1734
1984,1733
1983,1732
1982,1731
1982,1730
1981,1729
1980,1728
1979,1727
1978,1727
1977,1726
1976,1725
1976,1725
1975,1724
1974,1724
1973,1723
1972,1723
1971,1723
1970,1722
1969,1722
1968,1722
1967,1721
1966,1721
1965,1721
1964,1721
1963,1720
1962,1720
1961,1720
1960,1719
1959,1719
1958,1719
1957,1718
1956,1718
1955,1717
1954,1717
1953,1717
1952,1716
1951,1716
1950,1716
1950,1715
1949,1715
1948,1714
1947,1714
1946,1714
1945,1713
1944,1713
1943,1713
1942,1712
1941,1712
1940,1712
1939,1712
1938,1712
1937,1711
1936,1711
1934,1711
1933,1711
1932,1711
1931,1710
1930,1710
1929,1710
1928,1710
1927,1710
1926,1709
1925,1709
1924,1709
1923,1709
1922,1708
1921,1708
1920,1708
1919,1707
1918,1707
1917,1707
1916,1707
1915,1706
1914,1706
1913,1706
1912,1705
1911,1705
1910,1705
1909,1705
1908,1704
1907,1704
1906,1704
1905,1704
1904,1703
1903,1703
1902,1703
1901,1702
1899,1702
1898,1702
1897,1701
1896,1701
1895,1700
1894,1700
1893,1699
1892,1699
1891,1699
1890,1698
1888,1698
1887,1697
1886,1697
1885,1696
1884,1696
1882,1696
1881,1695
1880,1695
1879,1694
1877,1694
1876,1694
1874,1693
1873,1693
1872,1693
1870,1693
1869,1692
1867,1692
1866,1692
1864,1691
1863,1691
1861,1691
1859,1690
1858,1690
1856,1690
1855,1689
1853,1689
1851,1688
1850,1688
1848,1688
1846,1687
1845,1687
1843,1686
1841,1686
1839,1685
1837,1685
1836,1684
1834,1684
1832,1683
1830,1683
1828,1683
1826,1682
1824,1682
1822,1681
1820,1681
1818,1680
1816,1680
1814,1680
1812,1679
1809,1679
1807,1679
1805,1678
1803,1678
1800,1678
1798,1677
1796,1677
1793,1676
1791,1676
1788,1675
1786,1675
1783,1674
1780,1673
1778,1672
1775,1671
1772,1670
1770,1669
1767,1667
1764,1666
1762,1664
1759,1663
1756,1661
1753,1659
1750,1657
1748,1655
1745,1652
1742,1650
1739,1647
1736,1645
1733,1642
1730,1639
1728,1637
1725,1634
1722,1631
1719,1628
1715,1625
1712,1622
1709,1619
1706,1616
1703,1613
1700,1610
1696,1608
1693,1605
1689,1602
1686,1599
1683,1596
1679,1594
1676,1591
1672,1589
1668,1586
1665,1584
1661,1581
1658,1579
1654,1577
1650,1574
1647,1572
1643,1570
1639,1568
1636,1566
1632,1565
1628,1563
1625,1561
1621,1560
1617,1559
1614,1557
1610,1556
1606,1555
1603,1554
1599,1554
1595,1553
1592,1552
1588,1552
1585,1551
1581,1551
1578,1551
1574,1551
1571,1551
1568,1551
1564,1551
1561,1551
1558,1552
1555,1552
1552,1552
1549,1553
1546,1554
1543,1554
1540,1555
1537,1556
1535,1557
1532,1558
1530,1559
1527,1560
1525,1561
1523,1562
1521,1563
1519,1565
1517,1566
1515,1567
1513,1568
1512,1570
1510,1571
1508,1572
1507,1574
1506,1575
1505,1577
1503,1578
1502,1579
1501,1581
1500,1582
1499,1583
1498,1585
1497,1586
1496,1587
1496,1588
1495,1590
1494,1591
1493,1592
1493,1593
1492,1594
1491,1595
1490,1596
1489,1597
1489,1598
1488,1599
1487,1600
1486,1600
1485,1601
1485,1602
1484,1602
1483,1603
1482,1603
1481,1603
1480,1604
1479,1604
1478,1604
1477,1604
1476,1604
1475,1604
1474,1604
1473,1604
1472,1603
1471,1603
1470,1603
1469,1602
1468,1602
1467,1601
1466,1601
1465,1601
1463,1600
1462,1600
1461,1599
1460,1599
1458,1598
1457,1597
1456,1597
1454,1596
1453,1596
1451,1595
1450,1594
1449,1593
1447,1593
1446,1592
1444,1591
1443,1590
1442,1589
1440,1588
1439,1587
1437,1586
1436,1585
1434,1584
1433,1583
1432,1582
1430,1581
1429,1579
1428,1578
1426,1577
1425,1576
1423,1575
1422,1574
1421,1572
1419,1571
1418,1570
1417,1569
1415,1567
1414,1566
1413,1565
1411,1563
1410,1562
1409,1561
1407,1559
1406,1558
1404,1556
1403,1555
1402,1553
1400,1552
1399,1550
1397,1549
1396,1547
1394,1546
1393,1544
1391,1542
1389,1540
1388,1539
1386,1537
1384,1535
1383,1534
1381,1532
1379,1530
1377,1529
1375,1527
1373,1525
1371,1524
1369,1522
1367,1520
1365,1518
1363,1517
1361,1515
1359,1513
1357,1512
1355,1510
1352,1509
1350,1507
1348,1505
1346,1504
1343,1502
1341,1501
1338,1499
1336,1498
1334,1496
1331,1495
1329,1493
1326,1492
1324,1490
1321,1489
1319,1487
1316,1486
1313,1484
1311,1483
1308,1481
1306,1480
1303,1478
1300,1477
1297,1475
1295,1474
1292,1472
1289,1471
1286,1469
1284,1467
1281,1466
1278,1464
1275,1462
1272,1461
1269,1459
1266,1457
1263,1456
1260,1454
1257,1452
1254,1451
1251,1449
1248,1447
1245,1446
1242,1444
1239,1442
1236,1441
1233,1439
1229,1437
1226,1436
1223,1434
1220,1433
1216,1431
1213,1430
1210,1428
1207,1427
1203,1426
1200,1424
1197,1423
1193,1422
1190,1421
1187,1419
1183,1418
1180,1417
1177,1416
1173,1415
1170,1413
1167,1412
1163,1411
1160,1410
1157,1409
1154,1408
1150,1407
1147,1406
1144,1405
1141,1404
1137,1403
1134,1402
1131,1401
1128,1400
1125,1399
1122,1398
1119,1397
1116,1396
1113,1395
1110,1394
1107,1393
1104,1392
1101,1391
1098,1389
1095,1388
1092,1387
1089,1385
1086,1384
1084,1383
1081,1381
1078,1380
1075,1378
1073,1377
1070,1375
1068,1374
1065,1372
1063,1371
1060,1369
1058,1368
1055,1367
1053,1365
1051,1364
1049,1363
1047,1361
1045,1360
1042,1359
1040,1358
1039,1357
1037,1356
1035,1355
1033,1354
1031,1353
1029,1352
1028,1351
1026,1350
1024,1349
1023,1348
1021,1348
1019,1347
1018,1346
1016,1345
1015,1344
1013,1344
1011,1343
1010,1342
1008,1341
1006,1340
1004,1339
1003,1339
1001,1338
999,1337
997,1336
995,1335
993,1334
991,1333
989,1332
987,1331
984,1330
982,1329
980,1328
977,1327
975,1326
972,1325
969,1324
967,1323
964,1322
961,1320
958,1319
955,1318
952,1317
949,1315
946,1314
942,1312
939,1311
935,1309
932,1307
929,1306
925,1304
921,1302
918,1300
914,1298
910,1297
906,1295
903,1293
899,1291
895,1289
891,1287
887,1285
883,1283
879,1281
875,1280
871,1278
867,1276
864,1275
860,1273
856,1272
852,1270
848,1269
844,1268
840,1267
837,1266
833,1265
830,1265
826,1264
823,1264
820,1264
816,1264
813,1263
810,1263
808,1264
805,1264
803,1264
801,1264
799,1264
797,1264
795,1265
794,1265
793,1265
792,1265
791,1265
791,1265
791,1265
