1824,1453
1825,1453
1825,1453
1825,1453
1825,1454
1826,1455
1826,1455
1827,1456
1828,1457
1828,1458
1829,1459
1830,1460
1830,1461
1831,1462
1832,1463
1833,1465
1834,1466
1834,1467
1835,1469
1836,1470
1836,1472
1837,1473
1838,1474
1838,1476
1839,1477
1839,1478
1840,1479
1840,1480
1841,1481
1841,1482
1842,1482
1842,1483
1843,1483
1843,1483
1843,1483
1844,1483
1844,1483
1845,1483
1845,1483
1845,1483
1845,1483
1846,1483
1846,1483
1846,1482
1846,1482
1846,1482
1846,1482
1846,1482
1846,1483
1846,1483
1846,1483
1846,1483
1845,1483
1845,1484
1845,1484
1845,1484
1845,1485
1844,1485
1844,1485
1844,1486
1844,1486
1843,1487
1843,1487
1843,1487
1843,1488
1843,1488
1843,1488
1843,1488
1843,1489
1842,1489
1842,1489
1843,1489
1843,1489
1843,1489
1843,1489
1843,1489
1843,1490
1843,1490
1843,1490
1843,1490
1843,1490
1843,1491
1843,1491
1844,1492
1844,1492
1844,1493
1844,1493
1845,1494
1845,1494
1846,1495
1847,1495
1847,1496
1848,1496
1849,1497
1850,1497
1852,1498
1853,1498
1855,1499
1856,1499
1858,1500
1860,1501
1862,1501
1864,1502
1867,1503
1869,1504
1871,1505
1874,1506
1877,1507
1879,1508
1882,1509
1885,1511
1888,1512
1891,1514
1894,1515
1897,1517
1900,1519
1903,1521
1907,1523
1910,1525
1913,1528
1916,1530
1919,1532
1923,1535
1926,1537
1929,1539
1932,1542
1936,1544
1939,1547
1943,1549
1946,1552
1949,1554
1953,1556
1957,1559
1960,1561
1964,1563
1967,1565
1971,1567
1975,1569
1979,1571
1983,1573
1987,1574
1991,1576
1995,1578
1999,1579
2003,1581
2007,1583
2011,1584
2015,1586
2019,1587
2023,1588
2027,1590
2031,1591
2036,1593
2040,1594
2044,1595
2048,1597
2052,1598
2056,1600
2060,1601
2063,1603
2067,1605
2071,1606
2074,1608
2078,1610
2081,1611
2084,1613
2087,1615
2090,1616
2093,1618
2096,1620
2099,1621
2102,1623
2104,1624
2107,1626
2109,1627
2111,1628
2113,1629
2115,1630
2117,1631
2119,1632
2121,1633
2122,1634
2124,1635
2125,1635
2126,1636
2127,1636
2128,1637
2128,1638
2129,1638
2129,1639
2129,1639
2129,1640
2129,1640
2129,1641
2129,1641
2128,1642
2128,1642
2127,1643
2127,1643
2126,1644
2125,1644
2124,1645
2123,1645
2122,1646
2121,1646
2119,1646
2118,1647
2117,1647
2116,1647
2115,1647
2113,1647
2112,1647
2111,1646
2110,1646
2109,1646
2108,1645
2106,1645
2105,1644
2104,1643
2103,1642
2102,1642
2101,1641
2099,1640
2098,1639
2097,1638
2096,1637
2094,1636
2093,1635
2092,1634
2090,1632
2089,1631
2087,1630
2086,1629
2084,1628
2082,1627
2081,1626
2079,1625
2077,1623
2075,1622
2073,1621
2071,1621
2068,1620
2066,1619
2064,1618
2061,1617
2059,1616
2056,1615
2054,1614
2051,1613
2048,1612
2045,1611
2043,1610
2040,1609
2037,1608
2034,1606
2031,1605
2028,1604
2025,1603
2022,1602
2019,1601
2015,1600
2012,1598
2009,1597
2006,1596
2002,1595
1999,1594
1995,1593
1992,1592
1988,1591
1985,1590
1981,1589
1978,1589
1974,1588
1970,1587
1966,1587
1963,1586
1959,1586
1955,1585
1951,1585
1947,1584
1943,1584
1939,1583
1935,1583
1932,1582
1928,1582
1924,1581
1920,1581
1916,1580
1912,1580
1908,1579
1905,1579
1901,1578
1897,1578
1893,1577
1889,1576
1886,1576
1882,1575
1878,1575
1874,1574
1871,1574
1867,1573
1863,1573
1859,1572
1855,1572
1852,1572
1848,1571
1844,1571
1840,1571
1836,1570
1832,1570
1828,1570
1824,1570
1820,1570
1817,1570
1813,1570
1809,1569
1805,1569
1801,1569
1797,1569
1794,1568
1790,1568
1786,1568
1782,1567
1779,1566
1775,1566
1772,1565
1768,1565
1764,1564
1761,1563
1757,1563
1754,1562
1750,1561
1747,1561
1743,1560
1740,1559
1736,1559
1733,1558
1729,1557
1726,1557
1722,1556
1719,1555
1716,1555
1712,1554
1709,1553
1705,1553
1702,1552
1699,1551
1695,1551
1692,1550
1689,1549
1686,1548
1683,1547
1680,1546
1677,1545
1674,1544
1671,1542
1668,1541
1665,1539
1662,1538
1659,1536
1657,1535
1654,1533
1652,1531
1649,1529
1647,1527
1644,1525
1642,1524
1639,1522
1637,1520
1634,1518
1632,1516
1630,1514
1627,1512
1625,1511
1623,1509
1620,1508
1618,1506
1616,1505
1614,1503
1611,1502
1609,1501
1607,1500
1604,1499
1602,1498
1600,1497
1598,1496
1595,1496
1593,1495
1591,1495
1588,1494
1586,1494
1584,1494
1582,1493
1579,1493
1577,1493
1575,1493
1573,1493
1570,1493
1568,1493
1566,1493
1564,1493
1562,1493
1560,1493
1558,1493
1556,1492
1553,1492
1551,1492
1550,1491
1548,1491
1546,1490
1544,1490
1542,1489
1540,1489
1538,1488
1537,1487
1535,1487
1533,1486
1531,1486
1530,1485
1528,1485
1526,1484
1525,1484
1523,1484
1521,1483
1520,1483
1518,1483
1517,1482
1515,1482
1513,1482
1512,1482
1510,1482
1509,1482
1507,1482
1506,1482
1504,1482
1503,1481
1501,1481
1500,1481
1498,1481
1497,1481
1495,1480
1494,1480
1493,1480
1491,1479
1490,1479
1489,1478
1487,1478
1486,1477
1485,1477
1484,1476
1482,1475
1481,1475
1480,1474
1479,1473
1478,1472
1476,1472
1475,1471
1474,1470
1473,1469
1472,1469
1470,1468
1469,1467
1468,1466
1467,1466
1466,1465
1465,1464
1464,1463
1462,1463
1461,1462
1460,1461
1459,1460
1458,1459
1457,1459
1456,1458
1455,1457
1453,1456
1452,1455
1451,1455
1450,1454
1449,1453
1448,1453
1447,1452
1446,1451
1445,1451
1443,1450
1442,1450
1441,1449
1440,1448
1439,1448
1438,1447
1437,1447
1436,1446
1434,1445
1433,1444
1432,1444
1431,1443
1430,1442
1429,1442
1428,1441
1427,1440
1426,1440
1425,1439
1423,1439
1422,1438
1421,1437
1420,1437
1419,1436
1418,1435
1417,1435
1416,1434
1415,1433
1413,1433
1412,1432
1411,1431
1410,1430
1409,1429
1408,1429
1407,1428
1406,1427
1405,1427
1404,1426
1403,1425
1402,1425
1401,1424
1399,1424
1398,1423
1397,1423
1396,1422
1395,1422
1394,1422
1393,1422
1392,1421
1391,1421
1390,1421
1389,1421
1388,1421
1387,1421
1386,1421
1385,1421
1384,1420
1383,1420
1382,1420
1381,1420
1380,1420
1379,1419
1378,1419
1377,1418
1376,1418
1375,1417
1374,1416
1373,1415
1372,1414
1371,1413
1370,1413
1369,1412
1368,1411
1367,1410
1366,1409
1365,1408
1364,1407
1363,1406
1362,1405
1361,1405
1360,1404
1359,1403
1357,1403
1356,1402
1355,1402
1354,1401
1353,1401
1352,1400
1351,1400
1350,1399
1349,1398
1347,1398
1346,1397
1345,1396
1344,1396
1343,1395
1341,1394
1340,1393
1339,1392
1338,1391
1337,1390
1335,1389
1334,1388
1333,1387
1331,1386
1330,1385
1329,1384
1328,1383
1326,1382
1325,1381
1324,1380
1322,1379
1321,1379
1320,1378
1318,1377
1317,1377
1316,1376
1314,1376
1313,1375
1312,1375
1311,1375
1309,1375
1308,1375
1307,1375
1306,1375
1305,1376
1303,1376
1302,1376
1301,1377
1300,1377
1299,1377
1298,1378
1297,1379
1295,1379
1294,1380
1293,1381
1292,1381
1291,1382
1290,1383
1289,1385
1288,1386
1287,1387
1286,1389
1285,1390
1284,1392
1283,1393
1282,1395
1281,1397
1280,1399
1279,1401
1278,1403
1277,1405
1276,1407
1275,1409
1275,1411
1274,1413
1273,1415
1272,1416
1271,1418
1270,1420
1269,1422
1268,1424
1267,1425
1266,1427
1265,1429
1265,1431
1264,1432
1263,1434
1262,1436
1261,1437
1260,1439
1260,1441
1259,1442
1258,1444
1258,1446
1257,1447
1256,1449
1256,1451
1255,1452
1254,1454
1254,1456
1253,1458
1253,1460
1252,1461
1252,1463
1251,1465
1251,1467
1251,1469
1250,1471
1250,1473
1250,1475
1249,1477
1249,1479
1249,1481
1249,1483
1249,1485
1249,1487
1249,1489
1248,1491
1248,1493
1248,1495
1248,1497
1248,1499
1248,1501
1249,1503
1249,1506
1249,1508
1249,1510
1249,1513
1249,1515
1249,1517
1249,1520
1249,1522
1250,1524
1250,1526
1250,1529
1250,1531
1250,1533
1250,1535
1250,1536
1250,1538
1251,1540
1251,1542
1251,1543
1251,1545
1251,1546
1251,1548
1251,1549
1251,1550
1251,1551
1250,1552
1250,1553
1250,1554
1250,1554
1250,1555
1250,1555
1250,1555
1249,1555
1249,1555
1249,1555
1248,1554
1248,1554
1248,1553
1247,1552
1247,1551
1247,1550
1246,1549
1246,1547
1245,1546
1245,1545
1244,1543
1244,1542
1243,1540
1243,1538
1242,1537
1242,1535
1241,1533
1240,1532
1240,1530
1239,1528
1239,1526
1238,1525
1237,1523
1237,1521
1236,1519
1236,1517
1235,1516
1234,1514
1233,1512
1233,1510
1232,1508
1231,1506
1231,1504
1230,1502
1229,1500
1228,1497
1228,1495
1227,1493
1226,1491
1225,1488
1224,1486
1223,1483
1222,1481
1221,1478
1220,1476
1220,1473
1219,1471
1218,1468
1217,1465
1216,1462
1214,1460
1213,1457
1212,1454
1211,1451
1210,1448
1209,1445
1208,1442
1207,1439
1205,1436
1204,1433
1203,1430
1202,1427
1200,1424
1199,1421
1198,1418
1197,1415
1195,1412
1194,1409
1192,1406
1191,1402
1189,1399
1188,1396
1187,1392
1185,1389
1184,1386
1182,1383
1181,1379
1179,1376
1177,1373
1176,1370
1174,1367
1173,1364
1171,1361
1170,1359
1168,1356
1167,1353
1165,1350
1164,1347
1162,1345
1161,1342
1159,1339
1158,1336
1156,1334
1155,1331
1153,1329
1152,1326
1151,1324
1149,1321
1148,1319
1147,1316
1145,1314
1144,1312
1143,1309
1142,1307
1141,1304
1139,1302
1138,1299
1137,1297
1136,1294
1135,1292
1134,1290
1133,1287
1132,1285
1132,1283
1131,1281
1130,1279
1129,1277
1128,1276
1128,1274
1127,1273
1126,1272
1126,1271
1125,1270
1125,1270
1124,1269
1123,1269
1123,1268
1122,1268
1122,1268
1121,1267
1121,1267
1120,1267
1120,1268
1119,1268
1119,1268
1118,1269
1118,1270
1118,1270
1117,1271
1117,1272
1117,1273
1116,1274
1116,1275
1116,1276
1115,1277
1115,1278
1115,1279
1115,1280
1115,1281
1114,1282
1114,1283
1114,1284
1114,1285
1114,1286
1114,1288
1114,1289
1114,1290
1113,1292
1113,1293
1113,1295
1113,1297
1113,1298
1113,1300
1113,1302
1114,1304
1114,1306
1114,1308
1114,1310
1114,1312
1114,1314
1114,1317
1114,1319
1115,1321
1115,1324
1115,1326
1115,1328
1115,1331
1116,1333
1116,1335
1116,1337
1116,1340
1116,1342
1117,1344
1117,1346
1117,1348
1117,1350
1117,1352
1118,1353
1118,1355
1118,1357
1118,1358
1118,1360
1118,1362
1118,1363
1118,1365
1119,1366
1119,1368
1119,1369
1119,1371
1119,1373
1119,1374
1119,1376
1119,1378
1118,1380
1118,1382
1118,1385
1118,1387
1118,1389
1118,1392
1118,1394
1117,1397
1117,1399
1117,1402
1116,1405
1116,1408
1115,1410
1115,1413
1114,1416
1114,1419
1113,1421
1112,1424
1112,1427
1111,1430
1110,1433
1109,1436
1108,1439
1107,1442
1107,1445
1106,1448
1105,1452
1104,1455
1103,1458
1102,1462
1101,1465
1100,1469
1099,1472
1098,1476
1097,1479
1096,1483
1095,1487
1094,1490
1093,1494
1092,1498
1091,1501
1090,1505
1089,1508
1088,1511
1087,1515
1086,1518
1085,1521
1084,1524
1082,1527
1081,1529
1080,1532
1079,1535
1078,1537
1077,1540
1076,1542
1074,1544
1073,1547
1072,1549
1071,1551
1070,1554
1069,1556
1068,1558
1067,1560
1067,1563
1066,1565
1065,1568
1065,1570
1064,1572
1064,1575
1063,1577
1063,1579
1063,1582
1063,1584
1063,1586
1063,1589
1063,1591
1063,1593
1063,1595
1063,1597
1064,1599
1064,1601
1065,1603
1065,1604
1066,1606
1066,1608
1067,1609
1068,1611
1068,1612
1069,1613
1070,1615
1071,1616
1072,1617
1073,1619
1074,1620
1075,1621
1076,1623
1076,1624
1077,1625
1078,1627
1079,1628
1080,1629
1081,1631
1082,1632
1083,1634
1084,1635
1085,1636
1086,1638
1087,1639
1088,1641
1088,1642
1089,1643
1090,1644
1090,1646
1091,1647
1092,1648
1092,1649
1093,1650
1093,1651
1093,1652
1094,1653
1094,1654
1094,1654
1094,1655
1094,1656
1094,1656
1094,1657
1094,1657
1094,1657
1094,1658
1094,1658
1094,1658
1093,1658
1093,1658
1093,1659
1092,1659
1092,1659
1092,1659
1091,1659
1091,1659
1091,1659
1090,1659
1090,1659
1089,1659
1089,1659
1088,1660
1088,1660
1087,1660
1087,1660
1087,1660
1086,1660
1086,1660
1085,1661
1085,1661
1084,1661
1084,1661
1083,1661
1082,1661
1082,1661
1081,1662
1081,1662
1080,1662
1080,1662
1079,1662
1078,1662
1078,1662
1077,1662
1077,1662
1076,1662
1075,1662
1075,1661
1074,1661
1073,1661
1073,1661
1072,1660
1071,1660
1071,1660
1070,1659
1070,1658
1069,1658
1068,1657
1068,1656
1067,1656
1066,1655
1065,1654
1065,1652
1064,1651
1063,1650
1062,1649
1062,1647
1061,1646
1060,1644
1059,1643
1058,1641
1057,1640
1056,1638
1055,1637
1054,1635
1054,1633
1053,1632
1052,1630
1051,1628
1050,1627
1049,1625
1048,1623
1047,1622
1046,1620
1045,1619
1044,1617
1044,1616
1043,1614
1042,1612
1041,1611
1040,1609
1039,1608
1038,1606
1038,1604
1037,1603
1036,1601
1035,1600
1034,1598
1033,1597
1033,1595
1032,1593
1031,1592
1030,1590
1030,1589
1029,1587
1028,1585
1027,1584
1027,1582
1026,1581
1025,1579
1024,1578
1024,1576
1023,1575
1022,1573
1022,1572
1021,1570
1020,1569
1020,1567
1019,1566
1018,1564
1018,1563
1017,1562
1016,1560
1016,1559
1015,1558
1014,1556
1014,1555
1013,1554
1012,1552
1011,1551
1011,1550
1010,1548
1009,1547
1009,1546
1008,1544
1007,1543
1006,1541
1006,1540
1005,1538
1004,1537
1004,1536
1003,1534
1002,1533
1001,1531
1000,1530
1000,1528
999,1527
998,1525
997,1524
997,1522
996,1521
995,1519
994,1517
993,1516
993,1514
992,1513
991,1511
990,1510
989,1508
988,1507
988,1506
987,1504
986,1503
985,1501
984,1500
983,1498
983,1497
982,1495
981,1494
980,1492
979,1490
978,1489
977,1487
976,1485
975,1483
974,1482
974,1480
973,1478
972,1476
971,1474
970,1472
969,1470
968,1467
967,1465
966,1463
965,1461
964,1458
963,1456
961,1453
960,1451
959,1448
958,1446
957,1443
956,1440
955,1438
954,1435
954,1432
953,1430
952,1427
951,1424
950,1421
949,1419
948,1416
947,1413
946,1410
945,1407
944,1404
943,1401
943,1398
942,1395
941,1392
940,1389
939,1387
938,1384
937,1381
937,1377
936,1374
935,1371
934,1368
933,1365
932,1362
931,1359
931,1356
930,1353
929,1349
928,1346
927,1343
926,1340
925,1337
924,1333
923,1330
922,1327
921,1323
920,1320
919,1317
918,1314
917,1310
915,1307
914,1304
913,1301
912,1298
911,1295
910,1292
908,1288
907,1285
906,1282
905,1279
903,1276
902,1273
901,1270
899,1267
898,1264
897,1261
896,1257
894,1254
893,1251
892,1248
890,1245
889,1241
888,1238
886,1235
885,1231
884,1228
882,1224
881,1221
880,1217
878,1213
877,1210
876,1206
874,1203
873,1199
872,1196
870,1193
869,1189
868,1186
867,1183
866,1180
865,1177
864,1174
863,1171
861,1168
860,1165
859,1163
858,1160
857,1157
856,1155
856,1152
855,1149
854,1147
853,1144
852,1141
851,1139
850,1136
849,1134
848,1131
847,1128
846,1126
845,1123
844,1121
843,1118
843,1116
842,1114
841,1111
840,1109
840,1107
839,1105
838,1103
838,1102
837,1100
837,1098
837,1097
836,1096
836,1095
836,1094
836,1093
836,1092
836,1092
836,1091
836,1090
836,1090
836,1089
836,1088
836,1087
837,1086
837,1085
837,1084
837,1083
837,1082
838,1080
838,1079
838,1078
838,1076
839,1075
839,1073
839,1072
840,1070
840,1069
840,1067
841,1066
841,1065
842,1063
842,1062
843,1061
844,1060
844,1059
845,1058
846,1058
847,1058
848,1057
849,1057
850,1058
851,1058
852,1059
854,1059
855,1060
856,1061
857,1062
859,1063
860,1064
861,1065
862,1066
864,1068
865,1069
866,1070
867,1071
868,1072
869,1072
870,1073
871,1074
872,1075
873,1076
874,1076
874,1077
875,1078
876,1078
877,1079
877,1080
878,1080
879,1081
880,1082
880,1083
881,1084
882,1085
882,1086
883,1087
884,1089
884,1090
885,1091
886,1093
887,1095
887,1097
888,1098
889,1100
890,1103
891,1105
891,1107
892,1109
893,1111
894,1114
894,1116
895,1118
896,1120
896,1122
897,1125
898,1127
898,1129
899,1131
899,1133
900,1135
900,1137
900,1139
901,1141
901,1143
901,1145
902,1147
902,1149
902,1150
902,1152
903,1154
903,1156
903,1158
903,1160
903,1162
903,1164
903,1166
903,1168
903,1170
903,1172
903,1174
903,1175
903,1177
903,1179
903,1181
903,1183
902,1185
902,1186
902,1188
902,1190
901,1192
901,1193
901,1195
900,1197
900,1199
899,1200
899,1202
898,1204
898,1206
897,1207
896,1209
896,1211
895,1213
894,1215
894,1217
893,1219
892,1221
891,1223
891,1225
890,1228
889,1230
889,1233
888,1235
887,1238
886,1240
886,1243
885,1246
884,1249
883,1251
882,1254
881,1257
881,1260
880,1263
879,1265
878,1268
877,1271
876,1274
875,1277
874,1280
873,1283
872,1286
871,1289
870,1292
869,1295
868,1298
867,1301
866,1304
865,1307
863,1310
862,1312
861,1315
860,1318
858,1321
857,1324
856,1327
855,1331
853,1334
852,1337
851,1340
849,1343
848,1346
847,1349
845,1352
844,1355
842,1358
841,1361
839,1364
837,1367
836,1370
834,1372
833,1375
831,1378
830,1381
828,1383
826,1386
825,1389
823,1392
822,1394
820,1397
818,1399
817,1402
815,1404
814,1407
812,1409
811,1412
809,1414
808,1416
807,1419
805,1421
804,1423
803,1425
801,1427
800,1429
799,1431
798,1433
797,1435
796,1436
795,1437
794,1438
792,1439
791,1440
790,1440
789,1440
788,1440
787,1440
785,1439
784,1438
783,1437
781,1436
780,1434
779,1433
777,1431
776,1429
774,1426
773,1424
771,1421
770,1419
768,1416
767,1414
766,1411
764,1408
763,1406
761,1403
760,1401
759,1399
757,1397
756,1395
755,1393
754,1391
753,1389
752,1388
751,1387
750,1386
749,1385
748,1384
747,1384
746,1383
746,1383
745,1383
744,1383
744,1383
743,1383
743,1383
742,1384
742,1384
742,1385
741,1385
741,1386
741,1387
741,1388
740,1388
740,1389
740,1390
740,1391
740,1392
740,1392
740,1393
740,1394
740,1395
740,1396
740,1396
740,1397
740,1398
741,1398
741,1399
741,1399
741,1400
741,1400
741,1400
741,1400
742,1400
742,1400
742,1400
742,1400
742,1399
743,1399
743,1399
743,1398
744,1398
744,1397
744,1397
745,1396
745,1395
746,1395
746,1394
747,1393
748,1393
749,1392
749,1391
750,1391
751,1390
752,1390
753,1389
754,1389
755,1388
756,1388
758,1387
759,1387
760,1386
762,1386
763,1386
764,1386
766,1385
767,1385
769,1385
770,1385
772,1385
773,1384
775,1384
776,1384
778,1383
779,1383
781,1383
782,1383
784,1382
785,1382
787,1382
788,1381
790,1381
791,1381
793,1380
795,1380
796,1380
798,1379
799,1379
801,1379
802,1378
804,1378
806,1378
807,1378
809,1378
811,1378
812,1378
814,1377
816,1377
818,1377
819,1377
821,1377
823,1377
824,1377
826,1377
828,1377
830,1376
831,1376
833,1376
835,1376
836,1376
838,1376
840,1375
841,1375
843,1375
845,1374
846,1374
848,1374
849,1373
851,1372
852,1372
854,1371
855,1370
856,1370
858,1369
859,1368
861,1367
862,1366
863,1365
865,1364
866,1363
867,1362
869,1361
870,1360
871,1359
872,1358
874,1357
875,1356
876,1355
878,1354
879,1353
880,1352
881,1351
883,1350
884,1349
885,1348
887,1347
888,1346
889,1345
891,1345
892,1344
893,1343
895,1342
896,1342
897,1341
899,1340
900,1340
902,1339
903,1339
904,1338
906,1337
907,1337
909,1336
910,1336
912,1335
913,1335
915,1335
916,1334
918,1334
919,1334
921,1334
922,1334
924,1334
926,1334
927,1334
929,1334
931,1334
932,1333
934,1333
935,1333
937,1333
939,1333
940,1333
942,1333
944,1333
945,1333
947,1333
948,1332
950,1332
952,1332
953,1332
955,1331
956,1331
958,1331
959,1330
961,1330
962,1330
964,1330
965,1330
967,1329
969,1329
970,1329
972,1329
973,1329
975,1329
977,1329
978,1329
980,1329
982,1330
983,1330
985,1330
987,1330
988,1330
990,1331
992,1331
993,1331
995,1331
997,1331
998,1332
1000,1332
1002,1332
1003,1333
1005,1333
1007,1334
1008,1334
1010,1335
1012,1335
1014,1336
1015,1337
1017,1337
1019,1338
1021,1339
1022,1339
1024,1340
1026,1341
1028,1341
1029,1342
1031,1342
1033,1343
1034,1343
1036,1343
1038,1344
1039,1344
1041,1344
1042,1344
1044,1343
1045,1343
1047,1343
1048,1343
1050,1342
1051,1342
1052,1341
1054,1341
1055,1341
1057,1340
1058,1340
1059,1339
1061,1339
1062,1339
1064,1339
1065,1339
1067,1339
1068,1339
1070,1339
1072,1339
1073,1339
1075,1339
1076,1340
1078,1340
1080,1341
1081,1341
1083,1341
1085,1342
1087,1342
1088,1342
1090,1343
1092,1343
1093,1343
1095,1344
1097,1344
1099,1345
1100,1345
1102,1346
1104,1346
1105,1347
1107,1348
1109,1348
1111,1349
1112,1350
1114,1350
1116,1351
1118,1352
1119,1353
1121,1354
1123,1355
1125,1356
1127,1357
1128,1358
1130,1359
1132,1360
1134,1361
1136,1362
1137,1363
1139,1364
1141,1365
1143,1366
1145,1367
1146,1368
1148,1369
1150,1370
1152,1371
1154,1372
1155,1372
1157,1373
1159,1374
1161,1375
1163,1375
1164,1376
1166,1377
1168,1378
1170,1379
1172,1380
1174,1381
1176,1382
1178,1383
1180,1385
1182,1386
1184,1387
1186,1389
1188,1390
1190,1391
1192,1393
1194,1395
1196,1396
1198,1398
1200,1400
1202,1402
1204,1403
1207,1405
1209,1407
1211,1409
1213,1411
1215,1412
1218,1414
1220,1416
1222,1417
1224,1419
1226,1420
1229,1422
1231,1423
1233,1425
1235,1426
1238,1427
1240,1429
1242,1430
1244,1431
1247,1432
1249,1434
1251,1435
1253,1437
1256,1438
1258,1440
1260,1441
1263,1443
1265,1444
1267,1446
1270,1448
1272,1449
1275,1451
1277,1453
1279,1455
1282,1457
1284,1459
1287,1461
1289,1463
1292,1465
1294,1467
1297,1469
1299,1471
1302,1473
1304,1475
1306,1476
1309,1478
1311,1480
1314,1482
1316,1484
1319,1486
1321,1487
1324,1489
1326,1491
1329,1493
1331,1495
1334,1496
1336,1498
1339,1500
1341,1502
1344,1504
1347,1505
1349,1507
1352,1509
1354,1511
1357,1513
1359,1515
1362,1517
1364,1519
1367,1521
1369,1523
1372,1525
1374,1527
1377,1530
1379,1532
1382,1534
1384,1536
1387,1538
1389,1540
1392,1542
1394,1544
1397,1547
1399,1549
1402,1551
1404,1553
1407,1556
1409,1558
1412,1560
1414,1562
1416,1565
1419,1567
1421,1569
1424,1572
1426,1574
1429,1576
1431,1578
1433,1580
1436,1583
1438,1585
1441,1587
1443,1589
1445,1591
1448,1593
1450,1595
1453,1596
1455,1598
1457,1600
1460,1601
1462,1603
1465,1604
1467,1605
1469,1606
1472,1607
1474,1608
1476,1609
1479,1610
1481,1611
1483,1612
1486,1612
1488,1613
1490,1613
1493,1614
1495,1615
1497,1615
1499,1616
1501,1616
1503,1617
1505,1617
1507,1618
1510,1619
1512,1619
1513,1620
1515,1620
1517,1621
1519,1621
1521,1622
1523,1622
1525,1623
1526,1624
1528,1624
1530,1625
1532,1625
1533,1626
1535,1626
1537,1626
1538,1627
1540,1627
1541,1628
1543,1628
1545,1629
1546,1629
1548,1629
1549,1630
1551,1630
1552,1630
1554,1631
1555,1631
1556,1631
1558,1632
1559,1632
1561,1632
1562,1632
1564,1633
1565,1633
1566,1633
1568,1633
1569,1633
1570,1633
1572,1634
1573,1634
1574,1634
1576,1634
1577,1634
1578,1634
1579,1634
1581,1634
1582,1634
1583,1634
1585,1634
1586,1633
1587,1633
1588,1633
1589,1633
1591,1633
1592,1632
1593,1632
1594,1632
1595,1631
1596,1631
1597,1630
1598,1630
1599,1629
1600,1629
1601,1629
1602,1628
1603,1628
1604,1627
1605,1627
1605,1626
1606,1626
1607,1625
1607,1625
1608,1625
1608,1624
1608,1624
1609,1623
1609,1623
1609,1623
1609,1622
1609,1622
1609,1622
1609,1621
1609,1621
1608,1620
1608,1620
1608,1620
1607,1619
1607,1619
1606,1618
1606,1618
1605,1617
1604,1617
1603,1616
1603,1615
1602,1615
1601,1614
1600,1614
1599,1613
1598,1612
1597,1611
1596,1611
1595,1610
1594,1609
1593,1608
1592,1607
1591,1606
1589,1605
1588,1604
1587,1603
1586,1602
1584,1601
1583,1600
1582,1599
1580,1598
1579,1597
1578,1596
1576,1595
1575,1594
1574,1593
1572,1593
1571,1592
1569,1591
1568,1590
1567,1589
1565,1588
1564,1587
1563,1587
1561,1586
1560,1585
1558,1585
1557,1584
1556,1583
1554,1583
1553,1582
1551,1582
1550,1581
1549,1581
1547,1580
1546,1580
1545,1579
1543,1579
1542,1578
1541,1577
1539,1576
1538,1576
1537,1575
1535,1574
1534,1573
1533,1571
1532,1570
1531,1569
1529,1568
1528,1566
1527,1565
1526,1563
1525,1562
1524,1561
1522,1559
1521,1558
1520,1557
1519,1555
1518,1554
1517,1553
1516,1552
1515,1551
1514,1550
1512,1549
1511,1548
1510,1547
1509,1547
1508,1546
1507,1545
1506,1545
1505,1544
1504,1543
1503,1542
1502,1542
1501,1541
1500,1540
1499,1540
1499,1539
1498,1538
1497,1537
1496,1536
1495,1535
1494,1534
1494,1533
1493,1532
1492,1531
1491,1530
1491,1528
1490,1527
1489,1526
1489,1525
1488,1523
1487,1522
1487,1521
1486,1519
1486,1518
1485,1516
1485,1515
1484,1513
1484,1512
1483,1510
1483,1509
1483,1507
1482,1505
1482,1504
1482,1502
1481,1501
1481,1500
1481,1498
1480,1497
1480,1495
1480,1494
1480,1493
1479,1492
1479,1490
1479,1489
1479,1488
1478,1487
1478,1486
1478,1485
1478,1484
1478,1483
1478,1482
1477,1481
1477,1480
1477,1479
1477,1478
1477,1477
1477,1476
1476,1475
1476,1474
1476,1473
1476,1472
1476,1471
1476,1470
1475,1469
1475,1468
1475,1467
1475,1466
1474,1466
1474,1465
1474,1464
1473,1464
1473,1463
1473,1462
1472,1462
1472,1461
1472,1460
1471,1460
1471,1459
1470,1458
1470,1457
1470,1456
1469,1456
1469,1455
1469,1454
1468,1453
1468,1452
1468,1451
1468,1449
1467,1448
1467,1447
1467,1446
1467,1445
1466,1443
1466,1442
1466,1441
1466,1440
1466,1439
1465,1438
1465,1437
1465,1436
1465,1435
1465,1435
1464,1434
1464,1434
1464,1434
1464,1433
1464,1433
1463,1433
1463,1433
1463,1433
1463,1434
1463,1434
1462,1434
1462,1434
1462,1434
1462,1435
1461,1435
1461,1435
1460,1435
1460,1435
1459,1436
1459,1436
1458,1436
1457,1436
1456,1436
1455,1437
1454,1437
1453,1437
1451,1437
1450,1438
1449,1438
1447,1439
1445,1439
1443,1440
1442,1440
1440,1441
1437,1442
1435,1443
1433,1443
1431,1444
1429,1445
1426,1446
1424,1447
1421,1448
1419,1449
1416,1450
1414,1451
1412,1452
1409,1453
1407,1454
1404,1455
1402,1456
1400,1457
1398,1458
1395,1460
1393,1461
1391,1462
1390,1464
1388,1465
1386,1466
1384,1468
1383,1470
1381,1471
1380,1473
1379,1475
1377,1476
1376,1478
1375,1480
1374,1481
1373,1483
1373,1484
1372,1486
1371,1487
1370,1488
1369,1489
1369,1490
1368,1491
1367,1491
1367,1491
1366,1491
1365,1490
1364,1490
1363,1489
1362,1487
1361,1485
1360,1483
1359,1481
1358,1478
1357,1475
1355,1472
1354,1469
1353,1465
1351,1462
1350,1458
1348,1454
1346,1449
1345,1445
1343,1441
1341,1436
1339,1431
1338,1426
1336,1421
1334,1416
1332,1411
1330,1405
1328,1400
1327,1394
1325,1389
1323,1383
1321,1378
1319,1372
1318,1367
1316,1361
1314,1356
1312,1350
1311,1344
1309,1339
1308,1333
1306,1327
1305,1322
1304,1316
1302,1311
1301,1305
1300,1300
1299,1294
1297,1289
1296,1283
1295,1278
1295,1272
1294,1267
1293,1262
1292,1256
1291,1251
1291,1246
1290,1241
1290,1236
1289,1231
1289,1226
1289,1221
1288,1217
1288,1212
1288,1207
1288,1202
1288,1197
1288,1193
1288,1188
1288,1183
1288,1179
1288,1174
1288,1170
1288,1166
1289,1161
1289,1157
1289,1153
1290,1149
1290,1145
1291,1141
1291,1137
1292,1133
1292,1129
1293,1125
1294,1121
1294,1117
1295,1113
1296,1109
1297,1106
1298,1102
1298,1098
1299,1094
1300,1091
1301,1087
1302,1084
1303,1081
1304,1077
1305,1074
1306,1071
1307,1068
1308,1065
1309,1062
1311,1060
1312,1057
1313,1054
1314,1052
1315,1049
1316,1047
1318,1045
1319,1043
1320,1041
1321,1039
1323,1038
1324,1036
1325,1035
1327,1034
1328,1033
1329,1032
1331,1031
1332,1031
1333,1030
1335,1029
1336,1029
1337,1029
1339,1028
1340,1028
1342,1027
1343,1027
1344,1027
1346,1026
1347,1026
1349,1026
1350,1026
1351,1025
1353,1025
1354,1025
1356,1024
1357,1024
1359,1023
1360,1023
1361,1022
1363,1022
1364,1021
1366,1021
1367,1020
1368,1020
1370,1019
1371,1019
1373,1019
1374,1019
1376,1019
1377,1019
1378,1019
1380,1019
1381,1019
1383,1020
1384,1020
1386,1021
1387,1022
1389,1023
1390,1024
1392,1025
1393,1026
1395,1028
1396,1029
1397,1030
1399,1032
1400,1033
1402,1035
1403,1036
1405,1037
1406,1039
1408,1040
1409,1041
1411,1042
1412,1044
1414,1045
1415,1046
1417,1047
1418,1048
1420,1049
1421,1050
1422,1051
1424,1052
1425,1053
1427,1054
1428,1055
1430,1056
1431,1057
1432,1057
1434,1058
1435,1059
1436,1060
1438,1061
1439,1062
1440,1063
1441,1064
1442,1066
1443,1067
1444,1068
1445,1070
1446,1071
1447,1073
1448,1074
1449,1076
1450,1078
1451,1080
1451,1082
1452,1084
1453,1087
1453,1089
1454,1091
1454,1094
1454,1097
1455,1100
1455,1103
1455,1106
1455,1109
1455,1113
1455,1116
1455,1120
1455,1123
1455,1127
1455,1131
1455,1134
1454,1138
1454,1142
1453,1146
1453,1149
1452,1153
1452,1157
1451,1161
1450,1164
1450,1168
1449,1172
1448,1176
1447,1180
1446,1183
1445,1187
1444,1191
1443,1195
1442,1199
1441,1202
1440,1206
1439,1210
1438,1213
1437,1217
1436,1220
1435,1223
1434,1226
1433,1229
1432,1232
1431,1235
1430,1238
1429,1241
1429,1244
1428,1246
1427,1249
1427,1251
1426,1253
1426,1255
1425,1257
1425,1259
1425,1261
1425,1263
1424,1264
1424,1266
1424,1267
1424,1269
1424,1270
1424,1272
1425,1273
1425,1274
1425,1275
1425,1277
1426,1278
1426,1279
1426,1280
1427,1281
1427,1282
1427,1283
1428,1283
1428,1284
1429,1285
1429,1286
1430,1286
1430,1287
1431,1287
1431,1288
1432,1288
1433,1289
1433,1289
1434,1290
1434,1291
1435,1291
1435,1292
1436,1293
1436,1293
1437,1294
1437,1295
1438,1295
1438,1296
1439,1296
1439,1297
1439,1297
1440,1298
1440,1298
1441,1299
1441,1299
1441,1299
1442,1299
1442,1299
1442,1300
1443,1300
1443,1300
1443,1300
1444,1300
1444,1300
1445,1300
1445,1300
1445,1300
1446,1300
1446,1300
1446,1300
1447,1300
1447,1300
1448,1300
1448,1300
1448,1300
1449,1300
1449,1300
1449,1301
1450,1301
1450,1301
1450,1301
1451,1302
1451,1302
1451,1302
1451,1302
1451,1303
1452,1303
1452,1303
1452,1304
1452,1304
1452,1305
1452,1305
1452,1306
1452,1306
1452,1307
1452,1308
1452,1309
1452,1309
1452,1310
1452,1311
1452,1312
1452,1313
1452,1314
1452,1315
1452,1317
1452,1318
1452,1319
1451,1320
1451,1322
1451,1323
1450,1325
1450,1326
1450,1327
1449,1329
1448,1330
1448,1332
1447,1333
1446,1335
1445,1336
1443,1337
1442,1339
1441,1340
1439,1341
1437,1342
1435,1343
1433,1344
1431,1345
1428,1346
1426,1347
1423,1348
1420,1349
1417,1350
1414,1351
1410,1352
1407,1353
1403,1354
1399,1355
1395,1355
1391,1356
1387,1357
1382,1358
1378,1359
1374,1360
1369,1361
1364,1362
1359,1363
1355,1364
1350,1365
1345,1367
1340,1368
1335,1370
1329,1371
1324,1373
1319,1375
1314,1377
1308,1378
1303,1380
1298,1383
1292,1385
1287,1387
1281,1389
1276,1391
1270,1394
1265,1396
1259,1399
1254,1401
1248,1404
1243,1406
1237,1409
1232,1411
1226,1414
1221,1417
1215,1420
1210,1422
1204,1425
1199,1428
1193,1431
1188,1434
1182,1437
1177,1440
1171,1443
1166,1446
1161,1449
1155,1452
1150,1455
1145,1459
1140,1462
1134,1465
1129,1469
1124,1472
1119,1475
1114,1479
1109,1482
1104,1486
1099,1489
1094,1493
1089,1496
1085,1500
1080,1503
1075,1507
1070,1511
1066,1514
1061,1518
1057,1521
1052,1525
1048,1528
1043,1532
1039,1535
1035,1539
1030,1542
1026,1545
1022,1549
1018,1552
1013,1555
1009,1559
1005,1562
1001,1565
997,1568
994,1571
990,1575
986,1578
982,1581
979,1584
975,1587
972,1590
968,1593
965,1596
962,1599
959,1602
956,1605
953,1607
950,1610
947,1612
944,1614
941,1617
939,1619
936,1621
934,1622
932,1624
930,1625
928,1626
926,1627
924,1628
922,1629
920,1629
919,1629
917,1630
916,1629
915,1629
914,1629
913,1628
912,1628
911,1627
911,1626
911,1625
910,1624
910,1623
910,1622
910,1621
910,1620
911,1620
911,1619
912,1618
912,1617
913,1616
914,1615
915,1614
915,1614
916,1613
917,1612
918,1611
919,1610
921,1609
922,1608
923,1607
924,1606
925,1604
926,1603
927,1602
928,1600
929,1599
930,1597
931,1595
932,1593
933,1591
934,1590
935,1588
936,1586
937,1584
938,1582
939,1580
940,1579
941,1577
943,1576
944,1574
946,1573
947,1572
949,1572
951,1571
953,1571
955,1571
958,1571
960,1571
963,1571
965,1572
968,1573
971,1574
974,1575
978,1577
981,1579
985,1580
988,1582
992,1584
996,1587
999,1589
1003,1591
1008,1594
1012,1596
1016,1598
1020,1601
1025,1603
1029,1605
1034,1608
1038,1610
1043,1612
1047,1615
1052,1617
1057,1619
1062,1621
1067,1623
1071,1625
1076,1627
1081,1629
1086,1631
1091,1633
1096,1635
1101,1636
1105,1638
1110,1640
1115,1641
1120,1643
1124,1644
1129,1646
1134,1647
1138,1649
1143,1650
1147,1652
1151,1653
1156,1655
1160,1656
1164,1658
1168,1660
1172,1661
1176,1663
1180,1665
1184,1667
1187,1669
1191,1670
1195,1672
1198,1674
1201,1676
1205,1678
1208,1679
1212,1681
1215,1683
1218,1685
1221,1687
1225,1688
1228,1690
1231,1692
1234,1694
1237,1696
1240,1698
1244,1699
1247,1701
1250,1703
1253,1705
1256,1707
1260,1709
1263,1710
1266,1712
1270,1714
1273,1716
1276,1718
1280,1720
1283,1722
1286,1724
1290,1726
1293,1728
1296,1731
1300,1733
1303,1735
1307,1738
1310,1740
1313,1743
1317,1746
1320,1748
1323,1751
1326,1754
1329,1756
1333,1759
1336,1761
1339,1764
1342,1766
1345,1768
1348,1771
1350,1773
1353,1775
1356,1777
1359,1779
1361,1780
1364,1782
1367,1783
1369,1784
1372,1786
1374,1787
1376,1787
1379,1788
1381,1789
1383,1789
1385,1789
1387,1790
1389,1790
1391,1790
1393,1790
1395,1790
1397,1790
1399,1790
1401,1790
1403,1790
1405,1790
1406,1789
1408,1789
1410,1789
1412,1789
1414,1789
1415,1790
1417,1790
1419,1790
1421,1790
1422,1790
1424,1790
1426,1791
1427,1791
1429,1791
1431,1791
1433,1792
1434,1792
1436,1792
1438,1792
1439,1792
1441,1793
1442,1793
1444,1793
1446,1793
1447,1793
1449,1793
1450,1793
1452,1793
1453,1793
1455,1793
1456,1793
1458,1793
1459,1793
1461,1793
1462,1792
1464,1792
1465,1792
1467,1792
1468,1792
1469,1791
1471,1791
1472,1791
1474,1791
1475,1791
1477,1791
1478,1791
1479,1790
1481,1790
1482,1790
1484,1790
1485,1790
1487,1790
1488,1790
1489,1790
1491,1790
1492,1790
1494,1790
1495,1790
1496,1790
1498,1790
1499,1790
1501,1790
1502,1790
1503,1790
1505,1790
1506,1790
1508,1790
1509,1790
1511,1790
1512,1790
1513,1789
1515,1789
1516,1789
1518,1789
1519,1789
1521,1789
1522,1789
1524,1789
1525,1790
1527,1790
1528,1790
1530,1790
1531,1790
1533,1790
1534,1790
1536,1791
1537,1791
1539,1791
1540,1791
1542,1792
1543,1792
1545,1792
1546,1793
1548,1793
1549,1794
1551,1794
1553,1794
1554,1795
1556,1795
1557,1796
1559,1796
1560,1797
1562,1797
1563,1798
1565,1799
1567,1799
1568,1800
1570,1800
1571,1801
1573,1802
1574,1802
1576,1803
1577,1804
1579,1805
1580,1805
1582,1806
1583,1807
1585,1808
1586,1809
1588,1810
1589,1810
1591,1811
1592,1812
1593,1813
1595,1814
1596,1815
1598,1816
1599,1817
1601,1818
1602,1819
1604,1820
1605,1821
1606,1822
1608,1823
1609,1824
1611,1825
1612,1826
1614,1827
1615,1828
1616,1829
1618,1830
1619,1831
1621,1832
1622,1833
1624,1835
1625,1836
1627,1837
1628,1838
1629,1839
1631,1840
1632,1841
1634,1842
1635,1844
1637,1845
1638,1846
1640,1847
1641,1848
1643,1850
1644,1851
1646,1852
1647,1853
1649,1855
1650,1856
1652,1857
1654,1858
1655,1859
1657,1860
1659,1861
1661,1862
1663,1863
1664,1864
1666,1865
1668,1865
1670,1866
1672,1867
1675,1867
1677,1868
1679,1868
1681,1869
1683,1869
1686,1870
1688,1870
1691,1871
1693,1871
1696,1871
1698,1871
1701,1872
1703,1872
1706,1872
1709,1872
1711,1872
1714,1872
1717,1872
1720,1872
1722,1872
1725,1872
1728,1872
1731,1872
1734,1872
1737,1872
1739,1872
1742,1872
1745,1872
1748,1871
1751,1871
1754,1871
1757,1871
1760,1870
1763,1870
1766,1870
1769,1870
1772,1869
1775,1869
1778,1869
1781,1868
1784,1868
1787,1868
1790,1868
1793,1868
1796,1868
1799,1868
1802,1867
1805,1867
1808,1867
1811,1868
1814,1868
1817,1868
1820,1868
1823,1868
1826,1869
1829,1869
1832,1869
1835,1870
1838,1870
1840,1871
1843,1871
1846,1872
1849,1872
1851,1873
1854,1873
1857,1874
1859,1875
1862,1875
1864,1876
1867,1877
1869,1878
1871,1879
1874,1880
1876,1880
1878,1881
1880,1882
1883,1883
1885,1884
1887,1885
1889,1886
1891,1887
1893,1888
1895,1889
1897,1890
1899,1891
1901,1892
1903,1893
1905,1894
1907,1895
1909,1896
1911,1897
1914,1898
1916,1899
1918,1900
1920,1901
1922,1902
1924,1903
1926,1904
1928,1905
1930,1906
1932,1907
1934,1908
1936,1909
1938,1911
1940,1912
1942,1913
1944,1914
1946,1915
1948,1917
1950,1918
1952,1919
1954,1920
1955,1921
1957,1922
1959,1924
1961,1925
1962,1926
1964,1927
1966,1928
1967,1928
1969,1929
1971,1930
1973,1931
1974,1931
1976,1932
1978,1932
1980,1933
1982,1933
1983,1933
1985,1934
1987,1934
1989,1934
1991,1934
1993,1935
1995,1935
1997,1935
1999,1935
2001,1935
2003,1935
2005,1936
2007,1936
2009,1936
2011,1936
2013,1937
2015,1937
2017,1937
2019,1938
2021,1938
2023,1939
2026,1939
2028,1940
2030,1941
2032,1941
2034,1942
2036,1943
2038,1943
2040,1944
2043,1945
2045,1946
2047,1947
2049,1948
2051,1948
2053,1949
2055,1950
2057,1951
2059,1951
2061,1952
2062,1953
2064,1953
2066,1954
2067,1955
2069,1955
2070,1955
2072,1956
2073,1956
2074,1956
2075,1957
2076,1957
2077,1957
2078,1957
2079,1957
2080,1957
2081,1957
2081,1957
2082,1957
2082,1956
2083,1956
2083,1956
2083,1956
2083,1956
2084,1955
2084,1955
2084,1955
2084,1955
2084,1954
2084,1954
2084,1954
2084,1953
2084,1953
2084,1953
2083,1952
2083,1952
2083,1952
2083,1951
2083,1951
2083,1951
2082,1950
2082,1950
2082,1949
2082,1949
2082,1949
2082,1948
2082,1948
2082,1947
2082,1947
2082,1946
2082,1946
2082,1945
2083,1945
2083,1944
2084,1943
2084,1943
2085,1942
2086,1941
2086,1941
2087,1940
2088,1939
2089,1938
2090,1938
2091,1937
2092,1936
2093,1936
2094,1935
2096,1934
2097,1934
2098,1933
2099,1933
2100,1932
2102,1932
2103,1932
2104,1932
2105,1932
2106,1932
2107,1932
2109,1932
2110,1932
2111,1932
2112,1932
2113,1933
2114,1933
2115,1933
2116,1934
2117,1934
2118,1935
2120,1935
2121,1936
2122,1936
2123,1936
2125,1936
2126,1937
2128,1937
2129,1937
2131,1937
2133,1937
2134,1936
2136,1936
2138,1936
2140,1935
2142,1934
2145,1934
2147,1933
2149,1932
2151,1931
2154,1930
2156,1929
2158,1928
2161,1927
2163,1926
2165,1925
2167,1923
2169,1922
2171,1921
2173,1920
2174,1919
2176,1919
2177,1918
2179,1917
2180,1916
2181,1916
2182,1915
2183,1914
2183,1914
2184,1913
2184,1913
2185,1913
2185,1913
2185,1912
2185,1912
2186,1912
2186,1912
2186,1911
2186,1911
2186,1911
2186,1911
2187,1911
2187,1910
2187,1910
2188,1910
2188,1909
2189,1909
2190,1908
2191,1908
2191,1907
2192,1907
2194,1906
2195,1905
2196,1904
2198,1903
2199,1902
2201,1902
2203,1901
2204,1899
2206,1898
2208,1897
2210,1896
2212,1895
2214,1894
2216,1893
2218,1892
2220,1891
2222,1890
2224,1888
2226,1888
2228,1887
2229,1886
2231,1885
2232,1885
2233,1884
2234,1884
2234,1884
2235,1883
2235,1883
2235,1884
2235,1884
2235,1884
2235,1885
2234,1885
2234,1886
2233,1886
2233,1887
2232,1888
2232,1889
2231,1889
2231,1890
2230,1891
2230,1892
2230,1893
2230,1894
2230,1895
2231,1895
2231,1896
2232,1897
2232,1898
2233,1898
2234,1899
2235,1900
2237,1900
2238,1901
2239,1901
2241,1901
2242,1902
2244,1902
2245,1902
2247,1902
2248,1902
2250,1902
2251,1902
2252,1902
2254,1901
2255,1901
2256,1900
2257,1900
2257,1899
2258,1899
2258,1898
2259,1897
2259,1896
2259,1895
2260,1894
2260,1893
2260,1891
2259,1890
2259,1889
2259,1887
2258,1886
2258,1884
2257,1883
2257,1882
2256,1880
2255,1879
2254,1878
2253,1877
2252,1876
2250,1875
2249,1874
2247,1873
2246,1872
2244,1871
2243,1870
2241,1869
2239,1868
2237,1867
2236,1867
2234,1866
2232,1865
2230,1864
2229,1864
2227,1863
2225,1862
2224,1861
2222,1860
2220,1860
2219,1859
2217,1858
2216,1857
2214,1856
2213,1855
2212,1855
2210,1854
2209,1853
2208,1852
2207,1851
2206,1851
2204,1850
2203,1849
2202,1849
2201,1848
2199,1848
2198,1847
2197,1847
2195,1847
2194,1846
2192,1846
2190,1846
2189,1846
2187,1845
2185,1845
2183,1845
2181,1845
2179,1844
2177,1844
2175,1844
2173,1843
2171,1843
2168,1842
2166,1842
2164,1841
2161,1840
2159,1839
2156,1838
2153,1838
2151,1837
2148,1835
2145,1834
2143,1833
2140,1832
2137,1831
2134,1830
2131,1829
2128,1828
2125,1826
2122,1825
2118,1824
2115,1823
2112,1822
2108,1821
2105,1821
2101,1820
2097,1819
2094,1818
2090,1818
2086,1817
2082,1817
2078,1816
2074,1816
2070,1816
2066,1816
2062,1815
2058,1815
2054,1815
2050,1815
2046,1815
2042,1815
2038,1815
2033,1815
2029,1815
2025,1815
2021,1815
2017,1815
2013,1815
2009,1815
2005,1814
2000,1814
1996,1814
1992,1814
1988,1814
1984,1814
1981,1814
1977,1813
1973,1813
1969,1813
1965,1813
1961,1813
1958,1813
1954,1812
1950,1812
1947,1812
1943,1812
1939,1812
1936,1812
1932,1813
1928,1813
1925,1813
1921,1813
1917,1814
1914,1815
1910,1815
1906,1816
1903,1817
1899,1818
1895,1819
1891,1820
1887,1821
1884,1822
1880,1824
1876,1825
1872,1827
1868,1829
1864,1830
1860,1832
1856,1834
1852,1836
1848,1838
1844,1840
1840,1842
1837,1844
1833,1846
1829,1849
1825,1851
1821,1853
1817,1855
1814,1858
1810,1860
1806,1862
1803,1865
1799,1867
1796,1869
1792,1872
1789,1874
1785,1877
1782,1879
1779,1881
1775,1884
1772,1886
1769,1889
1766,1891
1763,1894
1760,1896
1756,1899
1753,1901
1750,1904
1747,1906
1744,1908
1741,1911
1739,1913
1736,1916
1733,1918
1730,1920
1727,1923
1724,1925
1722,1927
1719,1930
1716,1932
1713,1934
1711,1936
1708,1938
1705,1940
1703,1942
1700,1944
1698,1946
1695,1947
1692,1949
1690,1950
1687,1952
1685,1953
1683,1955
1680,1956
1678,1957
1676,1958
1673,1959
1671,1960
1669,1961
1667,1962
1664,1962
1662,1963
1660,1964
1658,1964
1656,1965
1654,1966
1652,1966
1650,1966
1648,1967
1646,1967
1644,1967
1642,1968
1640,1968
1638,1968
1636,1968
1634,1968
1632,1968
1630,1968
1628,1968
1626,1968
1624,1968
1622,1968
1620,1968
1619,1968
1617,1968
1615,1968
1613,1967
1611,1967
1609,1967
1607,1966
1606,1966
1604,1966
1602,1966
1600,1965
1599,1965
1597,1965
1595,1964
1594,1964
1592,1964
1590,1963
1589,1963
1587,1963
1586,1963
1584,1962
1582,1962
1581,1962
1579,1961
1578,1961
1576,1961
1575,1961
1573,1960
1572,1960
1570,1960
1569,1960
1567,1959
1566,1959
1564,1959
1563,1958
1562,1958
1560,1958
1559,1958
1557,1957
1556,1957
1554,1957
1553,1957
1552,1956
1550,1956
1549,1956
1547,1956
1546,1956
1544,1955
1543,1955
1541,1955
1540,1955
1538,1955
1537,1955
1535,1955
1534,1955
1532,1955
1531,1955
1529,1955
1528,1956
1526,1956
1525,1956
1523,1956
1522,1956
1520,1956
1519,1956
1517,1956
1516,1956
1514,1956
1513,1956
1511,1956
1509,1956
1508,1956
1506,1956
1505,1956
1503,1956
1502,1956
1500,1956
1499,1956
1497,1956
1496,1956
1494,1956
1492,1956
1491,1956
1489,1956
1488,1956
1486,1956
1485,1956
1483,1956
1481,1955
1480,1955
1478,1955
1477,1955
1475,1955
1473,1955
1472,1955
1470,1955
1469,1955
1467,1955
1465,1955
1464,1955
1462,1955
1461,1955
1459,1955
1458,1955
1456,1955
1454,1956
1453,1956
1451,1956
1450,1956
1448,1956
1447,1956
1445,1956
1443,1956
1442,1956
1440,1956
1439,1956
1437,1956
1436,1956
1434,1956
1433,1956
1431,1956
1430,1956
1428,1956
1427,1956
1425,1956
1424,1956
1422,1956
1421,1956
1419,1956
1418,1956
1416,1956
1414,1956
1413,1956
1411,1956
1410,1956
1408,1956
1406,1956
1405,1956
1403,1956
1402,1956
1400,1956
1398,1956
1397,1956
1395,1957
1394,1957
1392,1957
1390,1958
1389,1958
1387,1958
1386,1959
1384,1959
1383,1960
1382,1961
1380,1961
1379,1962
1378,1963
1376,1963
1375,1964
1374,1965
1373,1966
1372,1966
1371,1967
1371,1968
1370,1969
1369,1969
1369,1970
1368,1970
1368,1971
1367,1971
1367,1972
1367,1972
1367,1972
1366,1972
1366,1972
1366,1972
1366,1972
1366,1971
1366,1971
1367,1971
1367,1970
1367,1970
1367,1969
1367,1968
1367,1968
1367,1967
1368,1966
1368,1966
1368,1965
1368,1964
1368,1964
1368,1963
1368,1963
1368,1962
1368,1962
1368,1961
1368,1961
1368,1961
1369,1960
1369,1960
1369,1960
1369,1960
1369,1960
1369,1959
1369,1959
1369,1959
1369,1959
1369,1959
1369,1959
1369,1959
1369,1959
1369,1959
1369,1959
1369,1959
1369,1959
1369,1959
1369,1959
1369,1959
1369,1958
1369,1958
1369,1958
1369,1958
1369,1958
1369,1958
1369,1958
1369,1958
1369,1958
1369,1957
1369,1957
1368,1957
1368,1957
1368,1957
1368,1957
1368,1957
1368,1957
1368,1957
1367,1957
1367,1957
1367,1957
1367,1957
1366,1957
1366,1957
1366,1957
1365,1957
1365,1957
1364,1957
1364,1957
1363,1957
1363,1957
1362,1957
1362,1957
1361,1956
1361,1956
1360,1956
1359,1956
1358,1956
1357,1955
1356,1955
1355,1955
1354,1954
1352,1954
1351,1954
1349,1953
1348,1953
1346,1952
1344,1952
1342,1952
1340,1951
1339,1951
1337,1950
1335,1950
1333,1950
1330,1949
1328,1949
1326,1949
1324,1948
1322,1948
1320,1948
1318,1948
1316,1948
1315,1947
1313,1947
1311,1947
1309,1947
1308,1946
1306,1946
1304,1946
1303,1946
1302,1945
1300,1945
1299,1944
1298,1944
1296,1944
1295,1943
1294,1942
1293,1942
1292,1941
1291,1941
1290,1940
1288,1939
1287,1939
1286,1938
1285,1937
1284,1936
1283,1935
1282,1934
1281,1933
1280,1932
1279,1931
1278,1930
1277,1929
1276,1928
1276,1927
1275,1926
1274,1925
1273,1924
1272,1922
1271,1921
1270,1920
1269,1919
1269,1917
1268,1916
1267,1915
1266,1913
1265,1912
1265,1911
1264,1909
1263,1908
1262,1907
1262,1905
1261,1904
1260,1903
1260,1901
1259,1900
1258,1899
1258,1897
1257,1896
1256,1895
1256,1893
1255,1892
1254,1891
1254,1889
1253,1888
1252,1887
1252,1885
1251,1884
1250,1883
1249,1881
1249,1880
1248,1879
1247,1878
1247,1876
1246,1875
1245,1874
1244,1872
1243,1871
1242,1870
1242,1869
1241,1867
1240,1866
1239,1865
1238,1864
1237,1862
1236,1861
1235,1860
1234,1859
1233,1858
1232,1856
1231,1855
1230,1854
1229,1853
1228,1852
1227,1851
1225,1850
1224,1849
1223,1848
1222,1847
1221,1846
1220,1845
1218,1844
1217,1844
1216,1843
1215,1842
1213,1841
1212,1841
1211,1840
1210,1840
1208,1839
1207,1839
1206,1838
1204,1838
1203,1838
1202,1838
1201,1837
1199,1837
1198,1837
1197,1837
1195,1837
1194,1837
1193,1836
1191,1836
1190,1836
1188,1836
1187,1836
1186,1836
1184,1836
1183,1836
1182,1836
1180,1836
1179,1836
1177,1836
1176,1836
1174,1836
1173,1836
1172,1836
1170,1836
1169,1836
1167,1837
1166,1837
1164,1837
1163,1837
1162,1837
1160,1837
1159,1837
1157,1837
1156,1837
1154,1838
1153,1838
1151,1838
1150,1838
1148,1839
1147,1839
1145,1840
1143,1840
1142,1841
1140,1841
1139,1842
1137,1843
1135,1844
1134,1845
1132,1846
1130,1847
1128,1848
1127,1849
1125,1851
1123,1852
1121,1854
1119,1855
1117,1857
1115,1859
1113,1861
1111,1863
1109,1865
1107,1867
1104,1869
1102,1871
1100,1873
1098,1876
1095,1878
1093,1880
1090,1883
1088,1885
1085,1888
1082,1890
1080,1892
1077,1895
1074,1897
1071,1900
1068,1902
1065,1904
1062,1907
1059,1909
1056,1911
1053,1913
1050,1915
1047,1917
1043,1919
1040,1921
1037,1923
1033,1925
1030,1926
1027,1928
1023,1929
1020,1931
1016,1932
1013,1933
1009,1934
1006,1936
1003,1937
999,1938
996,1938
993,1939
990,1940
987,1941
984,1941
981,1942
978,1942
975,1942
972,1943
969,1943
966,1943
964,1943
961,1942
959,1942
956,1942
954,1941
952,1941
949,1940
947,1939
945,1938
943,1937
941,1936
939,1934
937,1933
935,1931
933,1930
931,1928
930,1926
928,1924
927,1922
925,1920
924,1918
922,1916
921,1914
919,1912
918,1909
917,1907
916,1905
915,1902
914,1900
913,1897
912,1895
912,1892
911,1890
910,1888
910,1885
909,1883
908,1880
908,1878
907,1875
907,1873
907,1870
906,1868
906,1865
906,1862
905,1860
905,1857
905,1854
905,1852
905,1849
905,1846
905,1844
904,1841
905,1838
905,1835
905,1833
905,1830
905,1827
905,1824
906,1822
906,1819
906,1816
907,1813
907,1810
908,1808
909,1805
909,1802
910,1799
911,1796
912,1794
913,1791
914,1788
915,1785
916,1783
918,1780
919,1777
921,1775
922,1772
924,1770
925,1767
927,1765
929,1762
931,1760
933,1757
935,1755
937,1753
939,1751
941,1749
944,1747
946,1745
949,1743
951,1741
954,1739
957,1738
959,1736
962,1734
965,1733
968,1731
971,1730
974,1729
977,1727
980,1726
983,1725
987,1724
990,1723
993,1722
997,1721
1000,1721
1004,1720
1007,1719
1011,1719
1015,1718
1018,1718
1022,1718
1026,1718
1030,1717
1034,1717
1038,1717
1042,1717
1046,1717
1050,1717
1054,1717
1059,1717
1063,1718
1067,1718
1071,1718
1076,1718
1080,1718
1084,1718
1089,1718
1093,1718
1097,1718
1101,1718
1106,1717
1110,1717
1114,1716
1118,1716
1122,1715
1125,1714
1129,1713
1132,1712
1136,1711
1139,1710
1142,1709
1145,1707
1148,1706
1150,1704
1153,1702
1155,1700
1157,1698
1158,1696
1160,1694
1161,1692
1162,1689
1163,1687
1163,1684
1163,1682
1163,1679
1163,1677
1163,1675
1162,1672
1161,1670
1161,1667
1159,1665
1158,1663
1157,1661
1155,1659
1153,1657
1151,1655
1149,1653
1147,1651
1145,1649
1142,1648
1140,1646
1137,1645
1135,1644
1132,1642
1129,1641
1126,1640
1124,1639
1121,1638
1118,1637
1114,1636
1111,1634
1108,1633
1105,1632
1102,1631
1098,1630
1095,1629
1092,1628
1088,1626
1085,1625
1081,1623
1078,1622
1075,1620
1071,1618
1068,1616
1064,1614
1061,1612
1057,1610
1054,1608
1051,1606
1047,1603
1044,1601
1041,1598
1037,1596
1034,1593
1031,1590
1027,1587
1024,1584
1021,1581
1018,1578
1015,1575
1012,1572
1009,1568
1006,1565
1003,1562
1000,1558
997,1554
994,1551
992,1547
989,1543
986,1539
984,1536
981,1532
979,1528
977,1524
974,1520
972,1516
970,1512
968,1508
966,1504
964,1500
962,1496
960,1492
959,1488
957,1484
956,1480
954,1476
953,1472
951,1469
950,1465
949,1461
948,1457
947,1454
946,1450
945,1446
944,1442
944,1439
943,1435
942,1432
942,1428
941,1424
941,1421
940,1418
940,1414
939,1411
939,1408
939,1405
939,1402
938,1399
938,1396
938,1393
938,1391
938,1388
938,1385
938,1383
938,1380
938,1378
938,1376
938,1374
938,1372
939,1370
939,1368
939,1366
939,1364
939,1362
940,1361
940,1359
940,1357
941,1356
941,1355
941,1353
942,1352
942,1351
943,1350
943,1349
943,1348
944,1347
944,1346
945,1345
945,1344
946,1344
946,1343
947,1342
947,1342
948,1341
949,1341
949,1340
949,1340
950,1339
950,1338
951,1337
951,1337
951,1336
952,1334
952,1333
952,1332
952,1331
953,1330
953,1328
953,1327
953,1326
953,1325
953,1324
953,1322
954,1322
954,1321
954,1320
954,1319
954,1319
955,1319
955,1318
955,1318
955,1318
956,1319
956,1319
956,1319
956,1320
957,1320
957,1321
957,1322
957,1322
957,1323
957,1324
958,1325
958,1325
958,1326
958,1326
958,1327
957,1327
957,1327
957,1327
957,1328
957,1327
956,1327
956,1327
955,1327
955,1326
954,1326
954,1325
953,1324
953,1324
952,1323
951,1322
951,1321
950,1321
949,1320
949,1319
948,1318
947,1318
946,1317
946,1317
945,1316
944,1315
943,1315
943,1315
942,1314
941,1314
940,1314
940,1313
939,1313
938,1313
938,1313
937,1314
936,1314
936,1314
935,1314
935,1315
934,1315
934,1316
933,1317
933,1317
932,1318
932,1318
931,1319
931,1320
931,1320
930,1321
930,1322
929,1322
929,1323
928,1323
928,1323
927,1323
927,1324
926,1324
926,1324
925,1324
925,1324
924,1324
923,1324
923,1323
922,1323
922,1323
921,1323
920,1323
920,1323
919,1322
918,1322
918,1322
917,1322
917,1322
916,1322
915,1321
915,1321
914,1321
914,1321
913,1321
912,1321
912,1321
911,1321
911,1322
910,1322
910,1322
909,1322
909,1322
908,1323
908,1323
908,1323
907,1324
907,1324
906,1324
906,1324
905,1325
905,1325
904,1325
904,1325
903,1325
902,1325
902,1325
901,1325
901,1324
900,1324
899,1324
898,1324
898,1323
897,1323
896,1322
895,1322
895,1322
894,1321
893,1321
892,1320
891,1320
891,1319
890,1319
889,1319
888,1319
887,1318
887,1318
886,1318
885,1319
885,1319
884,1319
883,1319
883,1320
882,1320
881,1320
881,1321
880,1321
879,1321
879,1321
878,1321
877,1322
876,1321
876,1321
875,1321
874,1321
873,1320
872,1320
871,1319
870,1318
869,1318
868,1317
867,1316
866,1315
865,1315
864,1314
863,1313
862,1313
861,1312
860,1312
859,1311
858,1311
858,1311
857,1311
856,1310
856,1310
855,1310
854,1311
854,1311
853,1311
852,1311
852,1311
851,1312
851,1312
850,1312
850,1312
849,1312
848,1312
848,1312
847,1312
846,1312
846,1312
845,1311
844,1311
843,1310
843,1310
842,1309
841,1309
840,1308
839,1307
839,1307
838,1306
837,1305
836,1305
835,1304
835,1304
834,1303
833,1303
832,1303
832,1302
831,1302
831,1302
830,1302
830,1302
829,1303
829,1303
828,1303
828,1303
828,1303
827,1303
827,1304
826,1304
826,1304
825,1304
825,1304
824,1304
824,1303
823,1303
823,1302
822,1302
821,1301
820,1300
820,1299
819,1298
818,1297
817,1296
816,1295
815,1294
814,1293
813,1292
812,1291
811,1290
810,1289
809,1288
808,1287
807,1286
806,1285
806,1284
805,1283
804,1283
803,1282
802,1281
801,1280
800,1280
799,1279
798,1278
797,1278
796,1277
795,1276
794,1275
793,1275
792,1274
792,1273
791,1273
790,1272
789,1271
788,1271
787,1270
786,1270
785,1270
785,1270
784,1269
783,1269
782,1269
782,1269
781,1269
780,1269
780,1269
779,1269
779,1269
778,1269
777,1269
777,1269
776,1269
776,1269
775,1269
774,1268
773,1268
773,1267
772,1266
771,1265
770,1264
769,1263
768,1261
766,1260
765,1258
764,1256
762,1254
761,1252
759,1250
758,1248
756,1246
755,1244
753,1242
752,1240
751,1238
749,1236
748,1235
746,1233
745,1232
744,1230
742,1229
741,1227
740,1226
739,1225
737,1224
736,1222
735,1221
734,1220
733,1219
732,1217
731,1216
730,1215
728,1214
727,1213
726,1212
726,1211
725,1210
724,1209
723,1208
722,1207
721,1206
720,1205
719,1203
718,1202
717,1201
716,1199
715,1198
714,1196
713,1194
712,1193
710,1191
709,1189
708,1187
707,1185
706,1183
705,1181
703,1179
702,1177
701,1175
700,1172
699,1170
697,1168
696,1166
695,1163
694,1161
693,1159
691,1156
690,1154
689,1152
688,1149
687,1147
686,1145
685,1143
684,1141
683,1139
682,1137
681,1135
680,1133
679,1131
678,1129
677,1127
677,1126
676,1124
675,1122
675,1121
674,1119
673,1118
672,1116
672,1115
671,1113
670,1111
669,1110
669,1108
668,1107
667,1105
666,1104
665,1102
665,1100
664,1099
663,1097
662,1095
661,1094
660,1092
659,1090
658,1089
657,1087
656,1085
655,1084
654,1082
653,1080
652,1078
651,1077
650,1075
649,1073
647,1072
646,1070
645,1068
644,1067
643,1065
641,1064
640,1062
639,1061
638,1059
636,1058
635,1056
634,1055
632,1053
631,1052
630,1051
628,1049
627,1048
626,1047
624,1046
623,1045
622,1043
621,1042
619,1041
618,1040
617,1039
616,1038
614,1037
613,1036
612,1035
611,1034
609,1033
608,1032
607,1031
606,1029
604,1028
603,1027
602,1026
600,1024
599,1023
598,1022
596,1020
595,1019
594,1017
592,1016
591,1014
589,1013
588,1012
587,1010
585,1009
584,1007
583,1006
581,1005
580,1004
579,1002
577,1001
576,1000
575,1000
574,999
573,998
572,998
571,997
570,997
569,997
568,996
568,996
567,996
566,996
565,995
564,995
564,995
563,994
562,994
561,994
561,993
560,993
560,993
559,992
559,992
558,992
558,992
558,991
557,991
557,991
557,991
557,991
557,991
557,991
557,991
557,992
558,992
558,992
559,993
559,994
560,994
560,995
561,997
562,998
563,999
563,1000
564,1002
565,1004
566,1005
567,1007
568,1009
569,1011
570,1013
571,1015
572,1017
573,1019
574,1022
575,1024
576,1027
577,1029
578,1031
579,1034
580,1037
581,1039
582,1042
583,1045
584,1048
585,1051
586,1053
586,1056
587,1059
588,1062
589,1065
589,1068
590,1071
591,1075
591,1078
592,1081
592,1084
593,1087
593,1090
594,1094
594,1097
595,1100
595,1103
595,1106
596,1109
596,1113
596,1116
597,1119
597,1122
597,1125
597,1128
597,1131
597,1134
597,1137
597,1140
597,1143
597,1146
597,1149
597,1152
597,1155
597,1158
596,1161
596,1164
596,1167
596,1170
596,1173
596,1176
596,1179
596,1181
596,1184
596,1187
596,1190
596,1192
595,1195
595,1198
595,1200
595,1202
595,1205
595,1207
594,1209
594,1211
594,1214
593,1216
593,1218
593,1219
592,1221
592,1223
591,1225
591,1226
591,1228
590,1230
590,1231
589,1233
589,1234
588,1235
588,1236
587,1237
586,1239
586,1240
585,1241
585,1241
584,1242
584,1243
583,1244
583,1245
583,1245
582,1246
582,1247
582,1247
582,1248
581,1248
581,1249
581,1249
581,1250
581,1250
581,1250
581,1250
581,1250
582,1251
582,1251
582,1251
582,1251
583,1251
583,1251
583,1251
584,1250
584,1250
585,1250
585,1250
585,1250
586,1249
586,1249
587,1249
587,1248
588,1248
589,1248
589,1247
590,1247
590,1247
591,1246
591,1246
592,1245
592,1245
593,1245
593,1244
594,1244
594,1243
595,1243
595,1242
596,1241
596,1241
596,1240
597,1239
597,1239
598,1238
598,1237
599,1236
599,1235
600,1234
600,1234
600,1233
601,1232
602,1231
602,1230
603,1229
603,1228
604,1228
605,1227
605,1226
606,1225
607,1225
608,1224
609,1223
610,1223
611,1222
612,1221
613,1221
614,1221
615,1220
617,1220
618,1220
619,1220
621,1220
622,1219
623,1219
625,1219
626,1219
627,1219
629,1219
630,1219
631,1219
633,1218
634,1218
636,1218
637,1218
638,1218
639,1218
641,1217
642,1217
643,1217
644,1216
645,1216
646,1215
647,1214
648,1214
649,1213
649,1212
650,1211
651,1210
651,1208
652,1207
653,1206
653,1205
654,1203
655,1202
655,1201
656,1200
657,1199
658,1198
658,1197
659,1195
660,1194
661,1193
661,1192
662,1190
663,1189
663,1187
664,1186
665,1184
665,1182
666,1179
666,1177
667,1175
667,1172
667,1170
668,1167
668,1164
668,1161
669,1158
669,1155
669,1152
669,1149
669,1146
669,1142
669,1139
668,1136
668,1132
668,1129
667,1125
667,1122
667,1118
666,1115
665,1111
665,1108
664,1104
663,1101
662,1098
661,1095
661,1092
660,1090
659,1087
657,1085
656,1083
655,1081
654,1079
652,1077
651,1076
650,1075
648,1074
647,1073
645,1072
644,1072
642,1072
641,1072
639,1072
638,1072
636,1073
635,1074
633,1075
632,1076
630,1078
629,1079
627,1081
626,1083
625,1085
624,1087
623,1090
622,1092
621,1095
620,1098
619,1101
619,1104
618,1107
618,1111
618,1114
617,1117
617,1121
617,1124
617,1128
617,1131
617,1135
617,1138
617,1141
617,1145
617,1148
617,1151
617,1153
618,1156
617,1159
617,1161
617,1163
617,1165
617,1167
617,1169
617,1171
617,1173
617,1174
616,1176
616,1178
616,1179
616,1181
616,1183
615,1184
615,1186
615,1188
616,1190
616,1193
616,1195
616,1198
617,1201
617,1204
618,1207
618,1210
619,1214
620,1217
621,1221
621,1225
622,1229
623,1233
624,1236
625,1240
626,1244
627,1249
628,1253
629,1257
630,1261
631,1265
632,1269
633,1273
634,1277
635,1280
636,1284
637,1288
638,1292
639,1296
640,1300
641,1303
641,1307
642,1310
643,1314
644,1317
645,1320
645,1323
646,1327
646,1330
647,1332
647,1335
648,1338
648,1341
648,1343
649,1346
649,1348
649,1350
649,1352
649,1354
649,1356
648,1358
648,1360
648,1361
647,1363
647,1364
646,1366
645,1367
644,1368
644,1369
643,1370
642,1371
640,1372
639,1373
638,1373
637,1374
636,1375
634,1375
633,1376
632,1377
630,1377
629,1378
627,1378
626,1379
624,1379
623,1379
621,1380
619,1380
618,1380
616,1381
614,1381
612,1381
610,1381
608,1381
607,1381
605,1381
603,1381
600,1380
598,1380
596,1380
594,1380
592,1379
590,1379
588,1379
586,1379
584,1378
582,1378
579,1378
577,1378
575,1378
573,1378
571,1377
569,1377
567,1377
565,1377
563,1377
561,1377
558,1377
556,1377
554,1376
552,1376
550,1376
547,1375
545,1375
542,1374
540,1373
537,1373
535,1372
532,1371
529,1369
526,1368
523,1367
520,1365
517,1364
514,1362
511,1360
508,1359
505,1357
502,1355
498,1353
495,1351
492,1349
489,1348
486,1346
483,1344
480,1342
478,1340
475,1339
472,1337
469,1335
466,1333
464,1332
461,1330
458,1328
455,1326
453,1325
450,1323
448,1321
445,1320
442,1318
440,1316
437,1315
435,1313
432,1311
430,1309
427,1307
424,1305
422,1303
419,1301
417,1299
414,1297
411,1294
409,1292
406,1290
404,1287
401,1285
399,1283
396,1281
394,1278
392,1276
390,1274
387,1272
385,1270
383,1267
381,1265
379,1263
378,1261
376,1259
374,1257
372,1255
371,1253
369,1252
368,1250
366,1248
365,1246
364,1245
363,1243
362,1241
360,1240
360,1238
359,1237
358,1236
357,1234
356,1233
356,1231
355,1230
355,1229
354,1227
354,1226
353,1225
353,1224
353,1222
353,1221
353,1220
353,1219
353,1218
353,1217
353,1216
354,1215
354,1215
355,1214
355,1213
356,1212
356,1212
357,1211
358,1210
358,1210
359,1209
360,1208
361,1208
362,1207
362,1207
363,1206
364,1206
365,1205
366,1205
367,1204
368,1204
370,1204
371,1203
372,1203
373,1203
375,1203
376,1203
377,1204
379,1204
380,1205
382,1205
384,1206
386,1207
387,1208
389,1210
391,1211
393,1212
395,1214
397,1216
399,1217
401,1219
403,1221
405,1223
407,1226
409,1228
412,1230
414,1233
416,1235
418,1238
420,1240
422,1243
425,1245
427,1248
429,1251
431,1254
433,1256
435,1259
438,1262
440,1265
443,1268
445,1271
448,1275
450,1278
453,1281
456,1285
458,1288
461,1291
464,1295
467,1298
470,1302
473,1305
476,1308
479,1312
482,1315
485,1318
488,1321
490,1323
493,1326
496,1328
498,1330
501,1332
503,1334
505,1336
507,1337
509,1339
511,1340
513,1341
514,1342
516,1343
517,1343
519,1344
520,1344
521,1345
522,1345
522,1345
523,1345
524,1345
524,1345
525,1345
525,1345
526,1345
526,1345
527,1345
527,1346
527,1346
528,1346
528,1347
528,1347
528,1348
529,1348
529,1349
529,1350
530,1350
530,1351
530,1352
531,1353
531,1354
531,1355
532,1356
532,1358
533,1359
533,1360
534,1362
534,1363
535,1365
535,1366
536,1368
537,1370
538,1372
538,1374
539,1375
540,1377
540,1379
541,1380
541,1382
542,1383
542,1385
543,1386
543,1387
543,1388
544,1389
544,1390
544,1391
544,1392
544,1393
544,1393
544,1394
544,1394
544,1395
543,1395
543,1396
543,1396
542,1397
542,1397
542,1398
542,1398
541,1399
541,1400
541,1401
541,1402
541,1403
541,1405
541,1406
541,1408
541,1410
541,1412
542,1414
542,1416
543,1419
543,1421
544,1424
545,1427
546,1429
547,1432
548,1435
550,1438
551,1441
553,1444
554,1447
556,1450
558,1453
560,1456
562,1459
564,1462
566,1465
568,1468
571,1471
573,1474
576,1477
578,1479
581,1482
584,1485
587,1487
589,1490
593,1492
596,1495
599,1497
602,1499
605,1502
608,1504
612,1506
615,1508
619,1510
622,1512
625,1513
629,1515
632,1517
636,1519
640,1520
643,1522
647,1523
650,1525
654,1526
658,1527
661,1528
665,1530
669,1531
672,1532
676,1533
680,1534
683,1535
687,1536
691,1537
695,1538
698,1538
702,1539
706,1540
710,1541
714,1542
717,1542
721,1543
725,1544
729,1544
733,1545
736,1546
740,1546
744,1547
748,1548
752,1548
756,1549
759,1550
763,1550
767,1551
771,1551
775,1552
778,1552
782,1553
786,1553
790,1554
793,1554
797,1554
801,1555
804,1555
808,1556
812,1556
816,1556
819,1557
823,1557
827,1557
830,1558
834,1558
838,1558
841,1559
845,1559
849,1560
852,1560
856,1561
860,1561
863,1561
867,1562
871,1562
874,1563
878,1563
882,1564
885,1564
889,1565
893,1565
896,1565
900,1566
903,1566
907,1567
911,1567
914,1568
918,1568
921,1569
925,1569
929,1570
932,1570
936,1571
939,1571
943,1572
946,1572
950,1573
953,1573
957,1574
960,1575
964,1575
967,1576
971,1576
974,1577
978,1577
981,1578
984,1578
988,1579
991,1579
995,1579
998,1580
1001,1580
1004,1580
1008,1580
1011,1580
1014,1581
1017,1581
1020,1581
1023,1581
1026,1580
1029,1580
1032,1580
1035,1580
1038,1580
1041,1580
1044,1579
1047,1579
1050,1579
1053,1578
1056,1578
1058,1578
1061,1578
1064,1577
1067,1577
1069,1577
1072,1577
1075,1577
1077,1577
1080,1577
1083,1577
1085,1577
1088,1577
1090,1577
1092,1577
1095,1577
1097,1577
1099,1577
1102,1577
1104,1577
1106,1577
1108,1577
1110,1577
1112,1576
1113,1576
1115,1576
1117,1576
1118,1575
1120,1575
1121,1574
1122,1574
1124,1573
1125,1572
1126,1572
1127,1571
1128,1570
1129,1569
1130,1568
1131,1568
1131,1567
1132,1566
1133,1565
1133,1564
1134,1563
1134,1562
1135,1561
1135,1560
1135,1559
1135,1558
1136,1557
1136,1556
1136,1555
1136,1554
1136,1553
1136,1552
1136,1551
1136,1549
1136,1548
1136,1547
1136,1546
1135,1544
1135,1543
1135,1542
1134,1540
1134,1539
1134,1538
1133,1536
1133,1535
1132,1533
1132,1532
1131,1531
1131,1529
1130,1528
1130,1526
1129,1525
1129,1523
1128,1522
1128,1521
1128,1519
1127,1518
1127,1516
1126,1515
1126,1514
1126,1512
1125,1511
1125,1509
1124,1508
1124,1506
1124,1505
1124,1503
1123,1501
1123,1500
1123,1498
1122,1496
1122,1494
1122,1493
1122,1491
1122,1489
1122,1487
1121,1486
1121,1484
1121,1482
1121,1480
1121,1479
1121,1477
1121,1475
1121,1474
1122,1472
1122,1471
1122,1469
1122,1468
1122,1466
1122,1465
1123,1463
1123,1462
1123,1460
1123,1459
1124,1457
1124,1456
1124,1454
1124,1452
1124,1450
1125,1449
1125,1447
1125,1445
1125,1443
1125,1441
1125,1438
1125,1436
1125,1434
1125,1432
1125,1430
1125,1428
1126,1426
1126,1424
1126,1423
1126,1421
1126,1419
1126,1418
1126,1417
1126,1416
1127,1415
1127,1414
1127,1414
1128,1414
1128,1414
1129,1414
1129,1414
1130,1415
1131,1416
1132,1417
1132,1418
1133,1419
1134,1421
1135,1422
1136,1424
1137,1425
1138,1427
1140,1429
1141,1431
1142,1432
1143,1434
1145,1435
1146,1437
1147,1438
1149,1440
1150,1441
1151,1442
1153,1443
1154,1444
1156,1445
1157,1446
1158,1447
1160,1448
1162,1448
1163,1449
1165,1449
1166,1450
1168,1450
1170,1450
1172,1451
1174,1451
1176,1452
1178,1452
1180,1453
1182,1453
1184,1454
1187,1455
1189,1456
1192,1457
1195,1458
1197,1459
1200,1461
1203,1462
1206,1464
1210,1465
1213,1467
1217,1469
1220,1470
1224,1472
1228,1474
1232,1476
1236,1478
1240,1480
1244,1482
1249,1484
1254,1486
1258,1488
1263,1490
1268,1492
1273,1495
1278,1497
1284,1499
1289,1501
1295,1504
1301,1506
1306,1508
1312,1510
1318,1512
1324,1515
1331,1517
1337,1519
1343,1521
1350,1523
1356,1525
1363,1528
1370,1530
1377,1532
1384,1534
1391,1536
1398,1538
1405,1540
1412,1542
1419,1543
1427,1545
1434,1547
1441,1549
1449,1551
1456,1553
1464,1554
1471,1556
1479,1558
1486,1559
1494,1561
1501,1563
1509,1564
1516,1566
1524,1567
1531,1568
1539,1570
1546,1571
1553,1573
1561,1574
1568,1575
1575,1576
1582,1577
1589,1578
1597,1579
1604,1580
1610,1581
1617,1582
1624,1583
1631,1584
1638,1584
1644,1585
1651,1586
1657,1586
1664,1587
1670,1587
1676,1587
1683,1588
1689,1588
1695,1589
1701,1589
1707,1589
1713,1590
1718,1590
1724,1591
1730,1591
1735,1592
1741,1592
1746,1593
1752,1594
1757,1595
1762,1595
1767,1596
1773,1597
1778,1598
1783,1599
1788,1600
1792,1601
1797,1602
1802,1603
1807,1604
1811,1605
1816,1606
1821,1608
1825,1609
1829,1610
1834,1611
1838,1612
1842,1613
1846,1613
1850,1614
1854,1615
1858,1616
1861,1617
1865,1618
1868,1618
1871,1619
1874,1620
1877,1620
1880,1621
1882,1622
1885,1622
1887,1623
1889,1623
1891,1624
1892,1625
1894,1625
1895,1626
1896,1626
1897,1627
1898,1627
1899,1628
1900,1628
1900,1629
1901,1629
1901,1629
1902,1630
1902,1630
1902,1630
1902,1630
1903,1631
1903,1631
1903,1631
1903,1631
1903,1631
1903,1632
1903,1632
1903,1632
1903,1632
1903,1632
1903,1632
1903,1633
1903,1633
1903,1633
1903,1633
1903,1633
1903,1633
1903,1633
1903,1634
1903,1634
1903,1634
1903,1634
1902,1634
1902,1634
1902,1634
1902,1634
1902,1634
1901,1634
1901,1634
1901,1634
1900,1634
1900,1634
1900,1634
1899,1634
1899,1634
1899,1634
1898,1634
1898,1634
1898,1633
1897,1633
1897,1633
1897,1632
1896,1632
1896,1631
1896,1631
1896,1630
1895,1630
1895,1629
1895,1629
1894,1629
1894,1628
1894,1628
1893,1628
1893,1628
1892,1627
1892,1627
1891,1627
1891,1628
1890,1628
1889,1628
1888,1628
1888,1629
1887,1629
1886,1630
1885,1631
1884,1632
1882,1633
1881,1634
1880,1635
1879,1636
1877,1637
1876,1638
1874,1640
1873,1641
1871,1642
1870,1643
1868,1644
1867,1645
1865,1646
1864,1647
1863,1648
1861,1649
1860,1649
1859,1650
1857,1650
1856,1651
1855,1651
1853,1651
1852,1651
1851,1651
1849,1651
1848,1651
1847,1652
1845,1652
1844,1652
1842,1652
1841,1652
1839,1652
1838,1652
1836,1652
1835,1652
1833,1652
1831,1653
1829,1653
1828,1653
1826,1653
1824,1654
1822,1654
1820,1655
1818,1655
1816,1656
1814,1656
1812,1657
1810,1657
1808,1658
1807,1658
1805,1659
1803,1659
1801,1660
1799,1660
1797,1660
1795,1660
1793,1661
1791,1661
1789,1661
1788,1661
1786,1661
1784,1661
1782,1661
1780,1661
1779,1661
1777,1661
1775,1661
1773,1661
1771,1660
1770,1660
1768,1660
1766,1660
1764,1660
1762,1660
1760,1660
1758,1660
1757,1660
1755,1660
1753,1660
1751,1660
1749,1660
1747,1659
1745,1659
1744,1659
1742,1659
1740,1659
1738,1658
1736,1658
1735,1657
1733,1657
1731,1656
1730,1656
1728,1655
1726,1655
1725,1654
1723,1653
1721,1652
1720,1651
1718,1651
1716,1650
1715,1649
1713,1648
1712,1647
1710,1646
1709,1645
1707,1644
1706,1643
1704,1642
1703,1641
1701,1640
1700,1639
1698,1638
1697,1637
1695,1635
1694,1634
1693,1633
1691,1632
1690,1631
1688,1630
1687,1628
1686,1627
1684,1626
1683,1625
1682,1623
1680,1622
1679,1621
1678,1619
1676,1618
1675,1617
1674,1615
1673,1614
1671,1613
1670,1611
1669,1610
1668,1608
1666,1607
1665,1605
1664,1603
1663,1602
1662,1600
1661,1599
1660,1597
1659,1595
1657,1594
1656,1592
1655,1590
1654,1589
1653,1587
1652,1586
1651,1584
1650,1582
1649,1581
1648,1579
1647,1578
1645,1577
1644,1575
1643,1574
1642,1573
1641,1572
1639,1571
1638,1570
1637,1569
1635,1568
1634,1568
1632,1567
1631,1566
1629,1566
1628,1566
1626,1565
1625,1565
1623,1565
1622,1565
1620,1565
1618,1565
1617,1564
1615,1564
1614,1564
1612,1564
1610,1564
1609,1564
1607,1564
1605,1564
1604,1564
1602,1564
1601,1564
1599,1563
1597,1563
1596,1563
1594,1563
1593,1562
1591,1562
1590,1562
1588,1561
1587,1561
1585,1561
1584,1560
1582,1560
1581,1559
1579,1559
1578,1559
1576,1559
1575,1559
1574,1559
1572,1559
1571,1559
1569,1559
1568,1559
1566,1559
1565,1560
1563,1560
1562,1560
1561,1560
1559,1561
1558,1561
1556,1562
1555,1562
1554,1562
1552,1563
1551,1563
1550,1563
1548,1564
1547,1564
1546,1565
1544,1565
1543,1566
1542,1566
1541,1567
1540,1567
1538,1568
1537,1568
1536,1569
1535,1569
1534,1570
1533,1571
1531,1571
1530,1572
1529,1573
1528,1574
1527,1575
1526,1576
1525,1576
1524,1577
1523,1578
1522,1579
1521,1580
1520,1581
1519,1582
1518,1583
1517,1583
1516,1584
1515,1585
1514,1586
1513,1587
1512,1587
1511,1588
1510,1589
1509,1590
1508,1591
1507,1592
1506,1592
1505,1593
1504,1594
1503,1595
1503,1596
1502,1597
1501,1598
1500,1599
1499,1600
1498,1602
1497,1603
1496,1604
1495,1605
1494,1606
1493,1607
1491,1608
1490,1609
1489,1610
1488,1610
1487,1611
1486,1612
1485,1613
1484,1613
1482,1614
1481,1615
1480,1615
1479,1616
1478,1616
1476,1617
1475,1617
1474,1618
1472,1618
1471,1619
1470,1619
1468,1620
1467,1620
1466,1620
1464,1621
1463,1621
1461,1622
1460,1622
1459,1622
1457,1623
1456,1623
1454,1623
1453,1624
1451,1624
1450,1624
1448,1624
1447,1625
1445,1625
1444,1625
1442,1625
1441,1625
1439,1625
1438,1625
1436,1625
1435,1625
1433,1625
1431,1625
1430,1625
1428,1626
1427,1626
1425,1626
1424,1626
1422,1626
1421,1626
1419,1627
1417,1627
1416,1627
1414,1627
1412,1628
1411,1628
1409,1629
1407,1629
1406,1629
1404,1630
1402,1630
1401,1631
1399,1631
1397,1632
1395,1632
1393,1632
1392,1633
1390,1633
1388,1633
1386,1633
1384,1633
1382,1633
1380,1633
1378,1633
1376,1633
1374,1632
1372,1632
1370,1631
1368,1630
1366,1629
1364,1628
1362,1627
1360,1626
1357,1625
1355,1624
1353,1623
1351,1622
1349,1621
1347,1620
1345,1619
1343,1618
1341,1617
1339,1616
1337,1615
1335,1614
1333,1613
1331,1612
1329,1611
1328,1610
1326,1609
1324,1608
1322,1607
1320,1606
1318,1606
1317,1605
1315,1604
1313,1603
1311,1602
1310,1601
1308,1600
1306,1599
1305,1598
1303,1597
1301,1596
1300,1595
1298,1594
1296,1593
1295,1592
1293,1591
1292,1589
1290,1588
1288,1587
1287,1586
1285,1584
1284,1583
1282,1581
1281,1580
1279,1578
1278,1577
1276,1575
1275,1573
1273,1572
1272,1570
1270,1568
1269,1567
1267,1565
1266,1563
1264,1562
1263,1560
1261,1559
1260,1557
1259,1555
1257,1554
1256,1552
1255,1551
1253,1550
1252,1548
1251,1547
1249,1546
1248,1544
1247,1543
1245,1542
1244,1541
1243,1540
1242,1538
1241,1537
1239,1536
1238,1535
1237,1534
1236,1533
1235,1532
1233,1530
1232,1529
1231,1528
1230,1526
1229,1525
1228,1523
1227,1522
1225,1520
1224,1518
1223,1516
1222,1514
1221,1513
1219,1511
1218,1509
1217,1506
1216,1504
1215,1502
1214,1500
1212,1498
1211,1496
1210,1493
1209,1491
1207,1489
1206,1487
1205,1484
1204,1482
1203,1480
1201,1478
1200,1476
1199,1474
1198,1472
1197,1470
1195,1468
1194,1466
1193,1464
1192,1463
1191,1461
1190,1460
1188,1458
1187,1457
1186,1456
1185,1455
1184,1453
1182,1452
1181,1451
1180,1450
1179,1448
1177,1447
1176,1446
1175,1444
1173,1443
1172,1441
1170,1439
1169,1437
1167,1436
1165,1434
1164,1432
1162,1430
1160,1427
1158,1425
1156,1423
1154,1421
1152,1418
1150,1416
1148,1414
1146,1411
1144,1408
1142,1406
1139,1403
1137,1401
1135,1398
1132,1395
1130,1393
1128,1390
1125,1388
1123,1386
1120,1383
1118,1381
1115,1379
1113,1376
1110,1374
1108,1372
1105,1370
1102,1368
1100,1365
1097,1363
1095,1361
1092,1359
1089,1357
1086,1355
1084,1352
1081,1350
1078,1348
1075,1346
1072,1343
1069,1341
1066,1339
1063,1336
1060,1334
1057,1332
1054,1329
1051,1327
1048,1325
1045,1323
1042,1320
1039,1318
1036,1316
1033,1314
1030,1312
1027,1310
1024,1308
1020,1306
1017,1304
1014,1302
1011,1300
1008,1298
1005,1297
1002,1295
999,1293
996,1291
993,1290
990,1288
987,1286
984,1284
981,1282
978,1280
975,1279
972,1277
969,1275
966,1273
963,1271
960,1270
957,1268
955,1266
952,1265
949,1263
946,1261
944,1259
941,1258
939,1256
936,1254
934,1252
931,1251
929,1249
927,1247
924,1245
922,1243
920,1241
917,1239
915,1238
913,1236
911,1234
909,1232
907,1230
905,1227
903,1225
901,1223
898,1221
896,1219
894,1216
892,1214
890,1212
888,1209
886,1207
884,1205
882,1202
880,1200
878,1198
875,1195
873,1193
871,1190
868,1188
866,1186
864,1183
861,1181
858,1178
856,1176
853,1173
850,1171
847,1168
844,1165
840,1163
837,1160
834,1157
830,1155
826,1152
822,1149
819,1147
815,1144
810,1141
806,1139
802,1136
797,1134
793,1131
788,1129
783,1126
779,1124
774,1122
768,1119
763,1117
758,1115
753,1112
747,1110
742,1108
736,1106
730,1103
725,1101
719,1099
713,1097
707,1095
701,1093
695,1090
689,1088
682,1086
676,1084
670,1082
664,1079
657,1077
651,1075
645,1073
638,1071
632,1069
626,1067
619,1065
613,1063
607,1062
601,1060
595,1059
589,1057
583,1056
577,1054
571,1053
566,1052
560,1051
554,1050
549,1049
543,1049
538,1048
533,1047
527,1047
522,1047
518,1046
513,1046
508,1046
504,1045
500,1045
496,1045
492,1045
489,1045
486,1045
483,1045
481,1045
479,1045
477,1045
476,1045
475,1045
474,1045
474,1045
