2039,803
2039,804
2038,804
2037,805
2036,806
2035,807
2034,809
2032,810
2031,812
2029,814
2027,816
2025,818
2023,821
2021,823
2019,825
2017,828
2015,831
2013,833
2011,836
2010,838
2008,840
2007,843
2006,845
2005,847
2004,849
2004,850
2003,852
2003,853
2003,854
2004,855
2004,856
2004,857
2005,858
2006,858
2007,858
2008,859
2009,859
2011,859
2012,859
2014,859
2015,859
2017,859
2019,859
2021,859
2023,859
2025,859
2027,859
2029,859
2031,859
2034,859
2036,860
2038,860
2041,861
2043,861
2046,862
2049,862
2051,863
2054,864
2057,864
2060,865
2063,866
2066,866
2069,867
2073,867
2076,868
2080,868
2083,868
2087,868
2091,867
2095,867
2099,867
2103,866
2107,866
2112,865
2116,864
2120,864
2124,863
2129,863
2133,862
2138,862
2142,861
2147,861
2151,861
2156,861
2161,860
2166,860
2171,860
2176,860
2181,859
2186,859
2192,859
2197,858
2203,858
2209,857
2215,856
2221,856
2227,855
2233,854
2239,853
2246,851
2252,850
2259,849
2265,847
2272,846
2279,844
2285,843
2292,841
2298,840
2305,839
2311,838
2317,837
2323,837
2328,837
2334,837
2339,838
2344,839
2348,840
2353,842
2357,844
2361,846
2365,848
2369,851
2373,853
2377,856
2381,859
2384,861
2388,864
2391,867
2395,869
2399,872
2403,874
2407,876
2411,877
2415,879
2419,880
2423,881
2427,881
2431,882
2436,882
2440,883
2444,883
2448,883
2453,883
2457,883
2460,884
2464,884
2467,885
2471,885
2473,886
2476,887
2478,889
2480,890
2482,892
2484,894
2485,897
2486,899
2487,902
2487,904
2488,907
2488,910
2488,913
2488,916
2488,918
2488,921
2488,924
2487,926
2487,928
2487,930
2487,932
2486,934
2486,936
2486,937
2486,939
2486,940
2486,941
2486,941
2486,942
2486,942
2487,942
2487,942
2487,942
2488,942
2488,942
2489,941
2489,941
2490,941
2491,940
2491,940
2492,939
2492,938
2493,938
2494,937
2494,937
2495,936
2496,935
2496,935
2497,934
2498,934
2498,933
2499,933
2499,932
2499,932
2500,931
2500,931
2500,931
2500,930
2501,930
2501,930
2501,930
2500,930
2500,930
2500,930
2500,930
2500,930
2500,930
2500,930
2499,930
2499,930
2499,930
2499,930
2499,931
2499,931
2499,931
2499,931
2499,932
2499,932
2499,932
2499,932
2499,933
2499,933
2499,933
2499,933
2499,934
2499,934
2498,935
2498,935
2498,936
2497,936
2497,937
2496,937
2496,938
2495,939
2494,939
2493,940
2492,941
2491,942
2490,942
2489,943
2488,943
2487,944
2486,944
2485,944
2484,945
2483,945
2482,945
2481,945
2480,945
2479,946
2478,946
2476,946
2475,947
2473,947
2471,948
2470,949
2468,950
2465,951
2463,953
2460,954
2458,956
2455,958
2452,961
2449,963
2445,966
2442,968
2438,971
2434,974
2431,977
2427,981
2423,984
2419,987
2414,990
2410,994
2406,997
2402,1000
2398,1003
2394,1007
2389,1010
2385,1012
2381,1015
2377,1018
2373,1021
2369,1023
2365,1025
2361,1028
2357,1030
2354,1032
2350,1034
2346,1037
2342,1039
2338,1041
2334,1044
2330,1046
2326,1049
2322,1051
2318,1054
2314,1056
2310,1059
2306,1061
2302,1063
2298,1066
2294,1068
2290,1070
2286,1072
2282,1074
2279,1076
2275,1078
2271,1080
2267,1082
2263,1084
2260,1086
2256,1088
2252,1090
2248,1092
2244,1094
2240,1096
2236,1098
2232,1100
2228,1103
2223,1105
2219,1108
2214,1111
2209,1114
2205,1118
2200,1121
2195,1125
2190,1129
2185,1133
2179,1137
2174,1141
2169,1146
2164,1150
2158,1155
2153,1159
2148,1164
2143,1169
2138,1174
2133,1178
2127,1183
2123,1187
2118,1192
2113,1196
2108,1201
2104,1205
2099,1209
2095,1213
2090,1217
2086,1221
2082,1225
2077,1228
2073,1232
2069,1236
2065,1239
2061,1243
2057,1246
2053,1250
2049,1253
2046,1256
2042,1260
2038,1263
2034,1266
2030,1270
2026,1273
2022,1277
2018,1280
2014,1284
2010,1287
2006,1290
2002,1293
1998,1296
1994,1299
1990,1303
1986,1306
1982,1309
1978,1312
1974,1316
1971,1320
1967,1324
1963,1328
1960,1333
1956,1337
1952,1342
1949,1347
1945,1352
1942,1357
1938,1363
1935,1368
1931,1373
1928,1379
1924,1384
1921,1389
1917,1394
1914,1398
1910,1403
1907,1407
1903,1410
1900,1413
1896,1416
1893,1418
1890,1420
1886,1421
1883,1422
1880,1423
1877,1423
1874,1422
1871,1421
1868,1420
1865,1419
1863,1417
1860,1415
1858,1413
1855,1411
1853,1409
1851,1407
1849,1406
1846,1404
1844,1403
1842,1403
1840,1402
1838,1402
1836,1403
1833,1404
1831,1406
1829,1407
1826,1409
1824,1412
1821,1414
1819,1417
1816,1419
1814,1422
1811,1425
1809,1428
1806,1431
1804,1434
1802,1436
1799,1439
1797,1441
1795,1444
1793,1446
1791,1448
1789,1450
1787,1452
1785,1453
1784,1455
1782,1457
1780,1458
1778,1460
1777,1461
1775,1463
1774,1465
1772,1466
1770,1468
1769,1470
1767,1472
1765,1474
1763,1476
1761,1479
1760,1481
1758,1484
1756,1487
1754,1490
1752,1493
1750,1496
1748,1499
1746,1502
1744,1506
1742,1509
1740,1512
1738,1515
1736,1518
1734,1521
1732,1523
1730,1526
1729,1528
1727,1531
1725,1533
1724,1535
1722,1537
1721,1539
1719,1540
1718,1542
1716,1543
1715,1545
1714,1546
1712,1548
1711,1549
1710,1550
1708,1552
1707,1553
1706,1554
1704,1556
1703,1557
1702,1559
1700,1560
1699,1562
1698,1563
1696,1564
1695,1566
1694,1567
1693,1569
1691,1570
1690,1571
1689,1572
1688,1574
1687,1575
1685,1576
1684,1577
1683,1578
1682,1578
1681,1579
1680,1580
1679,1581
1678,1581
1677,1582
1676,1583
1675,1583
1674,1584
1673,1585
1672,1586
1671,1586
1670,1587
1669,1588
1668,1589
1667,1590
1666,1591
1665,1592
1664,1594
1663,1595
1662,1596
1661,1598
1660,1599
1659,1601
1658,1602
1657,1604
1655,1605
1654,1607
1653,1609
1652,1610
1651,1612
1650,1613
1649,1615
1648,1616
1647,1617
1646,1618
1645,1620
1644,1621
1643,1622
1642,1623
1641,1624
1641,1625
1640,1626
1639,1626
1638,1627
1638,1628
1637,1629
1636,1630
1635,1630
1635,1631
1634,1632
1633,1633
1633,1634
1632,1634
1631,1635
1630,1636
1630,1637
1629,1637
1628,1638
1627,1639
1627,1640
1626,1640
1625,1641
1625,1642
1624,1643
1623,1644
1622,1644
1622,1645
1621,1646
1620,1647
1619,1648
1619,1649
1618,1651
1617,1652
1616,1653
1615,1655
1614,1656
1614,1657
1613,1659
1612,1661
1611,1662
1610,1664
1609,1666
1608,1668
1607,1670
1606,1671
1605,1673
1604,1675
1603,1677
1602,1679
1601,1681
1600,1683
1599,1685
1598,1686
1597,1688
1595,1689
1594,1691
1593,1692
1592,1693
1591,1694
1591,1695
1590,1696
1589,1696
1588,1696
1587,1696
1586,1696
1585,1696
1584,1696
1584,1696
1583,1695
1582,1694
1581,1694
1581,1693
1580,1692
1579,1690
1579,1689
1578,1688
1578,1686
1577,1684
1576,1682
1576,1680
1575,1678
1575,1676
1574,1674
1574,1671
1574,1669
1573,1666
1573,1663
1572,1660
1572,1658
1571,1655
1571,1652
1571,1649
1570,1646
1570,1643
1569,1640
1569,1637
1568,1634
1568,1631
1568,1628
1567,1624
1567,1621
1566,1618
1566,1615
1566,1612
1565,1608
1565,1605
1565,1602
1564,1598
1564,1595
1564,1592
1563,1588
1563,1585
1563,1581
1563,1578
1562,1574
1562,1570
1562,1566
1562,1563
1562,1559
1562,1555
1562,1551
1562,1547
1562,1543
1562,1539
1562,1535
1562,1531
1562,1527
1562,1523
1562,1520
1562,1516
1561,1513
1561,1509
1561,1506
1561,1503
1561,1500
1561,1497
1560,1494
1560,1492
1560,1489
1559,1486
1559,1484
1559,1481
1558,1478
1558,1476
1558,1473
1557,1470
1557,1467
1557,1464
1556,1461
1556,1458
1555,1455
1555,1452
1555,1449
1554,1446
1554,1443
1554,1439
1553,1436
1553,1432
1552,1428
1552,1425
1552,1421
1551,1417
1551,1413
1551,1408
1550,1404
1550,1400
1550,1396
1549,1392
1549,1387
1549,1383
1548,1379
1548,1375
1548,1371
1548,1366
1547,1362
1547,1358
1547,1354
1546,1351
1546,1347
1546,1343
1546,1339
1545,1335
1545,1332
1545,1328
1545,1325
1544,1321
1544,1318
1544,1315
1543,1312
1543,1309
1543,1307
1542,1304
1542,1301
1541,1299
1541,1296
1541,1294
1540,1291
1540,1289
1539,1287
1539,1284
1538,1282
1537,1280
1537,1278
1536,1275
1536,1273
1535,1272
1534,1270
1534,1268
1533,1266
1532,1265
1532,1263
1531,1262
1530,1260
1529,1259
1529,1257
1528,1256
1527,1254
1526,1253
1526,1252
1525,1250
1524,1248
1524,1247
1523,1245
1522,1243
1521,1241
1521,1239
1520,1237
1519,1234
1519,1232
1518,1230
1517,1228
1517,1226
1516,1223
1515,1221
1515,1219
1514,1217
1513,1216
1513,1214
1512,1212
1511,1211
1510,1209
1510,1208
1509,1207
1508,1205
1507,1204
1507,1203
1506,1201
1505,1199
1504,1197
1504,1195
1503,1193
1502,1191
1501,1188
1500,1185
1500,1182
1499,1178
1498,1174
1498,1170
1497,1166
1496,1162
1496,1157
1495,1152
1495,1148
1494,1143
1493,1139
1493,1135
1492,1130
1492,1126
1491,1123
1491,1119
1490,1116
1489,1113
1489,1111
1488,1108
1488,1106
1487,1105
1486,1103
1486,1102
1485,1101
1484,1100
1484,1099
1483,1098
1483,1096
1482,1095
1482,1094
1481,1092
1481,1090
1481,1088
1480,1086
1480,1084
1480,1081
1479,1079
1479,1076
1479,1073
1479,1069
1479,1066
1479,1063
1478,1060
1478,1056
1478,1053
1478,1050
1478,1047
1478,1044
1477,1041
1477,1038
1477,1036
1477,1034
1476,1032
1476,1030
1475,1029
1474,1029
1474,1029
1473,1029
1472,1030
1471,1031
1470,1032
1469,1034
1468,1036
1466,1038
1465,1041
1464,1044
1462,1046
1461,1049
1459,1052
1458,1056
1456,1059
1455,1062
1454,1065
1452,1068
1451,1070
1449,1073
1448,1075
1447,1077
1445,1079
1444,1080
1443,1081
1441,1082
1440,1082
1439,1082
1438,1082
1436,1081
1435,1080
1434,1079
1433,1078
1432,1077
1430,1076
1429,1075
1428,1074
1427,1072
1425,1071
1424,1070
1423,1069
1422,1069
1420,1068
1419,1068
1417,1068
1416,1069
1415,1069
1413,1070
1412,1070
1411,1071
1409,1072
1408,1073
1407,1074
1406,1076
1404,1077
1403,1078
1402,1079
1401,1081
1400,1082
1398,1083
1397,1084
1396,1085
1395,1087
1393,1088
1392,1089
1391,1089
1389,1090
1388,1091
1387,1091
1385,1092
1384,1092
1383,1093
1381,1093
1380,1093
1378,1094
1377,1094
1375,1095
1374,1096
1372,1096
1370,1097
1369,1098
1368,1100
1366,1101
1365,1102
1363,1103
1362,1105
1361,1107
1359,1108
1358,1110
1357,1112
1356,1114
1355,1116
1354,1118
1353,1120
1352,1123
1351,1125
1351,1127
1350,1129
1349,1131
1348,1133
1347,1135
1347,1137
1346,1139
1345,1141
1345,1142
1344,1144
1343,1145
1342,1147
1341,1148
1340,1149
1339,1150
1338,1152
1337,1153
1336,1154
1335,1155
1334,1156
1332,1157
1331,1158
1329,1159
1328,1160
1326,1161
1325,1163
1323,1164
1321,1165
1320,1166
1318,1168
1316,1169
1315,1170
1313,1171
1311,1173
1310,1174
1308,1175
1306,1177
1305,1178
1303,1179
1302,1180
1300,1182
1299,1183
1298,1184
1296,1185
1295,1186
1294,1187
1292,1189
1291,1190
1290,1191
1288,1192
1287,1194
1286,1195
1284,1197
1283,1199
1282,1200
1280,1202
1279,1204
1277,1206
1276,1208
1275,1209
1273,1211
1272,1213
1270,1215
1269,1216
1267,1218
1266,1219
1264,1221
1263,1222
1262,1224
1260,1225
1259,1226
1257,1228
1256,1229
1255,1230
1254,1231
1252,1232
1251,1233
1250,1234
1249,1235
1247,1236
1246,1236
1245,1237
1244,1238
1243,1238
1242,1239
1241,1239
1239,1240
1238,1241
1237,1242
1236,1242
1235,1243
1234,1245
1233,1246
1231,1247
1230,1249
1229,1251
1228,1253
1227,1255
1226,1257
1225,1260
1224,1263
1223,1265
1223,1269
1222,1272
1221,1275
1221,1279
1220,1282
1219,1286
1219,1290
1218,1294
1218,1297
1217,1301
1216,1305
1215,1308
1215,1311
1214,1314
1213,1316
1212,1318
1211,1320
1210,1322
1209,1323
1208,1323
1207,1324
1206,1324
1205,1324
1204,1324
1203,1323
1202,1322
1201,1322
1200,1321
1199,1321
1198,1320
1198,1320
1197,1320
1197,1320
1197,1320
1196,1320
1196,1320
1196,1321
1196,1322
1197,1322
1197,1323
1197,1324
1197,1324
1198,1325
1198,1325
1199,1325
1199,1325
1199,1324
1199,1323
1200,1322
1200,1320
1200,1318
1200,1316
1200,1314
1200,1311
1200,1307
1200,1304
1200,1300
1200,1296
1200,1292
1200,1288
1200,1284
1200,1281
1200,1277
1200,1273
1200,1270
1200,1267
1201,1265
1201,1262
1202,1260
1202,1259
1203,1258
1204,1257
1204,1256
1205,1255
1206,1255
1207,1254
1208,1254
1209,1253
1210,1253
1210,1252
1211,1252
1212,1251
1213,1250
1214,1249
1215,1247
1216,1246
1216,1244
1217,1243
1218,1241
1219,1239
1219,1237
1220,1235
1221,1234
1222,1232
1223,1230
1224,1228
1224,1227
1225,1225
1226,1224
1227,1222
1228,1221
1229,1220
1230,1219
1231,1218
1231,1216
1232,1215
1233,1214
1234,1213
1235,1212
1236,1211
1237,1210
1238,1209
1238,1207
1239,1206
1240,1204
1240,1202
1241,1200
1241,1198
1242,1195
1242,1192
1243,1189
1243,1186
1244,1183
1244,1180
1244,1177
1244,1173
1244,1170
1245,1167
1245,1163
1245,1160
1245,1157
1245,1154
1245,1150
1246,1148
1246,1145
1246,1142
1246,1139
1246,1137
1246,1134
1246,1132
1247,1130
1247,1127
1247,1125
1247,1123
1247,1121
1247,1118
1247,1116
1247,1114
1248,1112
1248,1110
1248,1108
1248,1106
1248,1104
1248,1102
1248,1100
1248,1098
1248,1096
1248,1094
1248,1092
1248,1090
1248,1088
1248,1087
1248,1085
1247,1084
1247,1082
1247,1081
1247,1080
1247,1079
1247,1079
1247,1078
1247,1077
1246,1077
1246,1076
1246,1076
1246,1075
1246,1075
1245,1074
1245,1074
1245,1073
1245,1072
1244,1071
1244,1070
1243,1068
1243,1067
1243,1065
1242,1064
1242,1062
1241,1060
1241,1059
1241,1057
1240,1055
1240,1053
1239,1050
1239,1048
1239,1046
1238,1044
1238,1042
1238,1039
1237,1037
1237,1035
1237,1033
1237,1030
1236,1028
1236,1026
1236,1024
1236,1022
1236,1020
1235,1018
1235,1016
1235,1014
1235,1012
1235,1011
1235,1009
1234,1007
1234,1006
1234,1005
1234,1003
1234,1002
1233,1001
1233,1000
1233,999
1233,998
1232,997
1232,996
1232,996
1232,995
1232,995
1232,994
1231,994
1231,994
1231,993
1231,992
1231,992
1231,991
1230,990
1230,989
1230,988
1229,987
1229,986
1229,984
1229,983
1228,982
1228,981
1227,980
1227,978
1226,976
1226,974
1225,972
1225,970
1224,968
1223,965
1223,962
1222,958
1221,955
1220,951
1219,947
1218,943
1217,938
1216,934
1215,929
1214,924
1212,919
1211,914
1210,909
1209,904
1208,899
1206,894
1205,889
1204,884
1203,880
1201,875
1200,870
1199,866
1198,862
1196,858
1195,855
1194,851
1193,848
1191,846
1190,844
1189,842
1188,841
1187,840
1185,840
1184,840
1183,840
1182,840
1181,841
1179,842
1178,843
1177,844
1176,845
1174,846
1173,848
1172,849
1171,851
1170,853
1169,855
1167,857
1166,859
1165,861
1165,864
1164,866
1163,868
1162,870
1161,872
1161,874
1160,876
1159,877
1159,878
1158,879
1158,879
1158,879
1157,879
1157,879
1157,878
1157,877
1157,875
1157,874
1157,872
1157,870
1157,868
1157,865
1157,863
1158,860
1158,857
1158,854
1159,851
1159,848
1160,845
1160,842
1161,838
1161,835
1162,832
1163,829
1164,826
1164,823
1165,821
1166,818
1167,816
1168,814
1169,813
1169,811
1170,810
1171,810
1172,809
1173,809
1174,809
1175,809
1176,809
1177,810
1178,811
1179,812
1180,814
1181,815
1182,817
1183,819
1184,821
1185,824
1186,826
1187,829
1187,831
1188,834
1189,837
1190,839
1190,842
1191,845
1191,847
1192,850
1192,852
1192,854
1193,856
1193,858
1193,860
1193,861
1193,863
1193,864
1193,866
1193,867
1193,868
1192,870
1192,871
1192,872
1191,873
1191,874
1190,876
1190,877
1189,878
1189,879
1188,881
1188,882
1187,883
1186,884
1186,886
1185,887
1184,888
1184,889
1183,891
1182,892
1181,893
1181,895
1180,896
1179,898
1179,899
1178,901
1177,903
1176,905
1176,906
1175,909
1174,911
1174,913
1173,916
1173,919
1172,921
1171,924
1171,928
1170,931
1169,934
1168,937
1168,941
1167,944
1166,948
1165,951
1164,955
1163,959
1162,962
1161,966
1160,969
1159,972
1158,976
1157,979
1156,982
1155,985
1154,988
1152,991
1151,994
1150,996
1149,999
1148,1002
1146,1004
1145,1007
1144,1010
1143,1012
1142,1015
1140,1018
1139,1021
1138,1024
1137,1027
1136,1030
1134,1034
1133,1037
1132,1041
1131,1045
1130,1049
1129,1053
1127,1057
1126,1062
1125,1066
1124,1071
1123,1076
1122,1082
1121,1087
1121,1093
1120,1099
1119,1105
1119,1111
1118,1117
1118,1124
1117,1130
1117,1136
1116,1142
1116,1148
1115,1153
1114,1158
1114,1162
1113,1165
1112,1168
1111,1171
1109,1173
1108,1174
1106,1175
1105,1176
1103,1176
1101,1175
1099,1174
1097,1173
1095,1172
1093,1171
1090,1169
1088,1167
1085,1166
1083,1164
1080,1162
1077,1161
1075,1159
1072,1158
1069,1157
1067,1157
1064,1157
1062,1157
1059,1157
1057,1159
1055,1160
1053,1162
1051,1164
1049,1167
1047,1170
1046,1173
1044,1176
1043,1180
1042,1183
1040,1187
1039,1190
1038,1193
1037,1196
1036,1199
1034,1201
1033,1203
1032,1205
1030,1207
1029,1209
1028,1211
1027,1213
1025,1214
1024,1216
1023,1217
1022,1219
1021,1220
1020,1222
1019,1223
1018,1225
1017,1226
1016,1227
1015,1229
1015,1230
1014,1232
1013,1234
1013,1235
1012,1237
1012,1239
1011,1241
1011,1242
1011,1244
1010,1246
1010,1248
1010,1250
1010,1251
1010,1253
1010,1255
1010,1256
1010,1258
1011,1259
1011,1260
1011,1261
1011,1262
1011,1263
1011,1264
1012,1264
1012,1264
1012,1264
1012,1264
1012,1263
1012,1262
1012,1262
1013,1260
1013,1259
1013,1257
1013,1256
1014,1254
1014,1252
1014,1249
1015,1247
1015,1244
1015,1242
1016,1239
1016,1236
1016,1233
1017,1229
1017,1226
1017,1222
1018,1218
1018,1214
1018,1210
1018,1205
1018,1201
1019,1196
1019,1191
1019,1186
1019,1182
1019,1177
1019,1172
1019,1167
1019,1163
1019,1159
1019,1154
1019,1150
1019,1146
1019,1143
1019,1139
1019,1135
1020,1132
1020,1128
1020,1125
1020,1121
1020,1118
1021,1115
1021,1111
1021,1108
1021,1105
1022,1101
1022,1098
1023,1095
1023,1092
1024,1089
1025,1087
1026,1084
1026,1082
1027,1080
1029,1079
1030,1077
1031,1076
1032,1075
1034,1074
1035,1073
1037,1072
1038,1072
1040,1071
1041,1070
1043,1069
1045,1069
1047,1067
1049,1066
1051,1065
1053,1063
1055,1061
1057,1059
1059,1056
1061,1053
1063,1050
1066,1047
1068,1043
1070,1039
1073,1035
1075,1031
1077,1026
1080,1021
1082,1017
1085,1012
1088,1007
1090,1001
1093,996
1095,991
1098,986
1101,981
1104,976
1106,971
1109,967
1112,962
1115,958
1118,954
1121,950
1124,947
1127,943
1130,940
1133,937
1135,934
1138,932
1141,930
1144,928
1147,926
1150,924
1153,922
1156,921
1159,920
1162,919
1165,917
1168,917
1170,916
1173,915
1176,914
1179,914
1182,913
1184,912
1187,912
1190,911
1192,910
1194,909
1197,908
1199,906
1201,905
1203,903
1205,901
1207,898
1209,896
1211,893
1213,890
1214,887
1216,884
1217,881
1219,878
1220,874
1222,871
1223,868
1224,865
1226,862
1227,859
1229,857
1230,855
1232,853
1233,851
1235,850
1236,848
1238,847
1240,846
1241,845
1243,844
1245,843
1247,842
1249,841
1250,841
1252,840
1254,839
1256,838
1258,838
1259,837
1261,836
1263,835
1265,834
1267,833
1269,832
1271,831
1273,830
1275,829
1277,827
1279,826
1281,824
1283,823
1285,821
1287,819
1289,817
1291,815
1293,814
1295,812
1297,810
1299,808
1301,806
1303,804
1305,802
1307,801
1309,800
1311,798
1312,798
1314,797
1316,796
1317,796
1319,796
1321,796
1322,796
1324,796
1325,796
1327,797
1328,797
1330,798
1331,799
1333,800
1334,801
1336,802
1338,803
1339,805
1341,806
1343,807
1344,808
1346,809
1348,810
1350,811
1352,812
1354,813
1356,813
1358,814
1359,815
1361,815
1363,815
1365,816
1367,816
1369,817
1371,817
1373,818
1375,818
1377,819
1379,819
1381,820
1383,821
1384,822
1386,823
1388,824
1390,825
1391,826
1393,827
1395,828
1396,829
1398,830
1400,831
1401,831
1403,832
1405,832
1406,832
1408,833
1409,833
1411,833
1412,833
1414,834
1415,834
1417,835
1418,835
1420,836
1421,838
1423,839
1424,841
1425,843
1427,846
1428,849
1429,852
1431,855
1432,858
1434,862
1435,865
1436,869
1438,872
1439,876
1440,879
1442,882
1443,885
1444,888
1446,890
1447,892
1448,893
1450,894
1451,894
1453,894
1454,894
1455,893
1457,892
1458,890
1459,888
1460,885
1462,882
1463,879
1464,876
1465,873
1465,870
1466,867
1467,864
1467,861
1468,859
1468,857
1469,855
1469,854
1470,852
1470,852
1471,851
1471,851
1472,851
1472,852
1473,853
1474,853
1475,854
1476,855
1477,855
1478,856
1480,857
1481,858
1483,859
1484,860
1486,861
1487,862
1489,862
1491,863
1493,863
1494,862
1496,862
1498,861
1499,860
1501,858
1502,856
1503,854
1505,851
1506,849
1507,846
1508,843
1508,840
1509,837
1509,834
1510,831
1510,828
1510,825
1510,823
1510,820
1510,818
1510,816
1510,815
1510,813
1510,812
1509,812
1509,812
1509,812
1509,813
1509,813
1509,814
1509,815
1509,816
1508,817
1508,818
1508,818
1508,819
1508,820
1508,821
1508,821
1508,822
1508,822
1509,822
1509,822
1509,821
1509,820
1509,819
1509,817
1509,815
1509,813
1509,810
1510,808
1510,805
1510,802
1510,799
1510,796
1510,793
1510,791
1510,788
1510,786
1510,783
1510,781
1510,779
1510,777
1510,775
1509,773
1509,772
1509,770
1509,769
1509,767
1509,766
1509,765
1509,763
1509,762
1509,761
1509,760
1508,759
1508,758
1508,757
1508,757
1508,756
1508,756
1508,755
1509,755
1509,755
1509,755
1509,754
1509,754
1509,753
1509,752
1510,751
1510,750
1510,748
1511,746
1511,744
1511,742
1512,740
1512,737
1513,735
1513,732
1513,730
1513,727
1514,724
1514,721
1514,718
1514,715
1514,712
1515,709
1515,705
1515,702
1515,699
1514,696
1514,692
1514,690
1514,687
1514,685
1514,683
1513,682
1513,681
1513,681
1512,681
1512,682
1511,684
1511,686
1511,688
1510,691
1510,694
1509,697
1509,701
1509,706
1508,710
1508,715
1508,720
1507,725
1507,730
1507,735
1507,740
1507,744
1506,748
1506,752
1506,756
1506,759
1506,762
1506,765
1506,767
1506,768
1506,769
1507,769
1507,769
1507,768
1507,767
1507,765
1508,762
1508,759
1508,756
1509,753
1509,749
1509,745
1510,741
1510,736
1510,732
1511,728
1511,724
1511,721
1512,717
1512,714
1512,711
1512,708
1512,706
1512,704
1512,703
1512,702
1512,702
1512,702
1512,703
1512,705
1512,707
1512,709
1512,712
1512,715
1512,719
1512,722
1512,726
1512,730
1512,734
1512,739
1513,743
1513,747
1514,751
1515,755
1515,759
1516,763
1518,767
1519,771
1520,774
1522,778
1524,782
1526,785
1528,789
1530,792
1533,796
1535,799
1538,803
1541,806
1543,809
1546,813
1549,816
1552,820
1556,824
1559,828
1562,831
1565,835
1568,839
1571,843
1574,847
1577,851
1580,855
1584,859
1587,863
1590,867
1593,870
1597,873
1600,876
1604,878
1607,880
1611,882
1615,883
1619,884
1623,885
1628,886
1632,886
1637,885
1641,885
1646,884
1651,884
1656,883
1662,882
1667,881
1672,880
1678,879
1683,878
1689,877
1694,876
1700,876
1705,875
1710,875
1714,876
1719,876
1723,877
1727,879
1731,880
1735,882
1738,884
1742,887
1745,889
1748,891
1751,894
1754,896
1757,898
1760,900
1764,902
1767,903
1770,904
1773,905
1777,906
1780,906
1784,906
1788,905
1791,904
1795,903
1799,902
1803,900
1807,899
1811,896
1815,894
1819,892
1823,889
1827,887
1831,885
1835,882
1839,880
1842,879
1846,877
1849,876
1852,874
1855,874
1857,873
1860,872
1862,872
1865,872
1867,872
1869,873
1871,873
1873,873
1875,874
1877,874
1879,874
1881,874
1883,874
1885,873
1887,873
1889,872
1891,871
1893,870
1895,869
1897,868
1899,867
1901,865
1904,864
1906,863
1908,861
1910,860
1912,858
1914,856
1916,855
1917,853
1919,852
1921,851
1923,850
1924,849
1926,848
1927,847
1928,846
1930,846
1931,846
1932,846
1933,846
1934,846
1935,846
1936,847
1936,847
1937,847
1938,848
1939,848
1939,848
1940,848
1941,848
1941,848
1942,848
1943,847
1944,847
1944,846
1945,844
1946,843
1947,841
1948,839
1949,837
1950,834
1951,832
1952,829
1953,826
1954,823
1955,820
1956,817
1957,814
1958,811
1958,808
1959,805
1960,803
1961,800
1961,798
1962,796
1962,793
1963,792
1963,790
1963,788
1964,787
1964,785
1964,784
1964,783
1965,782
1965,780
1965,779
1965,778
1965,777
1966,776
1966,775
1966,773
1966,772
1967,771
1967,769
1968,768
1968,766
1968,765
1969,763
1969,761
1970,759
1971,757
1971,755
1972,753
1972,751
1973,749
1974,747
1974,745
1975,743
1975,742
1976,740
1976,738
1977,737
1977,735
1977,734
1978,732
1978,731
1978,729
1979,728
1979,727
1979,726
1979,725
1979,724
1980,723
1980,722
1980,721
1980,720
1980,719
1980,718
1980,717
1979,716
1979,715
1979,714
1979,713
1979,712
1979,711
1978,710
1978,709
1978,708
1978,706
1978,705
1977,703
1977,701
1977,700
1977,698
1977,696
1977,694
1977,692
1977,689
1977,687
1976,685
1976,682
1976,680
1976,677
1976,675
1976,672
1976,669
1975,666
1975,663
1975,661
1975,658
1975,655
1974,653
1974,651
1973,649
1972,648
1971,647
1970,647
1969,647
1968,648
1966,650
1964,652
1962,656
1960,659
1957,664
1954,670
1951,676
1948,683
1945,691
1941,699
1938,708
1934,717
1930,726
1927,735
1923,744
1919,753
1916,761
1913,769
1909,777
1907,783
1904,789
1901,793
1899,797
1898,800
1896,801
1895,802
1894,802
1893,800
1893,798
1893,794
1893,790
1893,785
1894,780
1894,774
1895,768
1896,761
1897,755
1897,749
1898,742
1899,736
1900,731
1900,726
1901,722
1901,718
1901,715
1901,713
1900,712
1900,712
1899,713
1898,714
1896,717
1895,720
1893,724
1891,729
1889,735
1887,740
1885,746
1883,753
1881,759
1878,766
1876,773
1874,780
1871,787
1869,794
1866,800
1864,807
1861,813
1859,819
1857,825
1854,830
1852,835
1850,839
1849,842
1847,845
1845,847
1844,849
1843,849
1842,849
1841,849
1840,847
1840,845
1840,842
1839,839
1839,836
1839,832
1840,827
1840,823
1840,819
1840,814
1840,810
1841,805
1841,801
1841,797
1841,794
1841,790
1841,787
1840,785
1840,783
1840,781
1839,780
1838,779
1838,779
1837,779
1835,780
1834,782
1833,784
1831,787
1829,790
1828,793
1826,797
1824,802
1822,807
1819,812
1817,817
1815,823
1812,828
1810,834
1808,840
1805,847
1803,853
1801,859
1798,865
1796,871
1793,877
1791,883
1789,888
1787,894
1785,899
1782,904
1780,909
1778,914
1776,919
1774,924
1772,929
1770,934
1768,938
1766,943
1764,948
1762,953
1760,958
1757,963
1755,968
1753,973
1751,978
1749,983
1747,987
1745,991
1744,994
1742,997
1741,999
1739,1001
1738,1002
1738,1002
1737,1001
1737,1000
1736,998
1736,995
1737,991
1737,986
1738,981
1739,975
1740,968
1741,961
1743,954
1744,946
1746,938
1747,930
1749,921
1751,913
1753,905
1754,898
1756,891
1757,884
1759,879
1760,874
1761,870
1762,867
1762,864
1763,863
1763,862
1763,861
1763,862
1763,862
1763,863
1763,865
1763,866
1763,867
1763,868
1764,868
1764,869
1765,869
1765,868
1766,868
1767,867
1768,865
1769,863
1770,861
1772,859
1773,856
1775,852
1776,849
1778,845
1780,841
1781,837
1783,833
1785,829
1786,825
1788,821
1789,818
1791,815
1792,812
1793,809
1795,806
1796,804
1797,801
1798,799
1799,797
1800,794
1801,792
1802,790
1803,788
1804,786
1805,784
1806,781
1807,779
1808,776
1809,773
1811,769
1812,766
1813,763
1815,759
1816,756
1817,753
1819,750
1820,747
1821,744
1822,742
1823,740
1824,738
1826,736
1827,735
1827,733
1828,732
1829,731
1830,731
1831,730
1831,730
1832,731
1833,731
1833,731
1834,732
1834,732
1835,732
1835,733
1836,733
1837,732
1837,732
1838,731
1839,730
1840,728
1841,727
1842,725
1843,724
1844,722
1845,720
1846,718
1847,716
1848,714
1849,711
1850,709
1852,706
1853,704
1854,701
1855,699
1856,696
1856,694
1857,692
1857,690
1858,689
1858,688
1858,687
1858,687
1858,687
1858,687
1857,688
1856,689
1855,692
1854,694
1852,698
1851,703
1849,708
1847,714
1844,721
1842,728
1839,736
1837,744
1834,751
1831,759
1829,767
1826,775
1823,782
1821,789
1819,795
1816,800
1814,805
1813,808
1811,811
1810,812
1809,813
1808,812
1807,811
1807,808
1807,805
1807,802
1807,797
1807,792
1807,787
1808,781
1808,774
1809,768
1810,761
1810,755
1811,748
1812,742
1813,736
1813,730
1814,724
1815,719
1816,715
1816,711
1817,707
1818,704
1818,701
1819,699
1819,697
1820,696
1820,695
1820,694
1821,693
1821,693
1822,692
1822,692
1822,691
1823,691
1823,690
1824,690
1824,690
1824,690
1824,690
1825,690
1825,691
1825,691
1825,692
1825,693
1825,694
1825,696
1825,698
1825,700
1824,703
1824,706
1824,708
1823,711
1823,714
1823,717
1823,721
1822,724
1822,727
1822,729
1822,732
1822,734
1822,737
1823,738
1823,740
1824,741
1824,742
1825,742
1826,742
1827,741
1828,741
1829,739
1830,738
1832,736
1833,733
1834,731
1836,728
1837,726
1838,723
1839,721
1841,718
1842,716
1843,714
1844,712
1844,710
1845,709
1845,708
1846,708
1846,708
1846,709
1846,710
1846,711
1845,713
1845,715
1844,718
1844,721
1843,723
1842,726
1842,728
1841,731
1841,732
1841,734
1840,735
1840,735
1840,736
1840,736
1840,736
1841,735
1841,735
1841,734
1841,734
1841,733
1841,733
1842,732
1842,732
1841,732
1841,733
1841,734
1841,735
1840,736
1839,738
1839,739
1838,741
1837,743
1836,745
1835,747
1834,748
1833,750
1831,752
1830,753
1828,755
1827,756
1825,758
1824,759
1822,759
1821,760
1819,761
1818,761
1816,761
1815,762
1813,762
1812,763
1810,763
1808,764
1807,765
1805,766
1803,767
1802,769
1800,771
1798,773
1796,775
1794,778
1793,781
1791,783
1789,786
1787,789
1785,792
1783,794
1782,797
1780,799
1778,801
1776,802
1774,803
1773,804
1771,805
1769,805
1767,805
1766,804
1764,804
1762,803
1760,803
1758,802
1756,801
1754,801
1752,800
1750,800
1748,800
1746,800
1744,800
1742,800
1740,801
1737,802
1735,804
1733,806
1731,808
1728,811
1726,814
1724,817
1721,821
1719,824
1717,828
1714,832
1712,836
1710,840
1708,844
1705,848
1703,852
1701,855
1699,859
1697,862
1694,865
1692,868
1690,871
1688,874
1686,876
1684,879
1682,881
1680,883
1678,885
1676,886
1674,888
1672,889
1670,891
1668,892
1666,894
1664,896
1662,897
1660,899
1658,901
1656,903
1654,905
1652,908
1650,911
1648,914
1646,918
1644,922
1642,926
1640,931
1638,935
1636,940
1634,946
1632,951
1630,957
1628,962
1626,968
1624,974
1622,979
1620,985
1618,991
1616,996
1614,1002
1612,1007
1611,1013
1609,1018
1607,1023
1606,1029
1604,1034
1603,1040
1601,1045
1600,1051
1598,1056
1597,1061
1596,1067
1594,1072
1593,1077
1592,1082
1591,1087
1590,1092
1589,1097
1587,1101
1586,1106
1585,1111
1584,1116
1583,1121
1582,1125
1581,1130
1580,1135
1579,1139
1578,1143
1577,1147
1577,1151
1576,1155
1575,1159
1574,1162
1573,1165
1573,1168
1572,1171
1571,1174
1571,1177
1570,1179
1570,1181
1569,1184
1569,1186
1568,1188
1568,1190
1567,1191
1567,1193
1567,1194
1566,1196
1566,1197
1566,1199
1565,1200
1565,1202
1564,1203
1564,1204
1564,1206
1563,1207
1563,1209
1563,1210
1562,1212
1562,1214
1561,1216
1561,1217
1561,1219
1560,1221
1560,1223
1560,1225
1559,1227
1559,1229
1559,1230
1559,1232
1559,1233
1559,1235
1559,1236
1559,1237
1559,1238
1559,1239
1560,1239
1560,1240
1560,1241
1561,1241
1561,1242
1562,1242
1562,1243
1563,1243
1563,1244
1564,1244
1565,1245
1565,1245
1566,1246
1567,1247
1567,1247
1568,1248
1569,1248
1570,1249
1570,1249
1571,1250
1572,1250
1573,1250
1574,1250
1575,1250
1577,1249
1578,1248
1580,1247
1582,1245
1583,1243
1586,1240
1588,1238
1590,1235
1593,1231
1595,1228
1598,1225
1601,1221
1603,1218
1606,1215
1609,1212
1612,1209
1615,1206
1618,1204
1621,1202
1624,1200
1627,1198
1630,1197
1632,1196
1635,1195
1638,1194
1640,1194
1643,1194
1645,1194
1647,1195
1649,1196
1651,1196
1653,1197
1655,1198
1657,1199
1659,1200
1660,1202
1662,1202
1664,1203
1666,1204
1667,1205
1669,1205
1671,1206
1672,1206
1674,1207
1676,1207
1677,1207
1679,1208
1680,1208
1682,1208
1684,1208
1686,1209
1688,1209
1690,1209
1692,1210
1694,1210
1697,1211
1699,1212
1702,1213
1705,1214
1708,1215
1711,1216
1714,1218
1717,1219
1720,1221
1724,1223
1727,1225
1731,1228
1734,1230
1738,1233
1742,1235
1746,1238
1750,1241
1754,1244
1758,1247
1762,1250
1766,1253
1770,1256
1774,1258
1778,1261
1782,1264
1786,1266
1790,1268
1794,1271
1798,1273
1802,1275
1806,1277
1810,1278
1814,1280
1818,1282
1821,1283
1825,1285
1829,1286
1833,1286
1837,1287
1841,1288
1845,1288
1850,1288
1854,1288
1859,1288
1863,1288
1868,1288
1873,1288
1878,1287
1882,1287
1887,1287
1892,1288
1897,1288
1902,1288
1907,1288
1912,1289
1916,1289
1921,1290
1926,1290
1931,1291
1936,1291
1941,1292
1947,1292
1952,1293
1957,1293
1962,1294
1967,1294
1972,1294
1977,1295
1982,1295
1987,1296
1991,1296
1996,1297
2001,1298
2005,1298
2010,1299
2014,1300
2019,1300
2023,1301
2027,1301
2031,1302
2035,1303
2040,1303
2044,1304
2048,1304
2052,1304
2056,1305
2060,1305
2064,1305
2068,1306
2072,1306
2076,1306
2079,1307
2083,1307
2087,1308
2090,1308
2094,1309
2097,1310
2101,1310
2104,1311
2107,1312
2110,1312
2113,1313
2116,1314
2119,1315
2122,1316
2124,1317
2127,1318
2129,1319
2132,1321
2134,1322
2136,1324
2139,1325
2141,1327
2143,1328
2145,1330
2146,1332
2148,1333
2150,1335
2152,1336
2154,1338
2155,1340
2157,1341
2159,1342
2161,1344
2162,1345
2164,1346
2166,1347
2168,1347
2170,1348
2172,1348
2174,1349
2176,1349
2178,1349
2180,1349
2182,1350
2184,1350
2186,1350
2188,1350
2189,1350
2191,1350
2193,1351
2195,1351
2197,1351
2198,1351
2200,1352
2202,1352
2203,1352
2205,1352
2206,1353
2208,1353
2210,1353
2211,1354
2213,1354
2214,1354
2216,1354
2217,1355
2219,1355
2220,1355
2222,1356
2223,1356
2225,1356
2226,1356
2228,1356
2229,1356
2231,1356
2232,1356
2234,1356
2236,1356
2237,1356
2239,1356
2240,1356
2242,1356
2243,1356
2245,1356
2247,1356
2248,1356
2250,1356
2251,1356
2252,1356
2254,1356
2255,1356
2256,1356
2258,1356
2259,1356
2260,1356
2262,1356
2263,1356
2264,1356
2265,1356
2267,1356
2268,1356
2269,1356
2271,1356
2272,1356
2273,1356
2274,1356
2276,1356
2277,1356
2278,1356
2280,1355
2281,1355
2282,1355
2283,1355
2285,1355
2286,1354
2287,1354
2289,1354
2290,1353
2291,1353
2292,1353
2294,1353
2295,1352
2296,1352
2297,1352
2298,1352
2300,1351
2301,1351
2302,1351
2303,1350
2304,1350
2305,1350
2306,1349
2307,1349
2308,1349
2309,1348
2310,1348
2311,1348
2312,1347
2313,1347
2314,1347
2315,1346
2315,1346
2316,1345
2317,1345
2318,1344
2319,1343
2319,1343
2320,1342
2320,1342
2321,1341
2322,1340
2322,1340
2323,1339
2323,1338
2323,1337
2324,1337
2324,1336
2324,1335
2325,1334
2325,1334
2325,1333
2325,1332
2325,1332
2325,1331
2325,1330
2325,1329
2325,1329
2325,1328
2325,1327
2325,1326
2325,1326
2325,1325
2325,1324
2325,1323
2325,1323
2325,1322
2325,1321
2325,1320
2325,1319
2324,1319
2324,1318
2324,1317
2324,1316
2324,1315
2324,1314
2324,1313
2324,1312
2325,1311
2325,1310
2325,1309
2325,1308
2325,1307
2325,1305
2325,1304
2326,1303
2326,1302
2326,1300
2326,1299
2326,1298
2327,1296
2327,1295
2327,1294
2328,1292
2328,1291
2328,1290
2328,1288
2329,1287
2329,1286
2329,1284
2329,1283
2330,1282
2330,1280
2330,1279
2330,1278
2330,1277
2330,1275
2331,1274
2331,1273
2331,1272
2330,1271
2330,1270
2330,1269
2330,1269
2330,1268
2329,1268
2329,1267
2328,1267
2328,1266
2327,1266
2327,1266
2326,1265
2326,1265
2325,1264
2325,1264
2324,1263
2324,1263
2324,1262
2324,1261
2323,1260
2323,1259
2324,1258
2324,1256
2324,1255
2324,1253
2325,1251
2325,1250
2325,1248
2326,1246
2326,1244
2327,1242
2327,1240
2328,1238
2328,1236
2328,1234
2329,1232
2329,1230
2329,1228
2329,1227
2329,1225
2329,1224
2328,1222
2328,1221
2327,1220
2327,1220
2326,1219
2325,1219
2324,1219
2323,1219
2322,1219
2320,1219
2319,1220
2317,1221
2316,1222
2314,1223
2312,1224
2310,1225
2308,1227
2306,1229
2304,1230
2301,1233
2299,1235
2296,1237
2294,1240
2291,1243
2288,1246
2285,1249
2282,1252
2279,1256
2276,1259
2273,1262
2270,1266
2267,1269
2265,1272
2262,1275
2259,1277
2257,1279
2255,1281
2253,1282
2252,1283
2251,1284
2250,1284
2249,1284
2248,1283
2248,1282
2248,1280
2248,1278
2248,1276
2249,1273
2250,1270
2251,1267
2252,1263
2252,1260
2253,1256
2254,1253
2255,1249
2256,1246
2257,1243
2257,1239
2258,1237
2258,1234
2258,1232
2258,1230
2258,1228
2257,1226
2257,1225
2256,1224
2255,1224
2254,1223
2253,1223
2252,1223
2250,1223
2249,1223
2247,1223
2246,1224
2245,1224
2243,1224
2242,1224
2240,1225
2239,1225
2238,1225
2236,1225
2235,1226
2234,1226
2232,1226
2231,1226
2230,1227
2228,1227
2227,1228
2226,1228
2224,1229
2223,1230
2221,1231
2220,1231
2219,1232
2217,1233
2216,1234
2214,1235
2213,1236
2211,1237
2209,1239
2208,1240
2206,1241
2205,1242
2204,1243
2202,1244
2201,1245
2199,1246
2198,1247
2197,1248
2196,1249
2194,1250
2193,1250
2192,1251
2191,1252
2190,1253
2189,1253
2188,1254
2187,1255
2186,1255
2185,1256
2184,1257
2183,1258
2182,1258
2181,1259
2180,1260
2179,1261
2177,1262
2176,1264
2175,1265
2174,1266
2173,1267
2172,1269
2171,1270
2170,1272
2169,1273
2168,1275
2167,1276
2166,1278
2165,1279
2164,1281
2163,1282
2162,1284
2162,1286
2161,1287
2160,1289
2160,1290
2159,1292
2159,1293
2158,1294
2158,1296
2158,1297
2158,1298
2158,1299
2158,1301
2158,1302
2158,1303
2158,1304
2158,1305
2159,1305
2159,1306
2160,1307
2160,1308
2161,1308
2162,1309
2162,1310
2163,1310
2164,1311
2165,1312
2166,1312
2166,1313
2167,1313
2168,1314
2169,1314
2170,1315
2171,1315
2172,1316
2174,1316
2175,1317
2176,1317
2177,1318
2178,1318
2180,1319
2181,1319
2182,1320
2183,1320
2184,1321
2186,1321
2187,1322
2188,1323
2189,1323
2190,1324
2191,1325
2192,1325
2193,1326
2194,1327
2195,1328
2196,1329
2196,1330
2197,1332
2198,1333
2198,1334
2199,1335
2199,1336
2200,1338
2200,1339
2200,1340
2201,1342
2201,1343
2201,1344
2201,1345
2201,1346
2201,1347
2201,1348
2201,1348
2201,1349
2201,1349
2201,1350
2201,1350
2200,1350
2200,1350
2200,1351
2199,1351
2198,1350
2197,1350
2196,1350
2195,1350
2194,1350
2193,1350
2191,1350
2190,1350
2188,1351
2186,1351
2184,1351
2182,1352
2179,1352
2177,1353
2174,1353
2171,1354
2169,1355
2166,1356
2163,1356
2160,1357
2157,1358
2154,1358
2151,1359
2148,1360
2145,1360
2143,1361
2140,1361
2137,1361
2134,1361
2132,1361
2129,1361
2126,1361
2124,1361
2122,1360
2119,1359
2117,1359
2115,1358
2113,1357
2111,1355
2109,1354
2107,1353
2105,1352
2103,1350
2100,1349
2098,1348
2096,1346
2094,1345
2091,1344
2089,1343
2086,1342
2084,1342
2081,1341
2078,1341
2074,1341
2071,1341
2068,1341
2064,1342
2060,1343
2057,1344
2053,1345
2049,1347
2045,1349
2040,1351
2036,1353
2032,1355
2028,1357
2024,1360
2020,1362
2016,1365
2012,1368
2008,1371
2004,1374
2000,1376
1997,1379
1993,1381
1990,1384
1987,1386
1984,1388
1982,1390
1979,1392
1977,1393
1975,1394
1973,1396
1971,1397
1969,1397
1967,1398
1966,1398
1965,1399
1963,1399
1962,1399
1961,1399
1960,1399
1959,1399
1958,1398
1957,1398
1956,1398
1956,1397
1955,1397
1954,1397
1953,1396
1952,1396
1951,1396
1951,1395
1950,1395
1949,1395
1948,1394
1947,1394
1946,1394
1946,1393
1945,1393
1944,1392
1943,1392
1942,1391
1941,1390
1940,1389
1939,1389
1938,1388
1937,1387
1936,1386
1935,1385
1933,1384
1932,1382
1931,1381
1929,1380
1928,1379
1926,1378
1925,1376
1923,1375
1921,1374
1920,1372
1918,1371
1916,1369
1914,1368
1912,1367
1911,1366
1908,1365
1906,1363
1904,1362
1902,1361
1900,1360
1897,1359
1895,1358
1892,1357
1890,1356
1887,1356
1884,1355
1881,1354
1878,1353
1875,1352
1872,1351
1869,1350
1865,1349
1861,1348
1858,1347
1854,1346
1850,1345
1846,1344
1842,1343
1838,1343
1833,1342
1829,1341
1824,1341
1820,1340
1815,1340
1811,1339
1806,1339
1801,1339
1796,1339
1792,1338
1787,1338
1782,1338
1777,1338
1772,1338
1768,1338
1763,1338
1758,1338
1753,1338
1749,1338
1744,1337
1739,1337
1735,1337
1730,1337
1726,1336
1721,1336
1716,1335
1712,1335
1707,1334
1703,1334
1699,1333
1694,1332
1690,1332
1685,1331
1681,1331
1677,1331
1673,1330
1669,1330
1665,1329
1661,1329
1657,1329
1653,1329
1649,1329
1645,1329
1642,1329
1638,1329
1635,1329
1631,1329
1628,1329
1625,1329
1622,1329
1619,1329
1616,1330
1613,1330
1610,1330
1607,1330
1604,1331
1602,1331
1599,1331
1597,1332
1594,1332
1592,1332
1589,1333
1587,1333
1585,1334
1582,1335
1580,1336
1578,1337
1576,1337
1574,1338
1572,1340
1570,1341
1568,1342
1566,1343
1564,1344
1562,1345
1561,1347
1559,1348
1558,1349
1556,1350
1555,1351
1554,1352
1553,1352
1552,1353
1551,1353
1550,1354
1549,1354
1548,1354
1548,1355
1547,1355
1546,1355
1546,1356
1545,1356
1545,1356
1544,1357
1544,1357
1543,1358
1543,1358
1543,1359
1542,1360
1542,1361
1541,1362
1541,1363
1541,1364
1540,1365
1540,1366
1540,1367
1539,1368
1539,1369
1539,1370
1539,1371
1539,1372
1539,1373
1539,1373
1539,1374
1540,1374
1540,1375
1540,1375
1541,1375
1541,1376
1542,1376
1542,1376
1543,1376
1543,1376
1544,1375
1545,1375
1545,1375
1546,1375
1547,1374
1547,1374
1548,1374
1549,1374
1549,1375
1550,1375
1551,1375
1551,1376
1552,1377
1552,1378
1553,1379
1553,1380
1554,1381
1554,1382
1555,1383
1555,1384
1556,1385
1556,1386
1556,1387
1557,1389
1557,1390
1557,1391
1558,1392
1558,1392
1558,1393
1559,1394
1559,1394
1559,1395
1559,1395
1559,1395
1560,1395
1560,1395
1560,1395
1560,1394
1560,1394
1560,1393
1561,1393
1561,1392
1561,1391
1561,1390
1561,1389
1561,1388
1561,1388
1561,1387
1561,1387
1561,1386
1561,1387
1560,1387
1560,1387
1560,1388
1559,1389
1559,1390
1559,1392
1558,1393
1558,1394
1558,1396
1557,1397
1557,1399
1557,1401
1556,1402
1556,1404
1556,1406
1555,1407
1555,1409
1555,1410
1555,1411
1555,1412
1555,1413
1554,1414
1554,1414
1555,1414
1555,1414
1555,1414
1555,1414
1555,1413
1555,1412
1555,1412
1556,1411
1556,1410
1556,1409
1556,1408
1556,1407
1556,1406
1556,1405
1556,1405
1556,1404
1556,1404
1556,1404
1556,1404
1556,1404
1556,1404
1556,1404
1555,1404
1555,1405
1555,1405
1554,1405
1554,1405
1554,1405
1553,1405
1553,1405
1553,1405
1553,1405
1552,1404
1552,1404
1552,1403
1551,1403
1551,1402
1551,1401
1550,1400
1550,1400
1550,1399
1550,1398
1549,1397
1549,1396
1549,1395
1549,1395
1548,1394
1548,1394
1548,1393
1548,1393
1547,1393
1547,1393
1547,1393
1547,1394
1546,1394
1546,1395
1546,1396
1546,1397
1545,1398
1545,1399
1545,1401
1544,1402
1544,1404
1544,1405
1543,1407
1543,1408
1542,1410
1542,1411
1542,1412
1541,1414
1541,1415
1540,1416
1540,1416
1539,1417
1539,1418
1538,1418
1538,1419
1537,1419
1537,1419
1536,1419
1536,1418
1535,1418
1535,1417
1534,1417
1534,1416
1533,1415
1532,1414
1532,1413
1531,1412
1531,1411
1530,1410
1530,1410
1529,1409
1529,1408
1528,1407
1527,1407
1527,1406
1526,1406
1526,1406
1525,1405
1525,1405
1524,1405
1524,1405
1523,1405
1523,1405
1522,1404
1521,1404
1521,1404
1520,1404
1519,1403
1518,1403
1518,1402
1517,1402
1516,1401
1515,1400
1514,1399
1513,1398
1513,1397
1512,1396
1511,1395
1510,1393
1509,1392
1508,1391
1507,1389
1506,1388
1505,1386
1504,1385
1503,1383
1502,1382
1501,1380
1500,1379
1499,1377
1498,1375
1497,1374
1496,1372
1495,1371
1494,1369
1493,1368
1492,1366
1491,1365
1490,1364
1489,1363
1488,1362
1488,1361
1487,1361
1486,1361
1486,1361
1485,1361
1484,1361
1484,1362
1483,1363
1482,1363
1482,1364
1481,1365
1481,1366
1480,1367
1480,1368
1479,1369
1478,1370
1478,1370
1477,1371
1476,1371
1476,1371
1475,1371
1474,1371
1473,1370
1472,1370
1471,1369
1470,1368
1469,1366
1468,1364
1467,1363
1466,1360
1465,1358
1464,1356
1463,1353
1462,1351
1461,1348
1460,1346
1459,1343
1458,1341
1458,1338
1457,1336
1456,1334
1455,1333
1455,1331
1454,1329
1453,1328
1453,1326
1452,1325
1452,1324
1451,1322
1451,1321
1450,1319
1450,1317
1449,1315
1449,1313
1448,1311
1448,1309
1447,1307
1447,1305
1446,1303
1446,1301
1445,1299
1445,1297
1444,1295
1444,1293
1443,1291
1443,1289
1443,1287
1442,1285
1442,1283
1442,1281
1441,1279
1441,1277
1441,1275
1441,1273
1441,1271
1441,1269
1442,1266
1442,1264
1442,1262
1443,1260
1444,1257
1444,1255
1445,1253
1446,1250
1447,1247
1448,1245
1449,1242
1450,1239
1452,1236
1453,1233
1454,1231
1455,1228
1457,1225
1458,1222
1459,1219
1461,1217
1462,1214
1463,1212
1465,1210
1466,1208
1467,1206
1468,1204
1470,1203
1471,1202
1472,1201
1473,1200
1474,1199
1475,1198
1477,1198
1478,1197
1479,1197
1480,1197
1481,1196
1482,1196
1483,1195
1484,1195
1484,1194
1485,1193
1486,1193
1487,1192
1488,1191
1489,1190
1490,1189
1491,1187
1492,1186
1493,1185
1494,1183
1494,1182
1495,1180
1496,1179
1497,1177
1497,1175
1498,1173
1498,1171
1499,1169
1499,1167
1499,1165
1499,1163
1500,1160
1500,1158
1500,1156
1500,1153
1500,1151
1500,1148
1500,1146
1500,1144
1499,1142
1499,1140
1499,1138
1499,1136
1499,1134
1498,1132
1498,1130
1498,1128
1498,1126
1497,1124
1497,1122
1497,1120
1497,1118
1497,1116
1497,1114
1497,1112
1497,1111
1497,1109
1497,1107
1497,1105
1497,1103
1497,1102
1497,1100
1497,1098
1497,1095
1497,1093
1497,1090
1497,1088
1497,1085
1497,1082
1497,1078
1497,1075
1496,1071
1496,1067
1496,1064
1495,1060
1495,1056
1494,1052
1494,1049
1493,1045
1492,1042
1491,1039
1490,1035
1490,1032
1489,1030
1487,1027
1486,1024
1485,1022
1484,1020
1483,1018
1481,1017
1480,1015
1479,1014
1477,1014
1475,1013
1474,1013
1472,1014
1471,1014
1469,1015
1467,1017
1465,1019
1463,1021
1462,1023
1460,1026
1458,1029
1456,1032
1454,1035
1452,1038
1450,1041
1448,1045
1446,1048
1443,1051
1441,1054
1439,1057
1437,1060
1435,1063
1433,1065
1431,1068
1428,1070
1426,1072
1424,1074
1421,1076
1419,1078
1417,1080
1414,1081
1412,1083
1409,1084
1406,1085
1404,1087
1401,1088
1398,1089
1396,1090
1393,1091
1391,1092
1388,1094
1385,1095
1383,1096
1380,1097
1378,1098
1375,1099
1373,1100
1370,1100
1368,1101
1366,1101
1363,1101
1361,1100
1359,1100
1357,1099
1355,1098
1352,1097
1350,1096
1348,1094
1346,1093
1344,1091
1342,1089
1340,1088
1338,1086
1336,1085
1333,1083
1331,1082
1329,1081
1326,1080
1324,1079
1321,1079
1319,1079
1316,1080
1314,1080
1311,1081
1308,1082
1306,1084
1303,1085
1300,1087
1298,1089
1295,1091
1292,1093
1289,1095
1287,1097
1284,1099
1281,1101
1278,1103
1275,1104
1272,1106
1270,1108
1267,1109
1264,1110
1261,1112
1258,1113
1255,1114
1253,1115
1250,1116
1247,1116
1244,1117
1241,1118
1239,1119
1236,1119
1233,1120
1231,1121
1228,1122
1226,1122
1223,1123
1221,1123
1218,1124
1216,1124
1214,1125
1211,1125
1209,1126
1207,1126
1204,1126
1202,1127
1200,1127
1197,1127
1195,1127
1193,1127
1191,1128
1189,1128
1187,1128
1184,1128
1182,1128
1180,1128
1178,1128
1177,1128
1175,1128
1173,1128
1172,1128
1170,1128
1169,1128
1168,1128
1167,1128
1166,1128
1165,1128
1164,1128
1164,1127
1163,1127
1163,1127
1163,1127
1164,1127
1164,1126
1165,1126
1165,1126
1166,1126
1167,1126
1169,1126
1170,1126
1172,1126
1173,1126
1175,1126
1177,1125
1179,1125
1181,1125
1183,1125
1185,1125
1187,1124
1190,1124
1192,1124
1194,1124
1197,1123
1199,1123
1202,1123
1204,1122
1207,1122
1210,1122
1212,1122
1215,1122
1218,1122
1221,1122
1223,1122
1226,1122
1229,1123
1233,1123
1236,1124
1239,1125
1242,1126
1245,1128
1249,1129
1252,1130
1256,1132
1259,1134
1262,1135
1266,1137
1269,1139
1273,1141
1276,1143
1279,1145
1282,1146
1285,1148
1288,1150
1291,1151
1294,1152
1297,1154
1299,1155
1302,1156
1304,1156
1306,1157
1308,1158
1310,1158
1312,1158
1314,1159
1316,1159
1317,1159
1319,1159
1321,1159
1323,1159
1325,1159
1327,1159
1329,1159
1331,1160
1333,1160
1335,1160
1337,1160
1339,1160
1341,1160
1344,1161
1346,1161
1348,1161
1351,1161
1353,1161
1356,1161
1358,1160
1361,1160
1363,1160
1366,1159
1368,1159
1370,1158
1373,1158
1375,1158
1377,1157
1380,1157
1382,1156
1384,1156
1387,1156
1389,1155
1391,1155
1394,1155
1396,1154
1398,1154
1401,1155
1403,1155
1405,1155
1407,1156
1410,1157
1412,1158
1414,1159
1417,1160
1419,1161
1421,1162
1424,1164
1426,1166
1428,1167
1430,1169
1432,1171
1434,1172
1435,1173
1437,1175
1439,1175
1440,1176
1442,1177
1443,1177
1444,1177
1446,1177
1447,1177
1448,1176
1449,1176
1449,1175
1450,1175
1451,1174
1451,1174
1451,1173
1452,1173
1452,1173
1452,1173
1452,1172
1452,1172
1452,1172
1452,1171
1452,1171
1451,1170
1451,1169
1450,1169
1450,1168
1449,1167
1449,1167
1448,1166
1447,1165
1446,1165
1446,1165
1445,1164
1444,1164
1443,1164
1443,1164
1442,1164
1441,1165
1441,1165
1440,1165
1440,1166
1439,1166
1438,1167
1438,1168
1437,1168
1437,1169
1436,1170
1435,1171
1435,1172
1434,1174
1433,1175
1432,1177
1431,1178
1430,1180
1428,1182
1427,1184
1426,1185
1424,1187
1422,1188
1421,1190
1419,1191
1417,1192
1415,1192
1413,1193
1411,1193
1409,1193
1407,1194
1405,1194
1403,1194
1402,1194
1400,1195
1398,1195
1397,1196
1396,1197
1394,1197
1393,1198
1392,1199
1391,1200
1391,1201
1390,1203
1389,1204
1388,1205
1387,1206
1387,1207
1386,1208
1385,1208
1385,1209
1384,1210
1383,1211
1382,1211
1381,1212
1380,1213
1379,1214
1378,1214
1377,1215
1376,1216
1375,1217
1373,1218
1372,1219
1371,1221
1370,1222
1369,1223
1368,1225
1367,1226
1366,1228
1365,1230
1364,1231
1364,1233
1363,1235
1363,1237
1363,1239
1363,1241
1363,1243
1363,1245
1363,1247
1363,1249
1363,1251
1363,1253
1364,1255
1364,1257
1364,1259
1365,1262
1365,1264
1366,1266
1366,1268
1366,1270
1367,1272
1367,1274
1368,1276
1368,1278
1369,1280
1369,1282
1369,1284
1370,1286
1370,1288
1370,1290
1371,1291
1371,1293
1371,1295
1371,1296
1372,1297
1372,1299
1372,1300
1372,1301
1373,1301
1373,1302
1373,1302
1373,1302
1373,1302
1373,1302
1374,1302
1374,1301
1374,1301
1374,1300
1374,1299
1374,1298
1374,1297
1374,1296
1374,1295
1374,1294
1374,1293
1374,1292
1374,1291
1374,1290
1374,1290
1374,1289
1374,1288
1374,1287
1374,1286
1374,1285
1374,1284
1374,1283
1374,1283
1374,1282
1374,1281
1374,1281
1374,1280
1374,1280
1374,1279
1374,1279
1374,1279
1374,1278
1374,1278
1374,1278
1374,1278
1374,1278
1374,1278
1374,1278
1374,1278
1374,1278
1374,1278
1374,1278
1374,1278
1374,1278
1374,1278
1374,1279
1374,1279
1374,1279
1374,1279
1374,1279
1374,1280
1374,1280
1374,1280
1374,1281
1374,1281
1374,1281
1374,1282
1374,1282
1374,1283
1374,1283
1374,1283
1374,1284
1374,1284
1374,1285
1374,1285
1374,1285
1374,1285
1374,1286
1374,1286
1374,1286
1374,1286
1374,1286
1374,1287
1374,1287
1374,1287
1374,1287
1374,1287
1374,1287
1374,1287
1374,1287
1374,1287
1374,1287
1374,1287
1374,1287
1374,1287
1374,1287
1374,1287
1374,1287
1374,1287
1374,1287
1374,1288
1374,1288
1374,1288
1374,1289
1374,1289
1374,1289
1374,1290
1374,1290
1374,1291
1374,1291
1374,1291
1374,1292
1374,1292
1374,1293
1374,1293
1374,1294
1374,1294
1374,1294
1374,1294
1374,1294
1374,1295
1374,1295
1374,1295
1374,1294
1374,1294
1374,1294
1374,1294
1374,1294
1374,1293
1374,1293
1374,1293
1374,1292
1374,1292
1374,1292
1374,1291
1374,1291
1374,1291
1374,1290
1374,1290
1374,1290
1374,1290
1374,1290
1374,1289
1374,1289
1374,1289
1374,1289
1374,1289
1374,1289
1374,1289
1374,1289
1374,1289
1374,1289
1374,1289
1374,1289
1374,1289
1374,1289
1374,1289
1374,1289
1374,1288
1374,1288
1374,1288
1374,1287
1374,1287
1374,1286
1374,1286
1374,1285
1374,1284
1374,1284
1374,1283
1374,1283
1374,1282
1374,1281
1374,1281
1374,1280
1374,1280
1374,1280
1374,1279
1374,1279
1374,1278
1374,1278
1374,1278
1374,1278
1374,1277
1374,1277
1374,1277
1374,1277
1374,1277
1374,1276
1374,1276
1374,1276
1374,1276
1374,1276
1374,1276
1374,1275
1374,1275
1374,1275
1374,1275
1374,1275
1374,1275
1374,1275
1374,1275
1374,1274
1374,1274
1374,1274
1375,1274
1374,1274
1374,1274
1374,1274
1374,1274
1374,1274
1374,1274
1374,1274
1374,1275
1374,1275
1374,1276
1374,1276
1373,1277
1373,1278
1373,1279
1372,1279
1372,1280
1371,1281
1370,1282
1370,1283
1369,1283
1368,1284
1367,1284
1365,1284
1364,1285
1363,1285
1361,1284
1360,1284
1358,1284
1356,1283
1355,1283
1353,1282
1351,1281
1349,1280
1348,1279
1346,1278
1344,1277
1342,1276
1340,1276
1338,1275
1336,1274
1334,1274
1332,1273
1330,1273
1328,1273
1327,1274
1325,1274
1323,1275
1321,1276
1319,1278
1317,1280
1315,1282
1313,1285
1311,1287
1308,1290
1306,1293
1304,1296
1302,1299
1299,1302
1297,1304
1294,1307
1291,1309
1289,1311
1286,1313
1283,1315
1280,1316
1276,1317
1273,1318
1270,1318
1266,1318
1263,1318
1259,1318
1255,1317
1252,1316
1248,1316
1244,1315
1240,1313
1236,1312
1232,1311
1228,1310
1224,1309
1220,1308
1216,1307
1212,1306
1208,1306
1204,1305
1200,1305
1196,1305
1192,1305
1188,1306
1184,1306
1181,1307
1177,1307
1173,1308
1170,1308
1166,1309
1163,1309
1159,1309
1156,1309
1152,1309
1149,1309
1145,1308
1141,1308
1138,1307
1134,1305
1130,1304
1127,1303
1123,1301
1119,1300
1116,1298
1112,1296
1108,1295
1105,1293
1101,1291
1097,1290
1094,1288
1090,1287
1087,1285
1083,1284
1080,1282
1076,1280
1073,1279
1069,1277
1066,1276
1062,1274
1059,1272
1056,1271
1053,1269
1050,1268
1047,1266
1043,1264
1040,1262
1037,1260
1034,1258
1031,1256
1028,1254
1025,1252
1021,1250
1018,1248
1015,1245
1012,1243
1009,1241
1005,1238
1002,1236
999,1234
996,1231
993,1229
989,1226
986,1224
983,1221
980,1219
977,1216
973,1213
970,1210
967,1207
963,1203
960,1199
957,1195
953,1191
949,1186
946,1181
942,1175
938,1170
935,1164
931,1158
927,1151
923,1145
919,1139
916,1132
912,1126
908,1119
905,1113
901,1107
898,1101
895,1096
891,1090
888,1085
885,1080
883,1076
880,1072
877,1068
875,1065
873,1062
871,1059
869,1057
867,1056
866,1055
864,1054
863,1053
861,1053
860,1053
859,1054
858,1054
857,1055
856,1055
855,1056
853,1057
852,1058
851,1059
849,1059
848,1060
846,1060
845,1061
843,1061
841,1061
839,1061
837,1061
835,1061
833,1061
831,1060
829,1060
826,1059
824,1058
822,1057
819,1056
817,1055
815,1054
813,1053
811,1052
809,1051
807,1051
806,1051
804,1051
803,1051
802,1052
801,1053
800,1054
800,1056
800,1059
800,1062
800,1065
801,1069
802,1073
803,1077
805,1082
806,1087
808,1091
809,1096
811,1101
813,1105
815,1109
816,1113
818,1117
819,1120
821,1122
822,1124
823,1125
824,1126
825,1127
826,1126
827,1126
827,1125
828,1123
828,1121
828,1118
828,1115
828,1112
827,1108
827,1105
827,1101
826,1097
826,1094
825,1090
825,1087
825,1084
824,1082
824,1080
824,1078
824,1077
824,1076
824,1076
824,1076
824,1077
824,1078
824,1080
825,1082
825,1084
825,1087
825,1090
825,1093
825,1097
826,1100
825,1104
825,1108
825,1112
825,1116
825,1120
825,1124
825,1128
825,1132
824,1137
824,1141
824,1145
824,1149
823,1153
823,1157
822,1161
822,1164
821,1167
820,1170
819,1173
819,1175
818,1177
816,1179
815,1181
814,1182
813,1184
811,1185
810,1186
808,1187
807,1187
805,1188
804,1189
803,1190
801,1191
800,1192
798,1192
797,1193
796,1195
795,1196
794,1197
793,1198
792,1200
791,1201
790,1203
789,1205
788,1207
788,1208
787,1210
786,1212
786,1214
785,1216
784,1218
783,1220
782,1221
782,1223
781,1224
780,1226
778,1227
777,1229
776,1230
775,1231
774,1232
772,1233
771,1234
770,1235
769,1237
767,1238
766,1239
765,1241
764,1243
763,1245
762,1247
761,1249
760,1251
759,1254
758,1257
758,1259
757,1262
756,1265
756,1268
755,1271
755,1274
754,1278
754,1281
753,1284
752,1287
752,1290
751,1294
751,1297
750,1300
750,1303
749,1306
749,1309
748,1312
748,1315
748,1318
747,1321
747,1324
746,1327
746,1330
746,1333
746,1336
746,1339
745,1342
745,1345
745,1348
746,1351
746,1355
746,1358
746,1361
746,1364
746,1367
746,1370
746,1373
747,1376
747,1378
747,1380
747,1383
747,1385
746,1387
746,1388
746,1390
746,1391
746,1393
746,1394
746,1395
745,1395
745,1396
745,1396
745,1397
744,1397
744,1397
744,1398
744,1398
744,1398
744,1398
745,1398
745,1398
745,1398
746,1398
746,1397
747,1397
748,1397
748,1397
749,1397
750,1397
751,1396
752,1396
752,1395
753,1394
754,1393
755,1392
756,1391
757,1389
757,1388
758,1386
759,1384
760,1382
760,1381
761,1379
762,1377
763,1376
763,1374
764,1373
765,1372
766,1371
767,1371
768,1370
770,1370
771,1370
772,1370
774,1371
776,1372
777,1373
779,1375
781,1376
783,1379
786,1381
788,1384
790,1387
793,1390
795,1393
798,1396
800,1400
803,1403
805,1407
808,1410
810,1414
812,1418
815,1421
817,1424
819,1427
820,1429
822,1431
824,1433
825,1434
826,1435
827,1435
828,1435
828,1434
829,1433
829,1432
829,1429
829,1427
828,1424
828,1420
827,1416
826,1412
825,1407
824,1403
823,1398
822,1392
821,1387
820,1382
819,1377
818,1372
816,1367
815,1362
814,1357
813,1352
812,1347
811,1343
810,1338
809,1334
807,1330
806,1326
806,1322
805,1318
804,1315
803,1311
802,1308
802,1305
801,1303
801,1300
800,1298
800,1295
800,1293
800,1291
800,1290
800,1288
800,1287
800,1285
800,1284
800,1283
801,1283
801,1282
801,1281
802,1281
802,1281
803,1281
804,1281
805,1281
805,1282
806,1283
807,1284
809,1285
810,1286
811,1288
812,1289
814,1291
815,1293
817,1296
818,1298
820,1301
822,1303
824,1306
825,1309
827,1312
829,1315
831,1318
833,1321
834,1324
836,1328
838,1331
840,1334
841,1337
843,1340
844,1343
846,1346
847,1349
848,1351
850,1353
851,1355
852,1357
853,1359
853,1361
854,1363
855,1364
856,1366
857,1367
857,1369
858,1370
859,1372
860,1374
861,1375
861,1377
862,1379
863,1381
864,1383
865,1385
866,1387
867,1389
868,1391
870,1392
871,1394
872,1396
873,1397
873,1399
874,1400
875,1401
876,1402
877,1403
877,1404
878,1404
878,1405
879,1405
879,1406
880,1406
880,1406
881,1406
881,1407
882,1407
882,1407
883,1408
883,1408
884,1409
884,1409
885,1410
885,1411
886,1412
886,1412
887,1413
887,1414
887,1414
888,1414
888,1414
888,1414
888,1414
887,1414
887,1413
886,1412
886,1411
885,1409
884,1408
883,1406
882,1404
881,1403
880,1401
878,1399
877,1397
876,1396
875,1394
873,1393
872,1391
871,1389
869,1388
868,1387
867,1385
865,1384
864,1383
862,1382
861,1381
860,1380
859,1379
857,1378
856,1377
855,1376
854,1375
852,1375
851,1374
850,1373
849,1373
848,1372
847,1372
846,1372
846,1371
845,1371
844,1371
844,1371
843,1371
842,1371
842,1371
842,1371
842,1371
841,1371
841,1372
841,1372
841,1373
841,1374
842,1374
842,1375
842,1376
842,1376
841,1377
841,1377
841,1378
840,1378
839,1378
838,1377
837,1377
835,1376
833,1375
831,1374
829,1372
827,1371
824,1369
822,1368
819,1366
816,1364
813,1363
810,1361
807,1359
804,1358
800,1356
797,1355
794,1354
791,1352
788,1351
785,1350
782,1349
779,1347
776,1346
773,1346
771,1345
768,1344
766,1344
763,1343
761,1343
759,1343
757,1343
755,1342
753,1342
751,1342
749,1341
746,1341
744,1340
742,1339
739,1339
737,1338
734,1337
731,1335
728,1334
726,1333
723,1331
720,1330
716,1328
713,1327
710,1325
707,1323
704,1321
701,1319
698,1318
696,1316
693,1314
690,1312
688,1310
686,1309
684,1307
682,1306
681,1304
679,1303
678,1302
677,1301
677,1300
676,1300
676,1299
676,1298
676,1298
676,1297
676,1296
676,1295
677,1294
677,1292
677,1291
677,1289
677,1287
677,1285
677,1282
677,1280
677,1277
677,1274
677,1271
677,1268
677,1265
677,1261
677,1258
676,1254
676,1250
677,1247
677,1243
677,1240
677,1236
678,1233
678,1229
679,1226
680,1223
681,1220
682,1218
684,1215
685,1212
687,1209
689,1206
691,1203
693,1200
695,1197
697,1193
699,1189
701,1185
704,1180
706,1176
708,1171
711,1166
714,1160
716,1155
719,1150
722,1144
725,1139
728,1134
731,1128
734,1123
737,1118
740,1113
744,1108
747,1103
750,1098
753,1093
756,1088
760,1084
763,1079
766,1074
769,1069
772,1065
775,1060
778,1055
781,1051
784,1046
787,1042
790,1037
793,1033
796,1028
799,1023
802,1019
805,1014
809,1010
812,1005
815,1001
819,997
823,992
826,989
830,985
834,981
839,978
843,975
848,972
852,970
857,967
862,965
867,963
873,961
878,959
883,957
888,954
893,952
899,950
904,948
909,945
914,942
918,940
923,936
928,933
932,930
936,926
941,923
945,919
949,915
953,910
957,906
961,902
965,898
969,893
973,889
977,885
981,881
984,877
988,873
992,869
996,865
1000,862
1004,858
1008,855
1013,852
1017,849
1021,846
1026,843
1030,841
1035,838
1039,836
1044,834
1049,832
1054,830
1059,829
1064,827
1069,826
1074,825
1079,824
1084,824
1089,823
1094,823
1099,823
1104,823
1109,823
1114,824
1118,825
1123,825
1128,826
1133,827
1138,828
1142,829
1147,831
1152,832
1156,833
1161,835
1165,836
1170,838
1174,840
1178,842
1182,844
1186,846
1190,849
1194,851
1198,854
1202,856
1205,859
1209,862
1213,865
1216,869
1220,872
1223,875
1226,879
1230,882
1233,886
1236,890
1240,894
1243,898
1246,901
1249,905
1253,909
1256,913
1259,917
1262,921
1265,925
1268,929
1271,933
1274,937
1277,941
1279,945
1282,949
1285,953
1287,957
1290,961
1292,965
1295,969
1297,973
1299,977
1301,981
1303,986
1305,990
1307,994
1309,998
1310,1002
1312,1006
1314,1010
1315,1014
1317,1017
1318,1021
1319,1024
1321,1027
1322,1030
1323,1033
1324,1036
1325,1038
1326,1041
1328,1043
1329,1046
1330,1048
1331,1050
1331,1052
1332,1054
1333,1056
1334,1058
1335,1059
1335,1061
1336,1063
1337,1064
1337,1066
1338,1068
1338,1070
1339,1072
1339,1073
1340,1075
1340,1077
1340,1079
1340,1080
1341,1082
1341,1084
1341,1085
1341,1087
1341,1088
1341,1089
1341,1090
1341,1091
1341,1092
1341,1093
1341,1094
1341,1096
1341,1097
1341,1098
1341,1099
1341,1101
1341,1102
1341,1104
1341,1105
1341,1107
1342,1108
1342,1110
1342,1112
1342,1114
1342,1116
1342,1118
1343,1120
1343,1122
1343,1124
1343,1126
1344,1129
1344,1132
1345,1135
1345,1137
1346,1140
1347,1143
1347,1146
1348,1148
1349,1151
1350,1153
1351,1155
1353,1156
1354,1158
1355,1159
1357,1161
1358,1162
1360,1163
1361,1164
1363,1165
1365,1166
1367,1168
1369,1169
1371,1171
1373,1172
1375,1174
1377,1176
1379,1178
1382,1179
1384,1181
1386,1182
1389,1183
1391,1184
1393,1185
1396,1185
1398,1186
1401,1186
1403,1185
1406,1185
1409,1184
1411,1184
1414,1183
1417,1182
1419,1180
1422,1179
1425,1177
1428,1175
1431,1173
1434,1170
1437,1167
1440,1164
1443,1161
1446,1158
1449,1155
1453,1151
1456,1148
1459,1144
1463,1140
1466,1137
1470,1133
1473,1130
1477,1126
1480,1123
1484,1120
1488,1116
1491,1113
1495,1110
1498,1107
1502,1105
1506,1102
1509,1099
1513,1097
1516,1094
1520,1092
1523,1090
1527,1088
1530,1086
1534,1085
1537,1084
1540,1084
1543,1084
1546,1084
1549,1085
1552,1086
1555,1088
1558,1090
1561,1092
1563,1094
1566,1096
1569,1099
1572,1101
1574,1103
1577,1105
1580,1106
1583,1108
1585,1109
1588,1109
1591,1109
1594,1108
1597,1107
1599,1105
1602,1102
1605,1098
1608,1094
1611,1090
1614,1084
1617,1079
1620,1072
1623,1066
1626,1059
1629,1051
1631,1043
1634,1036
1637,1028
1640,1020
1643,1012
1646,1004
1649,996
1651,988
1654,981
1656,974
1659,967
1661,961
1664,955
1666,949
1668,944
1670,940
1672,935
1674,931
1675,928
1677,925
1679,922
1680,919
1682,917
1683,915
1685,914
1686,912
1687,911
1688,910
1689,910
1691,909
1691,909
1692,909
1693,909
1694,909
1695,909
1696,909
1697,909
1697,909
1698,908
1699,908
1700,907
1700,906
1701,904
1702,903
1702,901
1703,899
1704,897
1704,894
1705,892
1705,889
1705,886
1706,884
1706,881
1706,878
1706,875
1706,872
1706,869
1705,866
1705,863
1705,860
1704,857
1704,854
1703,852
1702,849
1702,847
1701,845
1700,843
1699,842
1698,840
1697,839
1696,838
1695,838
1693,837
1692,836
1691,836
1689,835
1688,835
1686,835
1685,834
1683,834
1681,833
1680,832
1678,832
1676,831
1675,831
1673,830
1671,830
1669,829
1667,829
1665,828
1663,828
1661,828
1659,828
1657,827
1655,827
1653,826
1652,825
1650,824
1648,823
1646,822
1645,820
1643,818
1641,816
1640,814
1638,811
1637,809
1636,806
1634,803
1633,800
1632,797
1631,793
1630,790
1628,788
1627,785
1626,782
1625,779
1624,776
1623,774
1621,772
1620,770
1619,769
1618,767
1616,766
1615,765
1614,764
1612,763
1611,763
1610,762
1608,762
1607,761
1605,761
1604,761
1602,761
1601,761
1600,760
1598,760
1597,760
1595,759
1594,758
1593,756
1592,755
1590,753
1589,751
1588,749
1587,746
1586,744
1585,741
1584,739
1582,736
1581,734
1580,731
1579,729
1578,727
1576,725
1575,723
1574,721
1573,720
1571,719
1570,718
1569,718
1567,717
1566,717
1564,718
1563,718
1561,719
1560,720
1558,721
1557,723
1555,724
1554,726
1552,728
1551,731
1549,734
1548,737
1546,740
1545,744
1544,748
1543,752
1542,756
1541,760
1540,765
1539,769
1538,774
1538,778
1537,783
1537,787
1536,792
1536,797
1536,801
1536,806
1536,811
1537,816
1537,820
1538,824
1538,828
1539,832
1540,836
1540,839
1541,842
1542,845
1544,848
1545,850
1546,852
1548,853
1549,855
1551,856
1552,856
1554,856
1556,856
1557,856
1559,856
1561,855
1563,854
1565,853
1567,852
1569,851
1571,850
1573,849
1575,848
1577,848
1580,847
1582,846
1584,846
1587,845
1589,845
1592,845
1594,845
1597,845
1600,846
1602,846
1605,847
1608,848
1610,849
1613,850
1616,851
1619,853
1621,854
1624,856
1627,857
1629,859
1632,861
1635,863
1637,865
1640,867
1643,870
1646,872
1648,875
1651,878
1654,881
1656,885
1659,889
1662,893
1664,898
1667,903
1669,908
1672,914
1675,920
1677,926
1679,933
1682,941
1684,948
1687,955
1689,963
1691,970
1694,977
1697,983
1700,989
1703,995
1706,1000
1709,1004
1713,1008
1716,1011
1720,1013
1724,1015
1729,1016
1733,1017
1737,1016
1742,1016
1747,1014
1752,1012
1757,1010
1762,1007
1767,1003
1773,1000
1779,996
1784,992
1790,988
1796,984
1802,980
1807,976
1813,972
1819,969
1825,966
1830,964
1836,962
1842,960
1847,959
1853,957
1858,957
1863,956
1869,956
1874,956
1879,956
1884,956
1889,957
1894,957
1899,957
1904,957
1909,957
1915,957
1920,957
1925,956
1930,956
1935,955
1941,955
1946,955
1951,955
1956,955
1961,955
1965,955
1970,955
1975,955
1980,955
1985,955
1990,955
1995,955
2000,955
2005,955
2009,955
2014,955
2019,955
2024,955
2029,955
2034,956
2039,956
2043,956
2048,956
2053,957
2057,957
2062,958
2067,958
2071,959
2075,960
2079,961
2083,962
2087,963
2091,964
2095,966
2098,968
2102,970
2105,972
2108,974
2111,977
2113,979
2116,982
2119,985
2121,988
2123,991
2125,994
2127,998
2128,1001
2130,1005
2131,1008
2132,1012
2134,1016
2135,1020
2135,1023
2136,1027
2137,1031
2137,1035
2138,1038
2138,1042
2139,1046
2139,1049
2139,1053
2139,1056
2140,1059
2140,1063
2140,1066
2140,1069
2140,1072
2139,1075
2139,1078
2139,1081
2139,1084
2139,1087
2138,1090
2138,1092
2138,1095
2137,1097
2137,1100
2137,1102
2137,1104
2136,1106
2136,1109
2136,1111
2136,1113
2135,1115
2135,1117
2134,1119
2134,1121
2133,1123
2133,1125
2132,1128
2131,1130
2131,1132
2130,1135
2129,1137
2128,1139
2127,1142
2126,1144
2125,1147
2124,1149
2123,1152
2122,1154
2120,1157
2119,1159
2118,1162
2117,1165
2115,1167
2114,1170
2113,1172
2111,1175
2110,1178
2108,1180
2107,1183
2105,1185
2104,1187
2103,1190
2101,1192
2100,1195
2098,1197
2097,1199
2095,1202
2094,1204
2092,1206
2091,1209
2089,1211
2087,1213
2086,1215
2084,1217
2083,1219
2082,1221
2080,1223
2079,1225
2077,1227
2076,1229
2074,1231
2073,1232
2072,1234
2070,1236
2069,1237
2068,1239
2066,1241
2065,1242
2064,1244
2063,1245
2062,1246
2060,1248
2059,1249
2058,1251
2057,1252
2056,1253
2055,1255
2054,1256
2053,1257
2052,1259
2050,1260
2049,1262
2048,1263
2047,1264
2046,1266
2045,1267
2044,1268
2043,1270
2042,1271
2041,1273
2040,1274
2039,1275
2038,1277
2037,1278
2036,1279
2035,1281
2034,1282
2033,1284
2032,1286
2030,1288
2029,1289
2028,1292
2026,1294
2025,1296
2023,1298
2022,1301
2020,1304
2018,1306
2016,1309
2014,1312
2012,1315
2010,1318
2008,1321
2006,1324
2004,1327
2001,1330
1999,1334
1996,1337
1994,1340
1991,1343
1989,1347
1986,1350
1983,1353
1981,1356
1978,1359
1975,1362
1972,1366
1970,1369
1967,1372
1964,1374
1961,1377
1958,1380
1955,1383
1952,1385
1949,1388
1946,1390
1943,1393
1940,1395
1938,1397
1935,1399
1932,1401
1929,1403
1926,1405
1923,1407
1920,1408
1918,1409
1915,1411
1912,1412
1909,1413
1907,1413
1904,1414
1901,1415
1899,1415
1896,1416
1894,1416
1891,1416
1889,1416
1886,1416
1884,1416
1881,1416
1879,1416
1877,1415
1874,1415
1872,1415
1870,1414
1868,1413
1866,1413
1864,1412
1862,1411
1861,1409
1859,1408
1857,1407
1856,1405
1855,1403
1853,1401
1852,1399
1850,1397
1849,1395
1848,1392
1846,1390
1845,1388
1843,1386
1841,1383
1840,1381
1838,1379
1836,1377
1834,1375
1831,1373
1829,1372
1827,1370
1824,1369
1821,1367
1819,1366
1816,1365
1813,1364
1810,1364
1807,1363
1804,1363
1801,1362
1798,1362
1795,1362
1793,1362
1790,1362
1787,1362
1784,1362
1782,1362
1779,1362
1777,1362
1774,1362
1772,1362
1770,1362
1768,1362
1766,1361
1764,1361
1762,1360
1761,1360
1759,1359
1758,1358
1756,1357
1754,1356
1753,1355
1751,1354
1750,1353
1748,1352
1747,1350
1746,1349
1744,1347
1743,1346
1741,1344
1740,1343
1739,1341
1737,1340
1736,1338
1735,1337
1733,1335
1732,1334
1731,1333
1729,1332
1728,1331
1727,1330
1725,1329
1724,1329
1722,1328
1721,1328
1720,1328
1718,1328
1717,1327
1716,1327
1715,1327
1713,1327
1712,1327
1711,1327
1710,1327
1710,1326
1709,1326
1708,1326
1707,1325
1707,1325
1706,1324
1706,1323
1705,1322
1705,1321
1705,1319
1705,1318
1704,1316
1704,1314
1704,1312
1704,1309
1703,1307
1703,1304
1703,1301
1703,1298
1702,1295
1702,1292
1702,1289
1701,1286
1701,1283
1700,1279
1699,1276
1699,1273
1698,1271
1697,1268
1696,1266
1695,1264
1694,1262
1693,1260
1692,1259
1691,1258
1690,1257
1689,1256
1687,1255
1686,1254
1685,1254
1684,1253
1682,1253
1681,1252
1680,1252
1678,1251
1677,1250
1675,1250
1674,1249
1672,1248
1671,1248
1669,1247
1667,1245
1666,1244
1664,1242
1662,1240
1660,1238
1658,1236
1657,1233
1655,1230
1653,1228
1651,1225
1649,1222
1647,1219
1645,1215
1642,1212
1640,1209
1638,1206
1636,1204
1633,1201
1631,1199
1629,1197
1626,1195
1624,1194
1621,1192
1618,1191
1616,1190
1613,1189
1610,1188
1608,1188
1605,1187
1602,1187
1600,1186
1597,1186
1594,1186
1591,1186
1588,1186
1586,1186
1583,1186
1580,1186
1577,1186
1574,1186
1571,1186
1568,1187
1565,1187
1562,1187
1559,1187
1557,1187
1554,1186
1551,1186
1548,1185
1545,1185
1542,1184
1539,1183
1536,1183
1533,1182
1530,1181
1527,1180
1524,1180
1521,1179
1518,1179
1515,1178
1512,1178
1509,1178
1506,1178
1503,1179
1500,1180
1497,1180
1494,1182
1491,1183
1488,1185
1485,1187
1482,1190
1479,1193
1476,1196
1473,1200
1470,1204
1468,1208
1465,1212
1463,1216
1460,1220
1458,1225
1455,1229
1453,1233
1451,1236
1449,1240
1447,1243
1445,1246
1444,1249
1442,1251
1441,1253
1439,1254
1438,1256
1436,1256
1435,1257
1434,1257
1433,1257
1432,1256
1430,1256
1429,1255
1428,1254
1427,1253
1426,1252
1425,1251
1424,1251
1423,1250
1422,1249
1421,1248
1420,1247
1419,1247
1417,1247
1416,1246
1415,1246
1414,1247
1412,1247
1411,1248
1410,1249
1409,1250
1407,1251
1406,1253
1405,1254
1404,1255
1403,1257
1402,1258
1401,1259
1400,1260
1399,1261
1398,1262
1397,1262
1396,1263
1394,1263
1393,1263
1392,1263
1391,1262
1390,1261
1389,1260
1388,1259
1387,1257
1386,1255
1385,1252
1384,1250
1382,1247
1381,1244
1380,1241
1379,1237
1378,1234
1376,1230
1375,1226
1374,1222
1373,1218
1371,1214
1370,1210
1369,1207
1368,1203
1367,1201
1365,1198
1364,1196
1363,1195
1362,1194
1361,1193
1360,1193
1360,1194
1359,1196
1358,1197
1358,1199
1357,1202
1357,1204
1356,1206
1356,1209
1355,1211
1355,1213
1354,1215
1354,1216
1353,1217
1353,1218
1352,1219
1352,1219
1351,1218
1351,1217
1350,1216
1350,1213
1349,1211
1348,1208
1347,1204
1347,1201
1346,1196
1345,1192
1344,1188
1343,1183
1342,1178
1341,1173
1341,1168
1340,1163
1339,1158
1338,1153
1337,1148
1336,1144
1335,1140
1334,1136
1333,1132
1332,1129
1331,1125
1330,1123
1329,1120
1328,1118
1327,1116
1326,1114
1325,1112
1324,1111
1323,1109
1322,1108
1321,1107
1319,1105
1318,1104
1317,1103
1316,1102
1315,1101
1314,1100
1313,1099
1312,1098
1311,1097
1309,1096
1308,1094
1307,1093
1306,1092
1305,1091
1304,1089
1303,1088
1301,1086
1300,1084
1299,1083
1298,1081
1297,1079
1296,1077
1294,1074
1293,1072
1292,1070
1291,1068
1290,1066
1289,1064
1288,1063
1287,1061
1285,1060
1284,1058
1283,1057
1282,1056
1281,1055
1279,1055
1278,1054
1277,1053
1275,1052
1274,1052
1272,1051
1271,1050
1269,1049
1267,1048
1265,1046
1264,1045
1262,1043
1260,1041
1258,1039
1256,1036
1254,1034
1252,1031
1250,1028
1249,1025
1247,1021
1245,1018
1243,1015
1241,1011
1239,1008
1237,1004
1235,1001
1233,998
1231,995
1230,993
1228,991
1226,988
1225,987
1223,985
1222,984
1220,984
1219,983
1217,983
1216,984
1214,984
1213,985
1211,986
1210,987
1208,988
1206,989
1205,991
1203,992
1201,994
1199,996
1197,998
1195,1001
1193,1003
1191,1005
1189,1008
1187,1010
1185,1012
1183,1014
1181,1017
1179,1019
1178,1021
1176,1023
1174,1024
1172,1026
1170,1027
1168,1028
1166,1029
1165,1030
1163,1031
1161,1032
1160,1033
1158,1034
1157,1034
1156,1035
1154,1036
1153,1037
1151,1038
1150,1038
1149,1039
1147,1040
1146,1040
1144,1041
1142,1041
1141,1042
1139,1042
1137,1042
1134,1042
1132,1042
1129,1041
1127,1041
1124,1041
1121,1040
1118,1039
1115,1038
1112,1037
1108,1036
1105,1035
1101,1034
1098,1032
1094,1030
1090,1028
1086,1026
1082,1024
1078,1022
1073,1020
1069,1019
1065,1017
1061,1016
1057,1015
1053,1014
1049,1013
1045,1013
1041,1013
1037,1013
1033,1013
1029,1014
1025,1015
1021,1015
1017,1016
1013,1017
1009,1018
1005,1019
1001,1020
997,1021
993,1022
989,1024
985,1025
982,1026
978,1027
975,1028
971,1029
968,1031
965,1032
961,1033
958,1034
955,1036
952,1037
949,1038
946,1039
943,1040
940,1041
936,1042
933,1044
930,1044
926,1045
923,1046
919,1047
916,1048
912,1049
909,1050
905,1050
902,1051
899,1052
896,1052
893,1053
891,1053
888,1054
886,1054
885,1054
883,1054
882,1055
882,1055
882,1055
